Source,Location ID,City,State,Country,Latitude,Longitude,Time Zone,Elevation,Local Time Zone,Clearsky DHI Units,Clearsky DNI Units,Clearsky GHI Units,Dew Point Units,DHI Units,DNI Units,GHI Units,Solar Zenith Angle Units,Temperature Units,Pressure Units,Relative Humidity Units,Precipitable Water Units,Wind Direction Units,Wind Speed,Cloud Type -15,Cloud Type 0,Cloud Type 1,Cloud Type 2,Cloud Type 3,Cloud Type 4,Cloud Type 5,Cloud Type 6,Cloud Type 7,Cloud Type 8,Cloud Type 9,Cloud Type 10,Cloud Type 11,Cloud Type 12,Fill Flag 0,Fill Flag 1,Fill Flag 2,Fill Flag 3,Fill Flag 4,Fill Flag 5,Surface Albedo Units,Version
NSRDB,1242637,-,-,-,4.61,-74.06,-5,2856,-5,w/m2,w/m2,w/m2,c,w/m2,w/m2,w/m2,Degree,c,mbar,%,cm,Degrees,m/s,N/A,Clear,Probably Clear,Fog,Water,Super-Cooled Water,Mixed,Opaque Ice,Cirrus,Overlapping,Overshooting,Unknown,Dust,Smoke,N/A,Missing Image,Low Irradiance,Exceeds Clearsky,Missing CLoud Properties,Rayleigh Violation,N/A,3.0.6
Year,Month,Day,Hour,Minute,DHI,DNI,GHI,Clearsky DHI,Clearsky DNI,Clearsky GHI,Dew Point,Solar Zenith Angle,Surface Albedo,Wind Speed,Precipitable Water,Wind Direction,Relative Humidity,Temperature,Pressure,
2017,1,1,0,30,0,0,0,0,0,0,12,160.23,0.1,0.7000000000000001,2.222,84.2,95.71000000000001,8,740,N/A
2017,1,1,1,30,0,0,0,0,0,0,12,151.51,0.1,0.8,2.1630000000000003,84.5,93.84,8,740,N/A
2017,1,1,2,30,0,0,0,0,0,0,11,139.37,0.1,0.9,2.11,85.5,98.53,8,740,N/A
2017,1,1,3,30,0,0,0,0,0,0,11,126.12,0.1,0.9,2.074,85.4,96.81,8,740,N/A
2017,1,1,4,30,0,0,0,0,0,0,11,112.46000000000001,0.1,0.9,2.06,87.2,95.2,8,740,N/A
2017,1,1,5,30,0,0,0,0,0,0,11,98.66,0.1,1.2000000000000002,2.063,92.10000000000001,94.52,8,740,N/A
2017,1,1,6,30,23,473,65,23,473,65,11,84.9,0.1,1.9000000000000001,2.071,97.4,87.72,10,740,N/A
2017,1,1,7,30,45,824,309,45,824,309,13,71.32000000000001,0.1,2.5,2.083,99.10000000000001,79.04,12,740,N/A
2017,1,1,8,30,262,166,350,56,945,555,13,58.15,0.1,3,2.101,96.30000000000001,74.4,14,740,N/A
2017,1,1,9,30,361,96,429,63,1003,762,13,45.81,0.1,3.1,2.122,96.2,69.15,15,740,N/A
2017,1,1,10,30,440,93,516,74,1024,910,13,35.24,0.1,3.2,2.141,97,65.07000000000001,16,740,N/A
2017,1,1,11,30,364,27,388,76,1037,988,13,28.51,0.1,3.2,2.158,97.5,61.71,17,740,N/A
2017,1,1,12,30,76,1038,988,76,1038,988,13,28.5,0.1,3.1,2.182,97.5,61.980000000000004,17,740,N/A
2017,1,1,13,30,460,188,613,91,994,903,13,35.230000000000004,0.1,3,2.211,96.7,62.42,17,740,N/A
2017,1,1,14,30,249,19,263,84,958,753,13,45.800000000000004,0.1,2.7,2.241,96.5,66.53,16,740,N/A
2017,1,1,15,30,74,891,545,74,891,545,13,58.14,0.1,2.4000000000000004,2.2680000000000002,96.4,71.3,15,740,N/A
2017,1,1,16,30,59,748,299,59,748,299,13,71.31,0.1,1.7000000000000002,2.2880000000000003,95.9,77.39,14,740,N/A
2017,1,1,17,30,28,359,60,28,359,60,14,84.89,0.1,1.1,2.2960000000000003,95.9,85.86,12,740,N/A
2017,1,1,18,30,0,0,0,0,0,0,14,98.65,0.1,0.8,2.295,95.2,90.77,12,740,N/A
2017,1,1,19,30,0,0,0,0,0,0,14,112.46000000000001,0.1,0.8,2.283,95.4,95,11,740,N/A
2017,1,1,20,30,0,0,0,0,0,0,14,126.13000000000001,0.1,0.8,2.261,97.30000000000001,93.86,10,740,N/A
2017,1,1,21,30,0,0,0,0,0,0,13,139.39000000000001,0.1,0.9,2.227,100.9,98.14,10,740,N/A
2017,1,1,22,30,0,0,0,0,0,0,13,151.55,0.1,1,2.179,105.5,96.05,10,740,N/A
2017,1,1,23,30,0,0,0,0,0,0,13,160.3,0.1,1.1,2.121,107.80000000000001,94.21000000000001,9,740,N/A
2017,1,2,0,30,0,0,0,0,0,0,12,160.35,0.1,1.2000000000000002,2.062,106.2,98.86,9,740,N/A
2017,1,2,1,30,0,0,0,0,0,0,12,151.64000000000001,0.1,1.1,2.005,103.2,96.88,9,740,N/A
2017,1,2,2,30,0,0,0,0,0,0,12,139.5,0.1,1.1,1.945,98.60000000000001,94.71000000000001,8,740,N/A
2017,1,2,3,30,0,0,0,0,0,0,11,126.24000000000001,0.1,1,1.8800000000000001,94.30000000000001,97.98,8,740,N/A
2017,1,2,4,30,0,0,0,0,0,0,11,112.57000000000001,0.1,0.8,1.815,90.2,95.09,8,740,N/A
2017,1,2,5,30,0,0,0,0,0,0,10,98.77,0.1,1,1.758,88.9,92.89,8,740,N/A
2017,1,2,6,30,24,451,63,24,451,63,11,84.99,0.1,1.7000000000000002,1.72,92,84.06,9,740,N/A
2017,1,2,7,30,49,816,309,49,816,309,11,71.41,0.1,2.3000000000000003,1.701,88.30000000000001,75.87,12,740,N/A
2017,1,2,8,30,62,942,558,62,942,558,11,58.22,0.1,2.5,1.694,87.4,65.43,14,740,N/A
2017,1,2,9,30,70,1003,769,70,1003,769,11,45.86,0.1,2.6,1.696,87.9,62.17,15,740,N/A
2017,1,2,10,30,80,1027,919,80,1027,919,12,35.24,0.1,2.6,1.709,89.4,56.5,16,740,N/A
2017,1,2,11,30,486,99,573,81,1042,998,12,28.45,0.1,2.7,1.742,93,54.54,17,740,N/A
2017,1,2,12,30,497,387,837,81,1041,997,12,28.38,0.1,2.8000000000000003,1.795,96.2,55.550000000000004,18,740,N/A
2017,1,2,13,30,79,1024,918,79,1024,918,12,35.09,0.1,2.7,1.847,97.80000000000001,59.33,17,740,N/A
2017,1,2,14,30,369,260,551,76,986,766,12,45.660000000000004,0.1,2.5,1.8860000000000001,99,59,16,740,N/A
2017,1,2,15,30,118,793,538,69,917,555,12,58,0.1,2.2,1.9040000000000001,99.5,62.88,15,740,N/A
2017,1,2,16,30,56,780,308,56,780,308,13,71.18,0.1,1.5,1.895,97.2,72.67,14,740,N/A
2017,1,2,17,30,28,399,64,28,399,64,13,84.77,0.1,0.8,1.865,92,81.93,12,740,N/A
2017,1,2,18,30,0,0,0,0,0,0,13,98.55,0.1,0.5,1.82,73.5,91.91,11,740,N/A
2017,1,2,19,30,0,0,0,0,0,0,13,112.36,0.1,0.4,1.7670000000000001,59.1,89.05,10,740,N/A
2017,1,2,20,30,0,0,0,0,0,0,12,126.04,0.1,0.4,1.709,53.6,92.56,9,740,N/A
2017,1,2,21,30,0,0,0,0,0,0,12,139.33,0.1,0.4,1.6520000000000001,42.2,95.93,9,740,N/A
2017,1,2,22,30,0,0,0,0,0,0,11,151.52,0.1,0.4,1.603,36.6,92.77,8,740,N/A
2017,1,2,23,30,0,0,0,0,0,0,11,160.35,0.1,0.4,1.564,36.6,95.76,8,740,N/A
2017,1,3,0,30,0,0,0,0,0,0,10,160.48,0.1,0.4,1.5350000000000001,34.7,92.91,8,740,N/A
2017,1,3,1,30,0,0,0,0,0,0,10,151.79,0.1,0.5,1.5150000000000001,25.8,90.67,7,740,N/A
2017,1,3,2,30,0,0,0,0,0,0,10,139.64000000000001,0.1,0.6000000000000001,1.499,23.6,94.71000000000001,7,740,N/A
2017,1,3,3,30,0,0,0,0,0,0,9,126.37,0.1,0.7000000000000001,1.473,29,92.59,6,740,N/A
2017,1,3,4,30,0,0,0,0,0,0,9,112.69,0.1,0.8,1.436,33.4,96.8,6,740,N/A
2017,1,3,5,30,0,0,0,0,0,0,9,98.87,0.1,0.7000000000000001,1.401,38.5,94.53,6,740,N/A
2017,1,3,6,30,25,437,62,25,437,62,9,85.09,0.1,1.1,1.377,50.7,84.29,8,740,N/A
2017,1,3,7,30,50,821,311,50,821,311,9,71.49,0.1,1.9000000000000001,1.366,83,70.94,11,740,N/A
2017,1,3,8,30,62,953,563,62,953,563,9,58.28,0.1,2.4000000000000004,1.3780000000000001,88.30000000000001,57.94,13,740,N/A
2017,1,3,9,30,68,1014,775,68,1014,775,9,45.89,0.1,2.6,1.422,91.10000000000001,55.57,15,740,N/A
2017,1,3,10,30,72,1046,926,72,1046,926,10,35.24,0.1,2.5,1.492,93.4,54.79,16,740,N/A
2017,1,3,11,30,74,1058,1005,74,1058,1005,11,28.38,0.1,2.2,1.567,94.2,53.550000000000004,17,740,N/A
2017,1,3,12,30,74,1057,1005,74,1057,1005,11,28.26,0.1,1.9000000000000001,1.6320000000000001,95.4,51.79,18,740,N/A
2017,1,3,13,30,78,1031,924,78,1031,924,11,34.94,0.1,1.7000000000000002,1.69,100.4,52.83,18,740,N/A
2017,1,3,14,30,74,995,772,74,995,772,12,45.52,0.1,1.6,1.7530000000000001,108.80000000000001,56.96,17,740,N/A
2017,1,3,15,30,44,0,44,68,926,560,12,57.870000000000005,0.1,1.3,1.828,117.2,61.34,16,740,N/A
2017,1,3,16,30,5,0,5,56,782,310,12,71.06,0.1,0.8,1.9100000000000001,122.60000000000001,67.38,15,740,N/A
2017,1,3,17,30,29,389,65,29,389,65,14,84.65,0.1,0.5,1.972,122,83.44,13,740,N/A
2017,1,3,18,30,0,0,0,0,0,0,13,98.44,0.1,0.4,2.005,120.10000000000001,86.25,12,740,N/A
2017,1,3,19,30,0,0,0,0,0,0,13,112.26,0.1,0.5,2.02,107.7,89.93,11,740,N/A
2017,1,3,20,30,0,0,0,0,0,0,13,125.96000000000001,0.1,0.6000000000000001,2.029,100,89.72,10,740,N/A
2017,1,3,21,30,0,0,0,0,0,0,13,139.26,0.1,0.6000000000000001,2.041,92.30000000000001,94.83,10,740,N/A
2017,1,3,22,30,0,0,0,0,0,0,13,151.49,0.1,0.5,2.067,86.5,93.7,10,740,N/A
2017,1,3,23,30,0,0,0,0,0,0,12,160.4,0.1,0.4,2.099,86.10000000000001,92.83,10,740,N/A
2017,1,4,0,30,0,0,0,0,0,0,12,160.61,0.1,0.4,2.108,92.10000000000001,92.96000000000001,10,740,N/A
2017,1,4,1,30,0,0,0,0,0,0,12,151.93,0.1,0.4,2.101,92.80000000000001,92.03,9,740,N/A
2017,1,4,2,30,0,0,0,0,0,0,12,139.77,0.1,0.4,2.105,91.7,90.8,9,740,N/A
2017,1,4,3,30,0,0,0,0,0,0,12,126.49000000000001,0.1,0.4,2.125,88.30000000000001,90.2,9,740,N/A
2017,1,4,4,30,0,0,0,0,0,0,12,112.8,0.1,0.4,2.137,79,95.87,9,740,N/A
2017,1,4,5,30,0,0,0,0,0,0,12,98.97,0.1,0.4,2.1270000000000002,69.60000000000001,95.18,9,740,N/A
2017,1,4,6,30,27,354,57,27,354,57,12,85.18,0.1,0.9,2.116,76.3,85.46000000000001,10,740,N/A
2017,1,4,7,30,58,754,297,58,754,297,13,71.56,0.1,1.6,2.115,95,84.74,12,740,N/A
2017,1,4,8,30,74,895,543,74,895,543,13,58.34,0.1,2,2.114,93.10000000000001,73.63,13,740,N/A
2017,1,4,9,30,310,465,634,82,967,754,13,45.93,0.1,2.2,2.111,94.80000000000001,68.73,15,740,N/A
2017,1,4,10,30,412,410,747,82,1011,908,13,35.230000000000004,0.1,2.1,2.119,94.80000000000001,64.91,16,740,N/A
2017,1,4,11,30,469,340,769,85,1025,987,13,28.310000000000002,0.1,1.8,2.1670000000000003,94.80000000000001,61.730000000000004,17,740,N/A
2017,1,4,12,30,485,93,567,87,1019,986,13,28.13,0.1,1.3,2.253,101.4,62.5,17,740,N/A
2017,1,4,13,30,401,50,442,92,990,905,13,34.79,0.1,1,2.33,121.9,66.85,16,740,N/A
2017,1,4,14,30,363,91,427,87,951,756,13,45.37,0.1,0.9,2.375,135.3,67.48,15,730,N/A
2017,1,4,15,30,256,286,409,78,881,548,14,57.730000000000004,0.1,0.8,2.4010000000000002,131.8,72.8,14,730,N/A
2017,1,4,16,30,141,82,168,63,733,303,14,70.93,0.1,0.7000000000000001,2.423,119.7,79.43,13,730,N/A
2017,1,4,17,30,33,20,35,30,355,64,15,84.54,0.1,0.5,2.447,110.60000000000001,88.25,12,740,N/A
2017,1,4,18,30,0,0,0,0,0,0,14,98.33,0.1,0.4,2.474,103.80000000000001,93.47,12,740,N/A
2017,1,4,19,30,0,0,0,0,0,0,14,112.16,0.1,0.4,2.5,103.10000000000001,92.9,12,740,N/A
2017,1,4,20,30,0,0,0,0,0,0,14,125.88000000000001,0.1,0.5,2.5260000000000002,107.10000000000001,92.12,11,740,N/A
2017,1,4,21,30,0,0,0,0,0,0,14,139.20000000000002,0.1,0.6000000000000001,2.562,109.7,97.4,11,740,N/A
2017,1,4,22,30,0,0,0,0,0,0,14,151.47,0.1,0.5,2.6,111.60000000000001,96.97,11,740,N/A
2017,1,4,23,30,0,0,0,0,0,0,14,160.46,0.1,0.5,2.622,114.7,96.64,11,740,N/A
2017,1,5,0,30,0,0,0,0,0,0,14,160.75,0.1,0.5,2.626,119.9,95.79,10,740,N/A
2017,1,5,1,30,0,0,0,0,0,0,14,152.08,0.1,0.5,2.62,123.4,94.83,10,740,N/A
2017,1,5,2,30,0,0,0,0,0,0,14,139.91,0.1,0.5,2.616,128.5,100,10,740,N/A
2017,1,5,3,30,0,0,0,0,0,0,13,126.61,0.1,0.5,2.61,128.9,99.95,10,740,N/A
2017,1,5,4,30,0,0,0,0,0,0,13,112.91,0.1,0.6000000000000001,2.586,125.30000000000001,99.47,10,740,N/A
2017,1,5,5,30,0,0,0,0,0,0,13,99.07000000000001,0.1,0.8,2.548,117.4,98.56,10,740,N/A
2017,1,5,6,30,29,69,35,24,379,56,13,85.27,0.1,1.5,2.512,108.5,93.37,10,740,N/A
2017,1,5,7,30,138,152,186,53,767,295,14,71.64,0.1,2.3000000000000003,2.494,104,89.94,11,740,N/A
2017,1,5,8,30,66,905,541,66,905,541,14,58.4,0.1,2.6,2.49,98.4,84.83,12,740,N/A
2017,1,5,9,30,362,286,561,76,968,749,14,45.95,0.1,2.6,2.494,94.80000000000001,82.65,13,740,N/A
2017,1,5,10,30,458,158,588,85,995,899,13,35.21,0.1,2.5,2.5100000000000002,92.10000000000001,76.42,14,740,N/A
2017,1,5,11,30,441,51,487,91,1006,978,13,28.23,0.1,2.3000000000000003,2.5260000000000002,91.7,75.60000000000001,14,740,N/A
2017,1,5,12,30,438,49,481,93,1004,980,13,27.990000000000002,0.1,2,2.5340000000000003,95.10000000000001,75.62,13,740,N/A
2017,1,5,13,30,452,283,685,98,975,901,13,34.64,0.1,1.7000000000000002,2.527,98.10000000000001,80.38,13,740,N/A
2017,1,5,14,30,90,943,755,90,943,755,13,45.22,0.1,1.5,2.5020000000000002,96,80.33,12,740,N/A
2017,1,5,15,30,225,34,243,76,886,551,13,57.6,0.1,1.4000000000000001,2.462,95.7,85.65,12,740,N/A
2017,1,5,16,30,128,26,136,58,765,309,13,70.8,0.1,1,2.408,96.10000000000001,92.5,11,740,N/A
2017,1,5,17,30,30,0,30,28,416,68,14,84.42,0.1,0.6000000000000001,2.349,91.60000000000001,94.13,10,740,N/A
2017,1,5,18,30,0,0,0,0,0,0,13,98.23,0.1,0.4,2.293,78.9,97.36,10,740,N/A
2017,1,5,19,30,0,0,0,0,0,0,13,112.07000000000001,0.1,0.4,2.249,68,94.16,10,740,N/A
2017,1,5,20,30,0,0,0,0,0,0,12,125.8,0.1,0.4,2.229,59.2,90.94,9,740,N/A
2017,1,5,21,30,0,0,0,0,0,0,12,139.15,0.1,0.5,2.224,56,93.95,9,740,N/A
2017,1,5,22,30,0,0,0,0,0,0,11,151.46,0.1,0.6000000000000001,2.215,72.60000000000001,92.05,8,740,N/A
2017,1,5,23,30,0,0,0,0,0,0,11,160.52,0.1,0.6000000000000001,2.189,86.60000000000001,91.36,8,740,N/A
2017,1,6,0,30,0,0,0,0,0,0,11,160.9,0.1,0.6000000000000001,2.148,89.60000000000001,96.2,8,740,N/A
2017,1,6,1,30,0,0,0,0,0,0,11,152.23,0.1,0.6000000000000001,2.107,87.5,94.63,8,740,N/A
2017,1,6,2,30,0,0,0,0,0,0,10,140.05,0.1,0.7000000000000001,2.076,88,92.42,7,740,N/A
2017,1,6,3,30,0,0,0,0,0,0,10,126.74000000000001,0.1,0.6000000000000001,2.054,89.10000000000001,90.74,7,740,N/A
2017,1,6,4,30,0,0,0,0,0,0,10,113.02,0.1,0.6000000000000001,2.035,88.5,95.59,7,740,N/A
2017,1,6,5,30,0,0,0,0,0,0,10,99.17,0.1,0.7000000000000001,2.009,86.5,94.39,7,740,N/A
2017,1,6,6,30,29,77,35,26,346,54,10,85.35000000000001,0.1,1.2000000000000002,1.984,89.7,86.76,9,740,N/A
2017,1,6,7,30,136,181,193,58,756,295,12,71.71000000000001,0.1,1.8,1.971,92.5,77.18,11,740,N/A
2017,1,6,8,30,129,2,130,73,900,544,12,58.45,0.1,2.2,1.983,95.60000000000001,68.94,13,740,N/A
2017,1,6,9,30,370,138,467,82,969,755,12,45.980000000000004,0.1,2.3000000000000003,2.017,96.7,64.47,15,740,N/A
2017,1,6,10,30,458,153,583,96,989,905,12,35.19,0.1,2.3000000000000003,2.058,98.2,61.1,16,740,N/A
2017,1,6,11,30,448,55,497,98,1006,986,12,28.14,0.1,2.3000000000000003,2.097,101.30000000000001,58.08,16,740,N/A
2017,1,6,12,30,252,19,269,96,1010,989,12,27.85,0.1,2.4000000000000004,2.137,104.80000000000001,58.76,17,740,N/A
2017,1,6,13,30,448,98,530,107,969,906,12,34.480000000000004,0.1,2.4000000000000004,2.184,106.5,59.25,17,740,N/A
2017,1,6,14,30,177,12,185,99,932,757,12,45.07,0.1,2.3000000000000003,2.237,106.4,63.36,16,740,N/A
2017,1,6,15,30,35,0,35,87,862,550,12,57.46,0.1,2,2.286,105.7,67.9,15,740,N/A
2017,1,6,16,30,69,714,305,69,714,305,13,70.68,0.1,1.6,2.329,105.9,74.61,14,740,N/A
2017,1,6,17,30,33,337,66,33,337,66,14,84.3,0.1,1,2.367,104.9,89.94,12,740,N/A
2017,1,6,18,30,0,0,0,0,0,0,14,98.12,0.1,0.8,2.4,101,89.46000000000001,12,740,N/A
2017,1,6,19,30,0,0,0,0,0,0,14,111.98,0.1,0.7000000000000001,2.426,96.80000000000001,88.79,11,740,N/A
2017,1,6,20,30,0,0,0,0,0,0,14,125.73,0.1,0.6000000000000001,2.444,95.2,94.72,11,740,N/A
2017,1,6,21,30,0,0,0,0,0,0,14,139.1,0.1,0.5,2.453,97.4,94.10000000000001,11,740,N/A
2017,1,6,22,30,0,0,0,0,0,0,13,151.45000000000002,0.1,0.5,2.455,102.30000000000001,92.98,10,740,N/A
2017,1,6,23,30,0,0,0,0,0,0,13,160.59,0.1,0.6000000000000001,2.454,105.2,91.55,10,740,N/A
2017,1,7,0,30,0,0,0,0,0,0,13,161.05,0.1,0.6000000000000001,2.459,107.10000000000001,90.37,10,740,N/A
2017,1,7,1,30,0,0,0,0,0,0,13,152.39000000000001,0.1,0.6000000000000001,2.465,108.80000000000001,95.09,10,740,N/A
2017,1,7,2,30,0,0,0,0,0,0,13,140.18,0.1,0.6000000000000001,2.465,111.30000000000001,94.49,10,740,N/A
2017,1,7,3,30,0,0,0,0,0,0,13,126.86,0.1,0.7000000000000001,2.453,110.2,94.23,10,740,N/A
2017,1,7,4,30,0,0,0,0,0,0,12,113.13,0.1,0.8,2.4290000000000003,106.80000000000001,93.64,10,740,N/A
2017,1,7,5,30,0,0,0,0,0,0,12,99.27,0.1,0.8,2.4,102.30000000000001,92.98,10,740,N/A
2017,1,7,6,30,23,395,54,23,395,54,13,85.44,0.1,1.1,2.371,100.7,88.83,10,740,N/A
2017,1,7,7,30,115,14,120,48,790,295,13,71.78,0.1,1.6,2.344,104.30000000000001,86.11,12,740,N/A
2017,1,7,8,30,186,15,194,60,926,543,13,58.5,0.1,1.9000000000000001,2.325,98.2,80.17,13,740,N/A
2017,1,7,9,30,66,990,755,66,990,755,13,46,0.1,2.1,2.313,95.30000000000001,74.64,14,740,N/A
2017,1,7,10,30,350,30,376,70,1024,908,13,35.17,0.1,2.2,2.305,97.10000000000001,68.98,15,740,N/A
2017,1,7,11,30,398,34,428,72,1040,990,13,28.05,0.1,2.3000000000000003,2.302,100.4,64.36,16,740,N/A
2017,1,7,12,30,434,46,476,72,1041,994,13,27.7,0.1,2.3000000000000003,2.309,101.9,60.800000000000004,16,740,N/A
2017,1,7,13,30,216,16,230,78,1015,917,13,34.32,0.1,2.2,2.323,102.60000000000001,64.8,16,740,N/A
2017,1,7,14,30,378,238,548,74,982,769,13,44.92,0.1,2.1,2.341,103.10000000000001,69.29,15,740,N/A
2017,1,7,15,30,66,920,563,66,920,563,13,57.32,0.1,1.8,2.359,104.80000000000001,75.19,14,740,N/A
2017,1,7,16,30,41,0,41,54,788,317,13,70.55,0.1,1.4000000000000001,2.371,105.80000000000001,81.84,13,740,N/A
2017,1,7,17,30,9,0,9,28,435,72,14,84.19,0.1,0.9,2.378,105,91.14,12,740,N/A
2017,1,7,18,30,0,0,0,0,0,0,14,98.02,0.1,0.6000000000000001,2.3810000000000002,101.80000000000001,90.21000000000001,11,740,N/A
2017,1,7,19,30,0,0,0,0,0,0,14,111.89,0.1,0.6000000000000001,2.378,101.60000000000001,96.37,11,740,N/A
2017,1,7,20,30,0,0,0,0,0,0,14,125.65,0.1,0.6000000000000001,2.366,100.9,94.98,10,740,N/A
2017,1,7,21,30,0,0,0,0,0,0,13,139.05,0.1,0.6000000000000001,2.354,94.80000000000001,98.97,10,740,N/A
2017,1,7,22,30,0,0,0,0,0,0,13,151.44,0.1,0.5,2.351,88.30000000000001,96.89,10,740,N/A
2017,1,7,23,30,0,0,0,0,0,0,13,160.67000000000002,0.1,0.5,2.352,85.4,95.68,10,740,N/A
2017,1,8,0,30,0,0,0,0,0,0,13,161.21,0.1,0.6000000000000001,2.344,82.9,94.58,9,740,N/A
2017,1,8,1,30,0,0,0,0,0,0,12,152.55,0.1,0.6000000000000001,2.319,80.80000000000001,93.43,9,740,N/A
2017,1,8,2,30,0,0,0,0,0,0,12,140.32,0.1,0.6000000000000001,2.285,78.7,98.08,9,740,N/A
2017,1,8,3,30,0,0,0,0,0,0,12,126.98,0.1,0.6000000000000001,2.2600000000000002,79.60000000000001,96.42,9,740,N/A
2017,1,8,4,30,0,0,0,0,0,0,12,113.24000000000001,0.1,0.6000000000000001,2.258,78.2,94.92,9,740,N/A
2017,1,8,5,30,0,0,0,0,0,0,12,99.37,0.1,0.6000000000000001,2.27,77,94.49,9,740,N/A
2017,1,8,6,30,26,233,44,23,396,54,12,85.52,0.1,0.8,2.287,85.9,90.96000000000001,10,740,N/A
2017,1,8,7,30,110,427,243,50,784,294,13,71.84,0.1,1.1,2.306,91.80000000000001,83.15,11,740,N/A
2017,1,8,8,30,157,7,161,63,917,542,13,58.54,0.1,1.2000000000000002,2.316,91.4,78.82000000000001,13,740,N/A
2017,1,8,9,30,240,18,252,71,981,753,12,46.01,0.1,1.3,2.319,97.2,72.49,14,740,N/A
2017,1,8,10,30,449,113,542,76,1016,907,12,35.13,0.1,1.4000000000000001,2.328,102,65.55,15,740,N/A
2017,1,8,11,30,362,26,386,78,1030,989,12,27.95,0.1,1.6,2.344,103.9,61.95,15,740,N/A
2017,1,8,12,30,494,104,587,78,1031,993,12,27.54,0.1,1.7000000000000002,2.365,105.30000000000001,62.57,16,740,N/A
2017,1,8,13,30,417,58,465,80,1010,916,12,34.15,0.1,1.7000000000000002,2.395,105.80000000000001,63.17,16,740,N/A
2017,1,8,14,30,338,52,375,76,976,769,12,44.76,0.1,1.5,2.438,107.7,67.86,15,740,N/A
2017,1,8,15,30,266,252,403,69,909,562,13,57.18,0.1,1.2000000000000002,2.481,112,73.23,14,740,N/A
2017,1,8,16,30,147,172,205,58,769,315,13,70.42,0.1,0.8,2.504,117.5,80.15,13,740,N/A
2017,1,8,17,30,38,89,47,30,412,72,14,84.08,0.1,0.4,2.504,118,89.97,12,740,N/A
2017,1,8,18,30,0,0,0,0,0,0,14,97.92,0.1,0.30000000000000004,2.499,108.80000000000001,90.71000000000001,11,740,N/A
2017,1,8,19,30,0,0,0,0,0,0,14,111.81,0.10400000000000001,0.30000000000000004,2.509,106,96.61,11,740,N/A
2017,1,8,20,30,0,0,0,0,0,0,14,125.58,0.10400000000000001,0.30000000000000004,2.539,112.60000000000001,96.75,11,740,N/A
2017,1,8,21,30,0,0,0,0,0,0,14,139.01,0.10400000000000001,0.30000000000000004,2.573,116.10000000000001,96.81,11,740,N/A
2017,1,8,22,30,0,0,0,0,0,0,14,151.44,0.10400000000000001,0.30000000000000004,2.595,125.60000000000001,96.71000000000001,10,740,N/A
2017,1,8,23,30,0,0,0,0,0,0,14,160.76,0.10400000000000001,0.4,2.603,124.80000000000001,96.07000000000001,10,740,N/A
2017,1,9,0,30,0,0,0,0,0,0,14,161.38,0.10400000000000001,0.5,2.595,119.4,95.13,10,740,N/A
2017,1,9,1,30,0,0,0,0,0,0,14,152.71,0.10400000000000001,0.4,2.574,114.2,100,10,740,N/A
2017,1,9,2,30,0,0,0,0,0,0,13,140.46,0.10400000000000001,0.4,2.541,108.10000000000001,98.89,10,740,N/A
2017,1,9,3,30,0,0,0,0,0,0,13,127.10000000000001,0.10400000000000001,0.4,2.496,95.30000000000001,97.25,9,740,N/A
2017,1,9,4,30,0,0,0,0,0,0,13,113.35000000000001,0.10400000000000001,0.4,2.447,82.9,95.23,9,740,N/A
2017,1,9,5,30,0,0,0,0,0,0,12,99.46000000000001,0.10400000000000001,0.4,2.406,79.5,92.86,9,740,N/A
2017,1,9,6,30,21,406,53,21,406,53,12,85.59,0.10400000000000001,0.8,2.38,80.9,92.75,10,740,N/A
2017,1,9,7,30,47,795,294,47,795,294,12,71.9,0.10400000000000001,1.4000000000000001,2.363,77.10000000000001,87.03,11,740,N/A
2017,1,9,8,30,257,135,328,59,926,542,12,58.58,0.10400000000000001,1.7000000000000002,2.351,80.80000000000001,75.73,12,740,N/A
2017,1,9,9,30,371,146,472,67,989,754,12,46.02,0.10400000000000001,1.8,2.346,83,70.43,14,740,N/A
2017,1,9,10,30,460,170,600,72,1020,907,12,35.1,0.10400000000000001,1.7000000000000002,2.355,84.4,66.34,15,740,N/A
2017,1,9,11,30,359,26,382,76,1033,989,12,27.84,0.10400000000000001,1.5,2.386,87.5,63.51,16,740,N/A
2017,1,9,12,30,410,36,443,78,1030,993,13,27.38,0.10400000000000001,1,2.423,89.5,68.31,15,740,N/A
2017,1,9,13,30,162,16,176,79,1011,918,13,33.980000000000004,0.10400000000000001,0.7000000000000001,2.45,86.60000000000001,68.82000000000001,14,740,N/A
2017,1,9,14,30,158,10,166,76,975,771,13,44.61,0.10400000000000001,0.5,2.474,82.80000000000001,73.78,13,740,N/A
2017,1,9,15,30,188,14,196,69,909,564,13,57.04,0.10400000000000001,0.4,2.493,73.3,79.53,13,740,N/A
2017,1,9,16,30,128,20,135,58,769,318,13,70.3,0.10400000000000001,0.30000000000000004,2.5020000000000002,57.300000000000004,86.74,12,740,N/A
2017,1,9,17,30,31,0,31,30,421,74,14,83.96000000000001,0.10400000000000001,0.2,2.5020000000000002,36.4,95.69,11,740,N/A
2017,1,9,18,30,0,0,0,0,0,0,14,97.82000000000001,0.10400000000000001,0.2,2.496,25.900000000000002,96.15,11,740,N/A
2017,1,9,19,30,0,0,0,0,0,0,14,111.72,0.10400000000000001,0.2,2.494,37.1,95.73,11,740,N/A
2017,1,9,20,30,0,0,0,0,0,0,14,125.52,0.10400000000000001,0.2,2.492,42.7,94.68,10,740,N/A
2017,1,9,21,30,0,0,0,0,0,0,14,138.97,0.10400000000000001,0.2,2.486,42.1,100,10,740,N/A
2017,1,9,22,30,0,0,0,0,0,0,13,151.45000000000002,0.10400000000000001,0.1,2.481,47,98.87,10,740,N/A
2017,1,9,23,30,0,0,0,0,0,0,13,160.85,0.10400000000000001,0.1,2.475,99.9,97.62,9,740,N/A
2017,1,10,0,30,0,0,0,0,0,0,13,161.55,0.10400000000000001,0.2,2.456,175.8,96.73,9,740,N/A
2017,1,10,1,30,0,0,0,0,0,0,13,152.87,0.10400000000000001,0.30000000000000004,2.4250000000000003,188,95.73,9,740,N/A
2017,1,10,2,30,0,0,0,0,0,0,13,140.6,0.10400000000000001,0.30000000000000004,2.3890000000000002,196.60000000000002,94.55,9,740,N/A
2017,1,10,3,30,0,0,0,0,0,0,12,127.23,0.10400000000000001,0.2,2.349,189.20000000000002,99.66,9,740,N/A
2017,1,10,4,30,0,0,0,0,0,0,12,113.45,0.10400000000000001,0.2,2.3000000000000003,171.60000000000002,98.03,9,740,N/A
2017,1,10,5,30,0,0,0,0,0,0,12,99.55,0.10400000000000001,0.4,2.24,125.80000000000001,96.2,9,740,N/A
2017,1,10,6,30,22,385,52,22,385,52,12,85.67,0.10400000000000001,1.1,2.182,106,90.75,10,740,N/A
2017,1,10,7,30,50,785,293,50,785,293,12,71.96000000000001,0.10400000000000001,1.8,2.153,99.4,80.67,11,740,N/A
2017,1,10,8,30,186,540,468,65,917,542,12,58.620000000000005,0.10400000000000001,1.9000000000000001,2.169,102.9,75.2,13,740,N/A
2017,1,10,9,30,76,976,754,76,976,754,12,46.02,0.10400000000000001,1.8,2.2,113.5,70.75,14,740,N/A
2017,1,10,10,30,456,242,655,86,1003,907,12,35.050000000000004,0.10400000000000001,1.8,2.221,117.30000000000001,67.24,15,740,N/A
2017,1,10,11,30,121,5,126,92,1013,989,13,27.73,0.10400000000000001,1.8,2.245,117.4,64.3,16,740,N/A
2017,1,10,12,30,378,28,404,94,1010,993,13,27.21,0.10400000000000001,1.7000000000000002,2.2800000000000002,117.5,65.14,16,740,N/A
2017,1,10,13,30,105,0,105,121,945,906,13,33.81,0.10400000000000001,1.5,2.324,121.5,65.83,16,740,N/A
2017,1,10,14,30,35,0,35,115,900,758,13,44.45,0.10400000000000001,1.2000000000000002,2.371,124.80000000000001,70.56,15,730,N/A
2017,1,10,15,30,104,817,551,104,817,551,13,56.9,0.10400000000000001,1.1,2.414,126.80000000000001,75.52,14,740,N/A
2017,1,10,16,30,84,652,306,84,652,306,13,70.17,0.10400000000000001,1,2.444,129.1,81.3,13,740,N/A
2017,1,10,17,30,39,288,70,39,288,70,14,83.85000000000001,0.10400000000000001,0.8,2.463,127.7,89.56,12,740,N/A
2017,1,10,18,30,0,0,0,0,0,0,14,97.72,0.10400000000000001,0.5,2.477,129.3,90.42,11,740,N/A
2017,1,10,19,30,0,0,0,0,0,0,14,111.64,0.10400000000000001,0.5,2.488,127.10000000000001,96.46000000000001,11,740,N/A
2017,1,10,20,30,0,0,0,0,0,0,14,125.45,0.10400000000000001,0.5,2.49,122.4,95.60000000000001,11,740,N/A
2017,1,10,21,30,0,0,0,0,0,0,14,138.93,0.10400000000000001,0.5,2.481,116.10000000000001,94.16,10,740,N/A
2017,1,10,22,30,0,0,0,0,0,0,13,151.45000000000002,0.10400000000000001,0.5,2.456,110.9,98.77,10,740,N/A
2017,1,10,23,30,0,0,0,0,0,0,13,160.94,0.10400000000000001,0.5,2.416,101.80000000000001,97.13,10,740,N/A
2017,1,11,0,30,0,0,0,0,0,0,13,161.73,0.10400000000000001,0.5,2.368,93.10000000000001,95.15,9,740,N/A
2017,1,11,1,30,0,0,0,0,0,0,12,153.04,0.10400000000000001,0.4,2.327,85,99.15,9,740,N/A
2017,1,11,2,30,0,0,0,0,0,0,12,140.74,0.10400000000000001,0.4,2.293,78.80000000000001,96.41,9,740,N/A
2017,1,11,3,30,0,0,0,0,0,0,12,127.35000000000001,0.10400000000000001,0.4,2.263,82,94.58,9,740,N/A
2017,1,11,4,30,0,0,0,0,0,0,11,113.55,0.10400000000000001,0.4,2.239,87.2,93.35000000000001,9,740,N/A
2017,1,11,5,30,0,0,0,0,0,0,11,99.64,0.10400000000000001,0.6000000000000001,2.226,88.30000000000001,92.42,9,740,N/A
2017,1,11,6,30,23,363,50,23,363,50,12,85.74,0.10400000000000001,1.1,2.226,95.60000000000001,93.97,9,740,N/A
2017,1,11,7,30,52,770,290,52,770,290,12,72.02,0.10400000000000001,1.8,2.226,93.7,83.01,10,740,N/A
2017,1,11,8,30,68,906,539,68,906,539,12,58.65,0.10400000000000001,2.1,2.214,94.10000000000001,78.03,12,740,N/A
2017,1,11,9,30,78,971,753,78,971,753,12,46.02,0.10400000000000001,2.2,2.195,99.10000000000001,72.92,13,740,N/A
2017,1,11,10,30,453,260,667,88,999,907,12,35,0.10400000000000001,2.1,2.183,104.60000000000001,68.74,14,740,N/A
2017,1,11,11,30,214,17,230,93,1013,991,12,27.61,0.10400000000000001,1.9000000000000001,2.18,110.30000000000001,65.64,15,740,N/A
2017,1,11,12,30,34,0,34,94,1012,997,12,27.04,0.10400000000000001,1.7000000000000002,2.185,115.30000000000001,62.61,15,740,N/A
2017,1,11,13,30,370,46,409,102,981,919,12,33.63,0.10400000000000001,1.6,2.2,119.5,63.13,15,740,N/A
2017,1,11,14,30,91,0,91,99,937,770,12,44.29,0.10400000000000001,1.6,2.224,121.7,67.65,15,740,N/A
2017,1,11,15,30,10,0,10,90,861,563,13,56.75,0.10400000000000001,1.6,2.244,123.4,72.75,14,740,N/A
2017,1,11,16,30,5,0,5,76,701,315,13,70.05,0.10400000000000001,1.4000000000000001,2.245,122.7,78.77,12,740,N/A
2017,1,11,17,30,1,0,1,38,327,73,13,83.74,0.10400000000000001,1,2.23,119.5,92.57000000000001,11,740,N/A
2017,1,11,18,30,0,0,0,0,0,0,13,97.63,0.10400000000000001,0.7000000000000001,2.208,115.7,93.17,11,740,N/A
2017,1,11,19,30,0,0,0,0,0,0,13,111.56,0.10400000000000001,0.7000000000000001,2.194,111.80000000000001,92.54,10,740,N/A
2017,1,11,20,30,0,0,0,0,0,0,13,125.39,0.10400000000000001,0.7000000000000001,2.191,108.5,97.89,10,740,N/A
2017,1,11,21,30,0,0,0,0,0,0,13,138.9,0.10400000000000001,0.6000000000000001,2.189,109.5,96.48,10,740,N/A
2017,1,11,22,30,0,0,0,0,0,0,13,151.47,0.10400000000000001,0.5,2.179,110.4,94.83,9,740,N/A
2017,1,11,23,30,0,0,0,0,0,0,12,161.04,0.10400000000000001,0.4,2.1630000000000003,104.2,99.11,9,740,N/A
2017,1,12,0,30,0,0,0,0,0,0,12,161.91,0.10400000000000001,0.4,2.145,99.7,97.2,9,740,N/A
2017,1,12,1,30,0,0,0,0,0,0,12,153.20000000000002,0.10400000000000001,0.4,2.128,93.60000000000001,96,9,740,N/A
2017,1,12,2,30,0,0,0,0,0,0,12,140.88,0.10400000000000001,0.4,2.11,85.5,95.07000000000001,9,740,N/A
2017,1,12,3,30,0,0,0,0,0,0,12,127.47,0.10400000000000001,0.5,2.083,84.4,94.24,8,740,N/A
2017,1,12,4,30,0,0,0,0,0,0,11,113.66,0.10400000000000001,0.5,2.043,81.9,93.44,8,740,N/A
2017,1,12,5,30,0,0,0,0,0,0,11,99.72,0.10400000000000001,0.6000000000000001,1.995,79.7,92.48,8,740,N/A
2017,1,12,6,30,26,141,37,25,314,48,12,85.81,0.10400000000000001,1.1,1.946,90.60000000000001,93.82000000000001,9,740,N/A
2017,1,12,7,30,120,330,222,59,745,288,12,72.07000000000001,0.10400000000000001,1.6,1.899,95.30000000000001,82.85000000000001,10,740,N/A
2017,1,12,8,30,73,900,541,73,900,541,11,58.68,0.10400000000000001,1.8,1.854,97.4,75.92,12,740,N/A
2017,1,12,9,30,81,975,759,81,975,759,11,46.02,0.10400000000000001,1.8,1.817,97.9,68.47,13,740,N/A
2017,1,12,10,30,86,1013,917,86,1013,917,10,34.95,0.10400000000000001,1.7000000000000002,1.803,98.9,58.58,14,740,N/A
2017,1,12,11,30,507,233,714,88,1031,1003,10,27.48,0.10400000000000001,1.6,1.811,102.80000000000001,54.64,15,740,N/A
2017,1,12,12,30,361,26,385,87,1033,1009,10,26.85,0.10400000000000001,1.5,1.835,105.80000000000001,51.65,16,740,N/A
2017,1,12,13,30,465,254,678,91,1009,933,10,33.45,0.10400000000000001,1.4000000000000001,1.869,107.4,52.29,16,740,N/A
2017,1,12,14,30,282,24,300,88,970,784,11,44.12,0.10400000000000001,1.2000000000000002,1.9080000000000001,107.4,56.26,16,740,N/A
2017,1,12,15,30,243,46,269,80,899,575,11,56.61,0.10400000000000001,1.1,1.951,103.9,60.85,15,740,N/A
2017,1,12,16,30,66,755,326,66,755,326,11,69.92,0.10400000000000001,0.9,2,98.7,67.3,14,740,N/A
2017,1,12,17,30,35,382,78,35,382,78,13,83.63,0.10400000000000001,0.7000000000000001,2.047,92.7,83.69,12,740,N/A
2017,1,12,18,30,0,0,0,0,0,0,13,97.53,0.10400000000000001,0.6000000000000001,2.086,87.60000000000001,89.69,11,740,N/A
2017,1,12,19,30,0,0,0,0,0,0,13,111.48,0.10400000000000001,0.5,2.11,83.2,89.43,11,740,N/A
2017,1,12,20,30,0,0,0,0,0,0,13,125.34,0.10400000000000001,0.5,2.111,77.80000000000001,95.2,10,740,N/A
2017,1,12,21,30,0,0,0,0,0,0,13,138.87,0.10400000000000001,0.4,2.094,72.60000000000001,93.72,10,740,N/A
2017,1,12,22,30,0,0,0,0,0,0,12,151.49,0.10400000000000001,0.4,2.074,76.2,91.37,9,740,N/A
2017,1,12,23,30,0,0,0,0,0,0,12,161.15,0.10400000000000001,0.4,2.061,81.5,89.36,9,740,N/A
2017,1,13,0,30,0,0,0,0,0,0,12,162.1,0.10400000000000001,0.4,2.062,85.30000000000001,93.74,9,740,N/A
2017,1,13,1,30,0,0,0,0,0,0,11,153.37,0.10400000000000001,0.5,2.069,87.80000000000001,93.4,9,740,N/A
2017,1,13,2,30,0,0,0,0,0,0,11,141.03,0.10400000000000001,0.5,2.076,94.7,93.42,9,740,N/A
2017,1,13,3,30,0,0,0,0,0,0,11,127.58,0.10400000000000001,0.5,2.076,98.30000000000001,93.04,8,740,N/A
2017,1,13,4,30,0,0,0,0,0,0,11,113.76,0.10400000000000001,0.5,2.068,99.7,92.60000000000001,8,740,N/A
2017,1,13,5,30,0,0,0,0,0,0,11,99.81,0.10400000000000001,0.5,2.063,97.10000000000001,92.11,8,740,N/A
2017,1,13,6,30,26,267,45,26,267,45,12,85.88,0.10400000000000001,1,2.065,102.30000000000001,88.13,9,740,N/A
2017,1,13,7,30,65,707,282,65,707,282,12,72.11,0.10400000000000001,1.6,2.069,102.80000000000001,84.68,11,740,N/A
2017,1,13,8,30,83,864,532,83,864,532,12,58.7,0.10400000000000001,1.8,2.072,103.10000000000001,74.71000000000001,13,740,N/A
2017,1,13,9,30,359,96,426,93,944,748,12,46.01,0.10400000000000001,1.8,2.074,110.7,69.96000000000001,14,740,N/A
2017,1,13,10,30,118,951,898,118,951,898,12,34.88,0.10400000000000001,1.7000000000000002,2.082,121.10000000000001,62.65,15,740,N/A
2017,1,13,11,30,279,20,297,119,974,985,12,27.35,0.10400000000000001,1.5,2.107,131.3,59.95,16,740,N/A
2017,1,13,12,30,197,22,217,119,976,991,13,26.67,0.10400000000000001,1.2000000000000002,2.15,140.3,60.68,16,740,N/A
2017,1,13,13,30,183,19,199,136,924,909,13,33.26,0.10400000000000001,1,2.206,147.9,64.82000000000001,16,740,N/A
2017,1,13,14,30,130,875,760,130,875,760,13,43.96,0.10400000000000001,0.8,2.2640000000000002,151.3,69.31,15,740,N/A
2017,1,13,15,30,118,787,553,118,787,553,13,56.47,0.10400000000000001,0.7000000000000001,2.316,149,74.84,14,740,N/A
2017,1,13,16,30,97,610,307,97,610,307,13,69.8,0.10400000000000001,0.6000000000000001,2.363,137.20000000000002,81.48,13,740,N/A
2017,1,13,17,30,44,249,72,44,249,72,14,83.52,0.10400000000000001,0.4,2.402,123,91.14,12,740,N/A
2017,1,13,18,30,0,0,0,0,0,0,14,97.44,0.10400000000000001,0.30000000000000004,2.437,123.30000000000001,89.98,12,740,N/A
2017,1,13,19,30,0,0,0,0,0,0,14,111.41,0.10400000000000001,0.30000000000000004,2.468,125.2,89.65,11,740,N/A
2017,1,13,20,30,0,0,0,0,0,0,14,125.28,0.10400000000000001,0.30000000000000004,2.487,133.5,95.24,11,740,N/A
2017,1,13,21,30,0,0,0,0,0,0,14,138.84,0.10400000000000001,0.4,2.492,137.70000000000002,94.76,11,740,N/A
2017,1,13,22,30,0,0,0,0,0,0,14,151.51,0.10400000000000001,0.5,2.48,137.20000000000002,94.11,10,740,N/A
2017,1,13,23,30,0,0,0,0,0,0,13,161.26,0.10400000000000001,0.6000000000000001,2.449,132.6,93.29,10,740,N/A
2017,1,14,0,30,0,0,0,0,0,0,13,162.29,0.10400000000000001,0.6000000000000001,2.4050000000000002,125.60000000000001,98.18,10,740,N/A
2017,1,14,1,30,0,0,0,0,0,0,13,153.55,0.10400000000000001,0.5,2.366,119.7,96.60000000000001,10,740,N/A
2017,1,14,2,30,0,0,0,0,0,0,13,141.17000000000002,0.10400000000000001,0.4,2.344,114.5,95.01,9,740,N/A
2017,1,14,3,30,0,0,0,0,0,0,13,127.7,0.10400000000000001,0.4,2.336,110.30000000000001,93.77,9,740,N/A
2017,1,14,4,30,0,0,0,0,0,0,12,113.86,0.10400000000000001,0.4,2.339,107.5,98.67,9,740,N/A
2017,1,14,5,30,0,0,0,0,0,0,12,99.89,0.10400000000000001,0.4,2.353,106.30000000000001,97.61,9,740,N/A
2017,1,14,6,30,16,0,16,25,265,44,12,85.94,0.10400000000000001,0.8,2.37,103.30000000000001,92.95,9,740,N/A
2017,1,14,7,30,105,2,106,66,688,277,13,72.16,0.10400000000000001,1.2000000000000002,2.384,99.4,88.10000000000001,10,740,N/A
2017,1,14,8,30,253,113,312,87,843,525,12,58.72,0.10400000000000001,1.2000000000000002,2.384,87.5,82.31,11,740,N/A
2017,1,14,9,30,349,115,429,101,919,740,12,45.99,0.10400000000000001,1,2.363,73.8,77.15,12,740,N/A
2017,1,14,10,30,391,44,428,132,920,888,13,34.82,0.10400000000000001,0.8,2.323,61.300000000000004,73.15,13,740,N/A
2017,1,14,11,30,466,65,524,132,950,977,13,27.21,0.10400000000000001,0.6000000000000001,2.283,55.300000000000004,74.14,14,740,N/A
2017,1,14,12,30,472,66,532,130,957,986,13,26.47,0.10400000000000001,0.6000000000000001,2.254,56.400000000000006,70.37,14,740,N/A
2017,1,14,13,30,414,51,458,148,903,906,13,33.07,0.10400000000000001,0.6000000000000001,2.235,60.800000000000004,70.79,14,740,N/A
2017,1,14,14,30,392,169,514,139,860,760,13,43.79,0.10400000000000001,0.8,2.224,69,75.71000000000001,14,740,N/A
2017,1,14,15,30,261,333,446,120,787,556,13,56.32,0.10400000000000001,0.9,2.219,73.2,76.55,13,740,N/A
2017,1,14,16,30,154,88,185,89,650,315,14,69.67,0.10400000000000001,0.7000000000000001,2.215,73.2,82.74,12,740,N/A
2017,1,14,17,30,42,28,45,40,319,77,14,83.42,0.10400000000000001,0.4,2.221,77.4,96.49000000000001,11,740,N/A
2017,1,14,18,30,0,0,0,0,0,0,13,97.35000000000001,0.10400000000000001,0.2,2.237,83.5,93.59,10,740,N/A
2017,1,14,19,30,0,0,0,0,0,0,13,111.33,0.10400000000000001,0.2,2.244,113.4,99,10,740,N/A
2017,1,14,20,30,0,0,0,0,0,0,13,125.23,0.10400000000000001,0.30000000000000004,2.231,120.30000000000001,98.04,10,740,N/A
2017,1,14,21,30,0,0,0,0,0,0,13,138.82,0.10400000000000001,0.4,2.198,117.2,96.34,9,740,N/A
2017,1,14,22,30,0,0,0,0,0,0,13,151.53,0.10400000000000001,0.4,2.144,115.5,94.66,9,740,N/A
2017,1,14,23,30,0,0,0,0,0,0,12,161.38,0.10400000000000001,0.5,2.081,110,98.83,9,740,N/A
2017,1,15,0,30,0,0,0,0,0,0,12,162.49,0.10400000000000001,0.5,2.025,109,96.81,9,740,N/A
2017,1,15,1,30,0,0,0,0,0,0,12,153.72,0.10400000000000001,0.4,1.984,113.4,95.11,8,740,N/A
2017,1,15,2,30,0,0,0,0,0,0,12,141.31,0.10400000000000001,0.30000000000000004,1.97,117.5,93.94,8,740,N/A
2017,1,15,3,30,0,0,0,0,0,0,11,127.82000000000001,0.10400000000000001,0.30000000000000004,1.962,110.7,93.28,8,740,N/A
2017,1,15,4,30,0,0,0,0,0,0,11,113.95,0.10400000000000001,0.30000000000000004,1.934,92.30000000000001,92.5,8,740,N/A
2017,1,15,5,30,0,0,0,0,0,0,11,99.97,0.10400000000000001,0.4,1.9020000000000001,95.5,91.2,8,740,N/A
2017,1,15,6,30,24,305,45,24,305,45,11,86,0.10400000000000001,0.8,1.8860000000000001,106.2,93.56,9,740,N/A
2017,1,15,7,30,60,735,285,60,735,285,12,72.2,0.10400000000000001,0.9,1.875,113.60000000000001,86.29,10,740,N/A
2017,1,15,8,30,78,885,538,78,885,538,13,58.74,0.10400000000000001,0.7000000000000001,1.867,113.9,82.47,12,740,N/A
2017,1,15,9,30,88,960,755,88,960,755,12,45.97,0.10400000000000001,0.5,1.874,130,71.32000000000001,13,740,N/A
2017,1,15,10,30,451,280,682,105,979,910,12,34.74,0.10400000000000001,0.5,1.9000000000000001,156.9,66.39,14,740,N/A
2017,1,15,11,30,444,50,488,108,997,997,12,27.060000000000002,0.10400000000000001,0.4,1.924,172.20000000000002,63.26,15,740,N/A
2017,1,15,12,30,104,1005,1006,104,1005,1006,13,26.27,0.10400000000000001,0.4,1.937,184.10000000000002,64.27,16,740,N/A
2017,1,15,13,30,115,968,928,115,968,928,13,32.88,0.10400000000000001,0.30000000000000004,1.95,192.3,64.97,16,740,N/A
2017,1,15,14,30,105,935,782,105,935,782,13,43.63,0.10400000000000001,0.30000000000000004,1.969,195.3,69.07000000000001,15,730,N/A
2017,1,15,15,30,94,863,575,94,863,575,13,56.18,0.10400000000000001,0.2,1.988,194.20000000000002,73.32000000000001,14,730,N/A
2017,1,15,16,30,79,706,326,79,706,326,13,69.55,0.10400000000000001,0.1,1.996,186.60000000000002,78.13,13,730,N/A
2017,1,15,17,30,40,342,80,40,342,80,13,83.31,0.10400000000000001,0.2,1.998,110.7,86.45,11,740,N/A
2017,1,15,18,30,0,0,0,0,0,0,13,97.26,0.10400000000000001,0.2,2.005,94.9,91.57000000000001,11,740,N/A
2017,1,15,19,30,0,0,0,0,0,0,13,111.26,0.10400000000000001,0.30000000000000004,2.027,100.7,91.04,10,740,N/A
2017,1,15,20,30,0,0,0,0,0,0,13,125.18,0.10400000000000001,0.4,2.055,104,96.85000000000001,10,740,N/A
2017,1,15,21,30,0,0,0,0,0,0,13,138.8,0.10400000000000001,0.4,2.08,97.7,95.97,9,740,N/A
2017,1,15,22,30,0,0,0,0,0,0,13,151.57,0.10400000000000001,0.4,2.095,96.9,100,9,740,N/A
2017,1,15,23,30,0,0,0,0,0,0,12,161.51,0.10400000000000001,0.30000000000000004,2.101,104.10000000000001,99.02,9,740,N/A
2017,1,16,0,30,0,0,0,0,0,0,12,162.70000000000002,0.10400000000000001,0.30000000000000004,2.097,115.7,97.18,9,740,N/A
2017,1,16,1,30,0,0,0,0,0,0,12,153.9,0.10400000000000001,0.2,2.074,125.30000000000001,95.43,9,740,N/A
2017,1,16,2,30,0,0,0,0,0,0,12,141.45000000000002,0.10400000000000001,0.2,2.036,105.80000000000001,94.33,8,740,N/A
2017,1,16,3,30,0,0,0,0,0,0,11,127.93,0.10400000000000001,0.2,2.008,61.400000000000006,93.4,8,740,N/A
2017,1,16,4,30,0,0,0,0,0,0,11,114.05,0.10400000000000001,0.2,1.99,11.9,92.14,8,740,N/A
2017,1,16,5,30,0,0,0,0,0,0,11,100.04,0.10400000000000001,0.1,1.966,344.3,91.04,8,740,N/A
2017,1,16,6,30,24,284,44,24,284,44,11,86.06,0.10400000000000001,0.30000000000000004,1.941,347.6,92.10000000000001,9,740,N/A
2017,1,16,7,30,65,706,281,65,706,281,12,72.24,0.10400000000000001,0.9,1.921,115.60000000000001,84.37,11,740,N/A
2017,1,16,8,30,123,0,123,88,854,532,12,58.75,0.10400000000000001,1.2000000000000002,1.9000000000000001,122.30000000000001,78.37,12,740,N/A
2017,1,16,9,30,265,22,281,100,933,750,12,45.95,0.10400000000000001,1.2000000000000002,1.889,128.9,68.54,14,740,N/A
2017,1,16,10,30,463,184,615,114,963,907,12,34.67,0.10400000000000001,0.9,1.9000000000000001,141.6,65.09,15,740,N/A
2017,1,16,11,30,122,976,993,122,976,993,12,26.91,0.10400000000000001,0.6000000000000001,1.923,170.8,62.53,16,740,N/A
2017,1,16,12,30,512,282,766,122,978,1000,12,26.07,0.10400000000000001,0.6000000000000001,1.956,204.20000000000002,59.61,16,740,N/A
2017,1,16,13,30,467,274,698,143,921,918,12,32.68,0.10400000000000001,0.6000000000000001,1.997,204.4,63.99,16,740,N/A
2017,1,16,14,30,136,873,770,136,873,770,13,43.46,0.10400000000000001,0.5,2.032,197.60000000000002,68.23,15,740,N/A
2017,1,16,15,30,118,801,565,118,801,565,12,56.04,0.10400000000000001,0.30000000000000004,2.051,193,72.42,14,740,N/A
2017,1,16,16,30,103,605,315,103,605,315,13,69.43,0.10400000000000001,0.4,2.051,161.9,77.36,13,740,N/A
2017,1,16,17,30,47,253,77,47,253,77,13,83.21000000000001,0.10400000000000001,0.6000000000000001,2.035,123,90.54,11,740,N/A
2017,1,16,18,30,0,0,0,0,0,0,13,97.18,0.10400000000000001,0.6000000000000001,2.005,117.5,89.31,10,740,N/A
2017,1,16,19,30,0,0,0,0,0,0,13,111.2,0.10200000000000001,0.7000000000000001,1.971,112.5,93.8,10,740,N/A
2017,1,16,20,30,0,0,0,0,0,0,12,125.14,0.10200000000000001,0.7000000000000001,1.939,107.9,92.88,9,740,N/A
2017,1,16,21,30,0,0,0,0,0,0,12,138.78,0.10200000000000001,0.6000000000000001,1.923,100.80000000000001,91.88,9,740,N/A
2017,1,16,22,30,0,0,0,0,0,0,12,151.6,0.10200000000000001,0.4,1.923,91,96.86,9,740,N/A
2017,1,16,23,30,0,0,0,0,0,0,12,161.64000000000001,0.10200000000000001,0.30000000000000004,1.934,72.9,95.42,9,740,N/A
2017,1,17,0,30,0,0,0,0,0,0,12,162.91,0.10200000000000001,0.30000000000000004,1.956,52.400000000000006,94,9,740,N/A
2017,1,17,1,30,0,0,0,0,0,0,11,154.07,0.10200000000000001,0.30000000000000004,1.982,46.800000000000004,93.03,9,740,N/A
2017,1,17,2,30,0,0,0,0,0,0,11,141.59,0.10200000000000001,0.30000000000000004,1.995,65.60000000000001,91.97,8,740,N/A
2017,1,17,3,30,0,0,0,0,0,0,11,128.04,0.10200000000000001,0.4,1.994,81.80000000000001,90.81,8,740,N/A
2017,1,17,4,30,0,0,0,0,0,0,11,114.14,0.10200000000000001,0.4,1.988,90.80000000000001,96.01,8,740,N/A
2017,1,17,5,30,0,0,0,0,0,0,11,100.12,0.10200000000000001,0.5,1.98,97.9,95.07000000000001,8,740,N/A
2017,1,17,6,30,2,0,2,27,192,40,11,86.12,0.10200000000000001,0.9,1.965,102.5,91.95,9,740,N/A
2017,1,17,7,30,19,0,19,83,614,270,12,72.27,0.10200000000000001,1.5,1.945,101.5,83.29,11,740,N/A
2017,1,17,8,30,111,787,520,111,787,520,12,58.75,0.10200000000000001,1.7000000000000002,1.93,94.4,78.37,12,740,N/A
2017,1,17,9,30,361,289,563,124,883,739,12,45.92,0.10200000000000001,1.6,1.933,94.2,68.72,13,740,N/A
2017,1,17,10,30,460,139,575,150,901,892,12,34.58,0.10200000000000001,1.3,1.964,98.10000000000001,65.02,14,740,N/A
2017,1,17,11,30,158,918,978,158,918,978,12,26.75,0.10200000000000001,1,2.009,105.7,62.34,15,740,N/A
2017,1,17,12,30,467,60,521,158,919,985,12,25.86,0.10200000000000001,0.7000000000000001,2.061,118.60000000000001,63.32,16,740,N/A
2017,1,17,13,30,441,401,780,212,804,891,12,32.480000000000004,0.10200000000000001,0.6000000000000001,2.118,138.4,63.92,15,740,N/A
2017,1,17,14,30,196,756,746,196,756,746,13,43.29,0.10200000000000001,0.6000000000000001,2.177,155,68.43,14,740,N/A
2017,1,17,15,30,194,574,516,165,677,545,13,55.9,0.10200000000000001,0.6000000000000001,2.216,157.3,73.9,13,740,N/A
2017,1,17,16,30,132,484,303,132,484,303,13,69.31,0.10200000000000001,0.5,2.224,147.5,80.43,12,740,N/A
2017,1,17,17,30,52,168,72,52,168,72,14,83.11,0.10200000000000001,0.4,2.219,124.10000000000001,94.9,11,740,N/A
2017,1,17,18,30,0,0,0,0,0,0,14,97.09,0.10200000000000001,0.30000000000000004,2.222,122.5,95.63,11,740,N/A
2017,1,17,19,30,0,0,0,0,0,0,14,111.13,0.10200000000000001,0.4,2.231,117.30000000000001,94.83,11,740,N/A
2017,1,17,20,30,0,0,0,0,0,0,14,125.09,0.10200000000000001,0.5,2.238,110.30000000000001,93.84,10,740,N/A
2017,1,17,21,30,0,0,0,0,0,0,13,138.77,0.10200000000000001,0.6000000000000001,2.239,102,98.81,10,740,N/A
2017,1,17,22,30,0,0,0,0,0,0,13,151.64000000000001,0.10200000000000001,0.5,2.232,95.60000000000001,97.42,10,740,N/A
2017,1,17,23,30,0,0,0,0,0,0,13,161.78,0.10200000000000001,0.5,2.219,93.2,95.68,9,740,N/A
2017,1,18,0,30,0,0,0,0,0,0,13,163.12,0.10200000000000001,0.4,2.204,91.2,93.93,9,740,N/A
2017,1,18,1,30,0,0,0,0,0,0,12,154.25,0.10200000000000001,0.4,2.187,92.60000000000001,98.60000000000001,9,740,N/A
2017,1,18,2,30,0,0,0,0,0,0,12,141.72,0.10200000000000001,0.4,2.169,93.2,97.31,9,740,N/A
2017,1,18,3,30,0,0,0,0,0,0,12,128.16,0.10200000000000001,0.4,2.152,91.9,96.32000000000001,9,740,N/A
2017,1,18,4,30,0,0,0,0,0,0,12,114.23,0.10200000000000001,0.4,2.138,97.7,95.46000000000001,9,740,N/A
2017,1,18,5,30,0,0,0,0,0,0,12,100.19,0.10200000000000001,0.4,2.126,100.4,94.68,9,740,N/A
2017,1,18,6,30,26,193,39,26,193,39,12,86.17,0.10200000000000001,0.8,2.119,104,90.87,9,740,N/A
2017,1,18,7,30,89,0,89,75,644,271,13,72.3,0.10200000000000001,1.4000000000000001,2.115,104.80000000000001,88.74,10,740,N/A
2017,1,18,8,30,220,423,439,97,822,523,13,58.76,0.10200000000000001,1.6,2.113,97.2,84.57000000000001,12,740,N/A
2017,1,18,9,30,259,21,274,108,910,742,13,45.89,0.10200000000000001,1.6,2.121,94.9,79.04,13,740,N/A
2017,1,18,10,30,188,14,201,115,954,902,13,34.49,0.10200000000000001,1.5,2.144,97.80000000000001,74.33,14,740,N/A
2017,1,18,11,30,124,8,131,117,976,991,13,26.59,0.10200000000000001,1.4000000000000001,2.179,105.7,70.41,15,740,N/A
2017,1,18,12,30,366,26,390,117,978,999,13,25.64,0.10200000000000001,1.2000000000000002,2.226,114.7,66.94,15,740,N/A
2017,1,18,13,30,118,4,122,115,959,926,13,32.28,0.10200000000000001,1,2.282,124.2,71.66,15,740,N/A
2017,1,18,14,30,135,7,141,108,921,781,13,43.12,0.10200000000000001,0.9,2.342,132.9,76.71000000000001,14,740,N/A
2017,1,18,15,30,139,4,141,96,851,575,13,55.75,0.10200000000000001,0.7000000000000001,2.395,138.8,82.25,13,740,N/A
2017,1,18,16,30,57,0,57,78,706,328,14,69.19,0.10200000000000001,0.6000000000000001,2.431,137,88.46000000000001,12,740,N/A
2017,1,18,17,30,14,0,14,38,381,85,14,83.01,0.10200000000000001,0.4,2.447,128.3,96,11,740,N/A
2017,1,18,18,30,0,0,0,0,0,0,14,97.01,0.10200000000000001,0.2,2.447,112.4,95.92,10,740,N/A
2017,1,18,19,30,0,0,0,0,0,0,14,111.07000000000001,0.10200000000000001,0.2,2.434,91.7,94.47,10,740,N/A
2017,1,18,20,30,0,0,0,0,0,0,13,125.05,0.10200000000000001,0.30000000000000004,2.404,75.4,99.06,10,740,N/A
2017,1,18,21,30,0,0,0,0,0,0,13,138.76,0.10200000000000001,0.30000000000000004,2.362,75,97.03,10,740,N/A
2017,1,18,22,30,0,0,0,0,0,0,13,151.68,0.10200000000000001,0.4,2.32,77.10000000000001,94.69,9,740,N/A
2017,1,18,23,30,0,0,0,0,0,0,12,161.92000000000002,0.10200000000000001,0.4,2.2800000000000002,75.4,98.41,9,740,N/A
2017,1,19,0,30,0,0,0,0,0,0,12,163.34,0.10200000000000001,0.4,2.239,63.2,96.01,9,740,N/A
2017,1,19,1,30,0,0,0,0,0,0,11,154.43,0.10200000000000001,0.4,2.201,58,93.5,9,740,N/A
2017,1,19,2,30,0,0,0,0,0,0,11,141.86,0.10200000000000001,0.4,2.173,54.5,91.56,8,740,N/A
2017,1,19,3,30,0,0,0,0,0,0,11,128.26,0.10200000000000001,0.4,2.1510000000000002,46.900000000000006,90.14,8,740,N/A
2017,1,19,4,30,0,0,0,0,0,0,11,114.31,0.10200000000000001,0.4,2.129,40,94.59,8,740,N/A
2017,1,19,5,30,0,0,0,0,0,0,10,100.25,0.10200000000000001,0.4,2.105,41.300000000000004,92.78,8,740,N/A
2017,1,19,6,30,23,294,42,23,294,42,11,86.22,0.10200000000000001,0.6000000000000001,2.083,60,84.74,10,740,N/A
2017,1,19,7,30,59,731,281,59,731,281,12,72.33,0.10200000000000001,0.9,2.07,87.2,79.02,12,740,N/A
2017,1,19,8,30,77,880,534,77,880,534,12,58.76,0.10200000000000001,1,2.067,99.4,68.75,13,740,N/A
2017,1,19,9,30,88,952,752,88,952,752,12,45.85,0.10200000000000001,0.9,2.078,120.80000000000001,65.11,14,740,N/A
2017,1,19,10,30,457,123,560,93,993,913,12,34.4,0.10200000000000001,0.9,2.11,144.6,62.940000000000005,15,740,N/A
2017,1,19,11,30,465,61,520,100,1005,1000,13,26.42,0.10200000000000001,0.9,2.1550000000000002,163.3,64.53,16,740,N/A
2017,1,19,12,30,94,0,94,101,1004,1008,13,25.42,0.10200000000000001,0.9,2.211,176.10000000000002,62.18,16,740,N/A
2017,1,19,13,30,35,0,35,130,936,923,13,32.07,0.10200000000000001,0.8,2.2720000000000002,186.20000000000002,67.14,16,740,N/A
2017,1,19,14,30,179,12,188,123,893,777,13,42.95,0.10200000000000001,0.7000000000000001,2.332,196.9,72.02,15,740,N/A
2017,1,19,15,30,93,0,93,109,818,571,13,55.61,0.10200000000000001,0.6000000000000001,2.382,209.60000000000002,77.36,14,740,N/A
2017,1,19,16,30,77,0,77,87,667,326,14,69.07000000000001,0.10200000000000001,0.5,2.4130000000000003,217.8,83.55,13,740,N/A
2017,1,19,17,30,20,0,20,42,335,84,14,82.91,0.10200000000000001,0.30000000000000004,2.4290000000000003,230.9,92.43,12,740,N/A
2017,1,19,18,30,0,0,0,0,0,0,14,96.93,0.10200000000000001,0.1,2.443,243.70000000000002,97.86,11,740,N/A
2017,1,19,19,30,0,0,0,0,0,0,14,111.01,0.10200000000000001,0.1,2.453,241.60000000000002,97.04,11,740,N/A
2017,1,19,20,30,0,0,0,0,0,0,14,125.02,0.10200000000000001,0.1,2.452,208.20000000000002,96.33,10,740,N/A
2017,1,19,21,30,0,0,0,0,0,0,14,138.76,0.10200000000000001,0.1,2.437,127.9,95.38,10,740,N/A
2017,1,19,22,30,0,0,0,0,0,0,14,151.73,0.10200000000000001,0.1,2.407,121.30000000000001,100,10,740,N/A
2017,1,19,23,30,0,0,0,0,0,0,13,162.07,0.10200000000000001,0.30000000000000004,2.364,136.1,99.22,10,740,N/A
2017,1,20,0,30,0,0,0,0,0,0,13,163.57,0.10200000000000001,0.4,2.313,132,97.60000000000001,9,740,N/A
2017,1,20,1,30,0,0,0,0,0,0,13,154.61,0.10200000000000001,0.4,2.255,125.80000000000001,95.94,9,740,N/A
2017,1,20,2,30,0,0,0,0,0,0,13,142,0.10200000000000001,0.30000000000000004,2.208,117.4,100,9,740,N/A
2017,1,20,3,30,0,0,0,0,0,0,12,128.37,0.10200000000000001,0.30000000000000004,2.177,106.60000000000001,98.4,9,740,N/A
2017,1,20,4,30,0,0,0,0,0,0,12,114.4,0.10200000000000001,0.2,2.15,105.2,96.79,9,740,N/A
2017,1,20,5,30,0,0,0,0,0,0,12,100.32000000000001,0.10200000000000001,0.2,2.13,85.60000000000001,95.27,9,740,N/A
2017,1,20,6,30,24,140,33,24,238,40,12,86.26,0.10200000000000001,0.6000000000000001,2.113,79.4,90.7,10,740,N/A
2017,1,20,7,30,109,405,231,67,685,275,13,72.35000000000001,0.10200000000000001,1.1,2.094,89.5,82.85000000000001,11,740,N/A
2017,1,20,8,30,256,192,356,84,858,530,13,58.75,0.10200000000000001,1.3,2.079,89.4,73.32000000000001,13,740,N/A
2017,1,20,9,30,94,941,750,94,941,750,13,45.81,0.10200000000000001,1.2000000000000002,2.089,94.9,68.99,15,740,N/A
2017,1,20,10,30,115,956,905,115,956,905,13,34.300000000000004,0.10200000000000001,1,2.134,101.7,65.98,16,740,N/A
2017,1,20,11,30,121,971,992,121,971,992,13,26.240000000000002,0.10200000000000001,0.7000000000000001,2.2,107.7,63.28,16,740,N/A
2017,1,20,12,30,523,189,695,123,968,999,13,25.19,0.10200000000000001,0.4,2.269,109.7,68,16,740,N/A
2017,1,20,13,30,115,5,120,142,915,919,13,31.86,0.10200000000000001,0.1,2.333,115.10000000000001,72.54,15,740,N/A
2017,1,20,14,30,381,320,616,133,872,774,14,42.78,0.10200000000000001,0.1,2.39,350.3,73.18,14,740,N/A
2017,1,20,15,30,11,0,11,116,799,569,14,55.47,0.10200000000000001,0.30000000000000004,2.426,340.3,78.62,13,740,N/A
2017,1,20,16,30,5,0,5,91,654,326,14,68.95,0.10200000000000001,0.4,2.432,2.3000000000000003,85.13,12,740,N/A
2017,1,20,17,30,1,0,1,43,338,85,14,82.81,0.10200000000000001,0.4,2.416,1.5,92.7,11,740,N/A
2017,1,20,18,30,0,0,0,0,0,0,14,96.86,0.10200000000000001,0.4,2.387,0.2,98.60000000000001,11,740,N/A
2017,1,20,19,30,0,0,0,0,0,0,14,110.95,0.10200000000000001,0.4,2.342,6.7,98.25,11,740,N/A
2017,1,20,20,30,0,0,0,0,0,0,14,124.98,0.10200000000000001,0.4,2.278,13.3,97.24000000000001,10,740,N/A
2017,1,20,21,30,0,0,0,0,0,0,14,138.76,0.10200000000000001,0.4,2.201,16.2,100,10,740,N/A
2017,1,20,22,30,0,0,0,0,0,0,14,151.78,0.10200000000000001,0.4,2.12,22.5,100,10,740,N/A
2017,1,20,23,30,0,0,0,0,0,0,13,162.22,0.10200000000000001,0.30000000000000004,2.036,29.8,97.75,9,740,N/A
2017,1,21,0,30,0,0,0,0,0,0,13,163.8,0.10200000000000001,0.30000000000000004,1.945,14.9,100,9,740,N/A
2017,1,21,1,30,0,0,0,0,0,0,12,154.79,0.10200000000000001,0.30000000000000004,1.863,5.800000000000001,98.81,9,740,N/A
2017,1,21,2,30,0,0,0,0,0,0,12,142.13,0.10200000000000001,0.4,1.809,4.5,96.24000000000001,8,740,N/A
2017,1,21,3,30,0,0,0,0,0,0,11,128.48,0.10200000000000001,0.4,1.7790000000000001,3.7,99.89,8,740,N/A
2017,1,21,4,30,0,0,0,0,0,0,11,114.48,0.10200000000000001,0.5,1.754,13,97.12,8,740,N/A
2017,1,21,5,30,0,0,0,0,0,0,11,100.38,0.10200000000000001,0.6000000000000001,1.713,19.3,94.71000000000001,8,740,N/A
2017,1,21,6,30,27,173,38,27,173,38,11,86.3,0.10200000000000001,0.6000000000000001,1.668,24.5,89.65,9,740,N/A
2017,1,21,7,30,85,606,269,85,606,269,12,72.37,0.10200000000000001,0.6000000000000001,1.6500000000000001,28.5,83.09,10,740,N/A
2017,1,21,8,30,255,206,362,110,798,524,12,58.74,0.10200000000000001,0.7000000000000001,1.667,29.400000000000002,73.79,12,740,N/A
2017,1,21,9,30,114,910,749,114,910,749,12,45.76,0.10200000000000001,0.6000000000000001,1.705,38.6,68.13,14,740,N/A
2017,1,21,10,30,454,281,687,109,975,917,11,34.2,0.10200000000000001,0.6000000000000001,1.7510000000000001,35.5,63.56,15,740,N/A
2017,1,21,11,30,518,180,680,110,999,1008,12,26.05,0.10200000000000001,0.6000000000000001,1.7910000000000001,12.700000000000001,60.24,16,740,N/A
2017,1,21,12,30,109,1002,1018,109,1002,1018,12,24.96,0.10200000000000001,0.7000000000000001,1.815,351.5,60.88,16,740,N/A
2017,1,21,13,30,451,76,516,107,987,948,12,31.650000000000002,0.10200000000000001,0.9,1.816,340,61.19,15,740,N/A
2017,1,21,14,30,399,140,502,98,959,804,12,42.61,0.10200000000000001,1,1.7870000000000001,332.90000000000003,64.91,15,740,N/A
2017,1,21,15,30,112,0,112,84,905,598,12,55.33,0.10200000000000001,1,1.735,328.5,68.79,14,740,N/A
2017,1,21,16,30,134,16,140,65,791,351,12,68.84,0.10200000000000001,0.8,1.674,329.20000000000005,73.86,12,740,N/A
2017,1,21,17,30,38,0,38,35,481,96,13,82.72,0.10200000000000001,0.5,1.616,327.90000000000003,88.33,11,740,N/A
2017,1,21,18,30,0,0,0,0,0,0,12,96.78,0.10200000000000001,0.4,1.561,324.90000000000003,93.23,9,740,N/A
2017,1,21,19,30,0,0,0,0,0,0,12,110.9,0.10200000000000001,0.5,1.5110000000000001,321.70000000000005,97.12,9,740,N/A
2017,1,21,20,30,0,0,0,0,0,0,11,124.95,0.10200000000000001,0.6000000000000001,1.467,318.6,100,8,740,N/A
2017,1,21,21,30,0,0,0,0,0,0,11,138.76,0.10200000000000001,0.6000000000000001,1.435,316.5,98.77,8,740,N/A
2017,1,21,22,30,0,0,0,0,0,0,11,151.84,0.10200000000000001,0.6000000000000001,1.422,311.20000000000005,95.46000000000001,7,740,N/A
2017,1,21,23,30,0,0,0,0,0,0,10,162.37,0.10200000000000001,0.7000000000000001,1.423,314.90000000000003,97.7,7,740,N/A
2017,1,22,0,30,0,0,0,0,0,0,10,164.03,0.10200000000000001,0.7000000000000001,1.427,316.40000000000003,93.92,7,740,N/A
2017,1,22,1,30,0,0,0,0,0,0,9,154.97,0.10200000000000001,0.7000000000000001,1.428,323.20000000000005,89.9,6,740,N/A
2017,1,22,2,30,0,0,0,0,0,0,8,142.27,0.10200000000000001,0.8,1.432,329.6,86.13,6,740,N/A
2017,1,22,3,30,0,0,0,0,0,0,8,128.58,0.10200000000000001,0.8,1.421,333.1,88.38,6,740,N/A
2017,1,22,4,30,0,0,0,0,0,0,7,114.56,0.10200000000000001,0.8,1.385,331,84.87,6,740,N/A
2017,1,22,5,30,0,0,0,0,0,0,6,100.44,0.10200000000000001,0.7000000000000001,1.341,327.3,80.61,6,740,N/A
2017,1,22,6,30,20,384,44,20,384,44,7,86.34,0.10200000000000001,0.6000000000000001,1.309,319.90000000000003,74.18,8,740,N/A
2017,1,22,7,30,49,809,293,49,809,293,8,72.38,0.10200000000000001,0.6000000000000001,1.294,326.90000000000003,63.2,11,740,N/A
2017,1,22,8,30,63,945,554,63,945,554,8,58.730000000000004,0.10200000000000001,0.5,1.287,18.1,52.75,13,740,N/A
2017,1,22,9,30,72,1010,777,72,1010,777,8,45.71,0.10200000000000001,0.4,1.286,69,51.28,15,740,N/A
2017,1,22,10,30,77,1044,942,77,1044,942,9,34.09,0.10200000000000001,0.2,1.301,88.60000000000001,50.82,16,740,N/A
2017,1,22,11,30,81,1057,1032,81,1057,1032,10,25.86,0.10200000000000001,0.1,1.333,135.4,50,17,740,N/A
2017,1,22,12,30,85,1052,1041,85,1052,1041,10,24.72,0.10200000000000001,0.2,1.372,205.60000000000002,51.75,17,740,N/A
2017,1,22,13,30,84,1037,969,84,1037,969,10,31.44,0.10200000000000001,0.2,1.407,216.5,52.63,17,740,N/A
2017,1,22,14,30,83,1000,821,83,1000,821,11,42.43,0.10200000000000001,0.30000000000000004,1.431,236.60000000000002,56.36,16,740,N/A
2017,1,22,15,30,76,936,610,76,936,610,11,55.19,0.10200000000000001,0.2,1.444,261.6,59.910000000000004,15,740,N/A
2017,1,22,16,30,63,807,356,63,807,356,11,68.73,0.10200000000000001,0.1,1.452,286.8,68.77,13,740,N/A
2017,1,22,17,30,36,482,98,36,482,98,12,82.63,0.10200000000000001,0,1.451,288.5,84.01,11,740,N/A
2017,1,22,18,30,0,0,0,0,0,0,12,96.71000000000001,0.10200000000000001,0.1,1.446,341.1,88.54,10,740,N/A
2017,1,22,19,30,0,0,0,0,0,0,11,110.85000000000001,0.10200000000000001,0.2,1.45,87.2,93.36,9,740,N/A
2017,1,22,20,30,0,0,0,0,0,0,11,124.93,0.10200000000000001,0.30000000000000004,1.472,114.80000000000001,92.49,9,740,N/A
2017,1,22,21,30,0,0,0,0,0,0,11,138.76,0.10200000000000001,0.4,1.52,122,91.95,8,740,N/A
2017,1,22,22,30,0,0,0,0,0,0,11,151.89000000000001,0.10200000000000001,0.4,1.585,132.4,91.60000000000001,8,740,N/A
2017,1,22,23,30,0,0,0,0,0,0,11,162.54,0.10200000000000001,0.4,1.6560000000000001,153.4,97.25,8,740,N/A
2017,1,23,0,30,0,0,0,0,0,0,11,164.27,0.10200000000000001,0.4,1.722,164.70000000000002,96.53,8,740,N/A
2017,1,23,1,30,0,0,0,0,0,0,11,155.15,0.10200000000000001,0.4,1.776,186.10000000000002,95.53,8,740,N/A
2017,1,23,2,30,0,0,0,0,0,0,11,142.4,0.10200000000000001,0.4,1.816,179.60000000000002,94.92,8,740,N/A
2017,1,23,3,30,0,0,0,0,0,0,11,128.68,0.10200000000000001,0.4,1.838,158.60000000000002,94.57000000000001,8,740,N/A
2017,1,23,4,30,0,0,0,0,0,0,11,114.64,0.10200000000000001,0.4,1.838,139.4,94.27,8,740,N/A
2017,1,23,5,30,0,0,0,0,0,0,11,100.49000000000001,0.10200000000000001,0.30000000000000004,1.828,131.1,93.8,8,740,N/A
2017,1,23,6,30,25,194,38,25,194,38,11,86.38,0.10200000000000001,0.4,1.815,128.20000000000002,83.46000000000001,9,740,N/A
2017,1,23,7,30,73,661,273,73,661,273,11,72.4,0.10200000000000001,0.6000000000000001,1.8,124.10000000000001,76.02,11,740,N/A
2017,1,23,8,30,89,853,533,89,853,533,11,58.71,0.10200000000000001,0.6000000000000001,1.7830000000000001,116.10000000000001,66.63,13,740,N/A
2017,1,23,9,30,95,946,757,95,946,757,11,45.65,0.10200000000000001,0.5,1.7770000000000001,123.80000000000001,63.24,15,740,N/A
2017,1,23,10,30,81,1023,930,81,1023,930,12,33.97,0.10200000000000001,0.5,1.79,134.70000000000002,60.43,16,740,N/A
2017,1,23,11,30,86,1036,1019,86,1036,1019,12,25.67,0.10200000000000001,0.6000000000000001,1.818,144.6,57.32,16,740,N/A
2017,1,23,12,30,88,1034,1029,88,1034,1029,12,24.48,0.10200000000000001,0.5,1.859,152.8,57.78,16,740,N/A
2017,1,23,13,30,96,1003,954,96,1003,954,12,31.23,0.10200000000000001,0.5,1.9080000000000001,163.9,61.51,16,740,N/A
2017,1,23,14,30,375,106,454,92,966,807,12,42.26,0.10200000000000001,0.4,1.953,182.3,61.660000000000004,15,740,N/A
2017,1,23,15,30,84,898,599,84,898,599,12,55.050000000000004,0.10200000000000001,0.30000000000000004,1.983,206.20000000000002,65.66,14,740,N/A
2017,1,23,16,30,71,758,348,71,758,348,12,68.61,0.10200000000000001,0.2,1.991,241.8,75.61,13,740,N/A
2017,1,23,17,30,39,431,95,39,431,95,13,82.54,0.10200000000000001,0.2,1.975,284.7,85.61,11,740,N/A
2017,1,23,18,30,0,0,0,0,0,0,13,96.64,0.10200000000000001,0.2,1.94,294.8,94.68,10,740,N/A
2017,1,23,19,30,0,0,0,0,0,0,13,110.8,0.10200000000000001,0.2,1.9000000000000001,283.8,93.74,10,740,N/A
2017,1,23,20,30,0,0,0,0,0,0,12,124.9,0.10200000000000001,0.2,1.869,309.5,99.19,9,740,N/A
2017,1,23,21,30,0,0,0,0,0,0,12,138.77,0.10200000000000001,0.2,1.851,310.90000000000003,98.52,9,740,N/A
2017,1,23,22,30,0,0,0,0,0,0,12,151.96,0.10200000000000001,0.2,1.845,308,97.07000000000001,9,740,N/A
2017,1,23,23,30,0,0,0,0,0,0,12,162.70000000000002,0.10200000000000001,0.30000000000000004,1.845,320.40000000000003,95.81,8,740,N/A
2017,1,24,0,30,0,0,0,0,0,0,11,164.52,0.10200000000000001,0.30000000000000004,1.85,336.5,100,8,740,N/A
2017,1,24,1,30,0,0,0,0,0,0,11,155.33,0.10200000000000001,0.30000000000000004,1.861,344.6,98.45,8,740,N/A
2017,1,24,2,30,0,0,0,0,0,0,11,142.53,0.10200000000000001,0.2,1.879,346.3,96.02,8,740,N/A
2017,1,24,3,30,0,0,0,0,0,0,11,128.78,0.10200000000000001,0.2,1.8920000000000001,310.1,94.37,7,740,N/A
2017,1,24,4,30,0,0,0,0,0,0,10,114.71000000000001,0.10200000000000001,0.30000000000000004,1.8920000000000001,282.40000000000003,93.16,7,740,N/A
2017,1,24,5,30,0,0,0,0,0,0,10,100.55,0.10200000000000001,0.2,1.8840000000000001,268.6,91.76,7,740,N/A
2017,1,24,6,30,22,293,40,22,293,40,11,86.41,0.10200000000000001,0.2,1.879,270.7,88.14,9,740,N/A
2017,1,24,7,30,58,736,281,58,736,281,12,72.4,0.10200000000000001,0.6000000000000001,1.879,113.9,83.24,11,740,N/A
2017,1,24,8,30,76,889,538,76,889,538,12,58.69,0.10200000000000001,0.9,1.885,103.30000000000001,74.79,13,740,N/A
2017,1,24,9,30,85,964,760,85,964,760,12,45.59,0.10200000000000001,1.1,1.9000000000000001,105,69.14,14,740,N/A
2017,1,24,10,30,94,997,922,94,997,922,12,33.85,0.10200000000000001,1,1.932,112.10000000000001,65.04,15,740,N/A
2017,1,24,11,30,508,280,762,99,1011,1012,12,25.47,0.10200000000000001,0.9,1.972,122.5,61.61,16,740,N/A
2017,1,24,12,30,104,1006,1021,104,1006,1021,12,24.23,0.10200000000000001,0.7000000000000001,2.015,132.9,62.29,16,740,N/A
2017,1,24,13,30,114,970,946,114,970,946,12,31.01,0.10200000000000001,0.6000000000000001,2.053,146.20000000000002,62.59,15,740,N/A
2017,1,24,14,30,129,6,134,106,937,801,12,42.09,0.10200000000000001,0.5,2.086,161.20000000000002,66.83,15,740,N/A
2017,1,24,15,30,63,0,63,94,870,594,12,54.92,0.10200000000000001,0.4,2.119,172.70000000000002,71.31,14,740,N/A
2017,1,24,16,30,6,0,6,77,728,344,12,68.5,0.10200000000000001,0.2,2.1510000000000002,168.5,76.72,13,740,N/A
2017,1,24,17,30,1,0,1,40,408,94,13,82.45,0.10200000000000001,0.1,2.181,152.3,90.78,11,740,N/A
2017,1,24,18,30,0,0,0,0,0,0,13,96.57000000000001,0.10200000000000001,0.1,2.214,147.4,90.43,10,740,N/A
2017,1,24,19,30,0,0,0,0,0,0,13,110.75,0.10200000000000001,0.1,2.257,154.5,95.77,10,740,N/A
2017,1,24,20,30,0,0,0,0,0,0,13,124.88000000000001,0.10200000000000001,0.2,2.31,158.70000000000002,95.44,10,740,N/A
2017,1,24,21,30,0,0,0,0,0,0,13,138.78,0.10200000000000001,0.2,2.366,162.5,95.14,9,740,N/A
2017,1,24,22,30,0,0,0,0,0,0,13,152.02,0.10200000000000001,0.30000000000000004,2.414,165.70000000000002,100,9,740,N/A
2017,1,24,23,30,0,0,0,0,0,0,13,162.87,0.10200000000000001,0.2,2.439,169.10000000000002,100,9,740,N/A
2017,1,25,0,30,0,0,0,0,0,0,12,164.76,0.10200000000000001,0.2,2.431,175.5,98.96000000000001,9,740,N/A
2017,1,25,1,30,0,0,0,0,0,0,12,155.51,0.10200000000000001,0.1,2.3810000000000002,167.4,98.14,9,740,N/A
2017,1,25,2,30,0,0,0,0,0,0,12,142.66,0.10200000000000001,0.2,2.291,112.30000000000001,98.31,9,740,N/A
2017,1,25,3,30,0,0,0,0,0,0,12,128.87,0.10200000000000001,0.30000000000000004,2.191,78.10000000000001,97.88,9,740,N/A
2017,1,25,4,30,0,0,0,0,0,0,12,114.78,0.10200000000000001,0.4,2.099,71.3,96.48,8,740,N/A
2017,1,25,5,30,0,0,0,0,0,0,12,100.60000000000001,0.10200000000000001,0.5,1.997,74.7,93.99,8,740,N/A
2017,1,25,6,30,20,334,41,20,334,41,12,86.43,0.10200000000000001,1,1.8900000000000001,88.7,89.29,10,740,N/A
2017,1,25,7,30,50,778,286,50,778,286,12,72.41,0.10200000000000001,1.9000000000000001,1.807,92.60000000000001,81.47,12,740,N/A
2017,1,25,8,30,65,923,545,65,923,545,12,58.67,0.10200000000000001,2.5,1.7610000000000001,97.80000000000001,71.12,14,740,N/A
2017,1,25,9,30,248,19,262,73,992,768,12,45.53,0.10200000000000001,3,1.7530000000000001,102.4,62.04,15,740,N/A
2017,1,25,10,30,312,22,331,85,1016,930,12,33.730000000000004,0.10200000000000001,3.2,1.7810000000000001,104.5,59.21,16,740,N/A
2017,1,25,11,30,452,50,498,90,1028,1020,12,25.26,0.10200000000000001,3.3000000000000003,1.835,104.10000000000001,56.63,17,740,N/A
2017,1,25,12,30,209,17,225,90,1029,1031,13,23.98,0.10200000000000001,3.2,1.9040000000000001,103.10000000000001,57.18,17,740,N/A
2017,1,25,13,30,488,163,629,92,1008,958,13,30.79,0.10200000000000001,3.1,1.97,102.80000000000001,61.26,17,740,N/A
2017,1,25,14,30,382,78,441,87,975,812,13,41.92,0.10200000000000001,3,2.024,102.9,61.31,16,740,N/A
2017,1,25,15,30,172,10,177,78,914,605,13,54.78,0.10200000000000001,2.8000000000000003,2.055,103.4,65.22,15,740,N/A
2017,1,25,16,30,14,0,14,64,790,355,13,68.4,0.10200000000000001,2.2,2.057,103.9,70.68,14,740,N/A
2017,1,25,17,30,35,485,100,35,485,100,14,82.37,0.10200000000000001,1.4000000000000001,2.044,105.9,84.61,12,740,N/A
2017,1,25,18,30,0,0,0,0,0,0,14,96.51,0.10200000000000001,1.1,2.033,108.10000000000001,94.62,11,740,N/A
2017,1,25,19,30,0,0,0,0,0,0,13,110.71000000000001,0.10200000000000001,1.2000000000000002,2.029,106.5,93.29,10,740,N/A
2017,1,25,20,30,0,0,0,0,0,0,13,124.86,0.10200000000000001,1.3,2.025,104.10000000000001,91.99,10,740,N/A
2017,1,25,21,30,0,0,0,0,0,0,13,138.8,0.10200000000000001,1.4000000000000001,2.025,103.5,96.96000000000001,10,740,N/A
2017,1,25,22,30,0,0,0,0,0,0,13,152.09,0.10200000000000001,1.5,2.021,105.2,95.85000000000001,10,740,N/A
2017,1,25,23,30,0,0,0,0,0,0,13,163.05,0.10200000000000001,1.5,2.011,105.7,94.71000000000001,9,740,N/A
2017,1,26,0,30,0,0,0,0,0,0,12,165.02,0.10200000000000001,1.4000000000000001,1.985,104.9,99.56,9,740,N/A
2017,1,26,1,30,0,0,0,0,0,0,12,155.69,0.10200000000000001,1.2000000000000002,1.949,104.9,97.73,9,740,N/A
2017,1,26,2,30,0,0,0,0,0,0,12,142.78,0.10200000000000001,1.2000000000000002,1.911,104.5,95.64,9,740,N/A
2017,1,26,3,30,0,0,0,0,0,0,12,128.97,0.10200000000000001,1.1,1.893,104.5,93.75,8,740,N/A
2017,1,26,4,30,0,0,0,0,0,0,11,114.85000000000001,0.10200000000000001,1,1.9120000000000001,106.2,92.38,8,740,N/A
2017,1,26,5,30,0,0,0,0,0,0,11,100.64,0.10200000000000001,0.9,1.961,106.4,91.28,8,740,N/A
2017,1,26,6,30,21,289,39,21,289,39,12,86.46000000000001,0.10200000000000001,1.4000000000000001,2.033,111.60000000000001,83.91,10,740,N/A
2017,1,26,7,30,30,0,30,57,729,278,13,72.41,0.10200000000000001,2,2.12,114.30000000000001,79.65,12,740,N/A
2017,1,26,8,30,195,20,206,78,871,531,13,58.64,0.10200000000000001,2.3000000000000003,2.203,104.2,75.87,13,740,N/A
2017,1,26,9,30,185,12,194,93,937,751,13,45.46,0.10200000000000001,2.5,2.261,96.30000000000001,71.05,14,740,N/A
2017,1,26,10,30,334,25,356,127,931,903,13,33.6,0.10200000000000001,2.6,2.29,92.9,70.62,15,740,N/A
2017,1,26,11,30,316,21,336,124,965,998,13,25.05,0.10200000000000001,2.5,2.303,93.30000000000001,70.78,15,740,N/A
2017,1,26,12,30,298,20,317,118,977,1013,13,23.72,0.10200000000000001,2.5,2.312,95.80000000000001,67.03,15,740,N/A
2017,1,26,13,30,376,31,403,148,908,930,13,30.57,0.10200000000000001,2.5,2.33,101.10000000000001,67.05,16,740,N/A
2017,1,26,14,30,376,69,429,130,884,790,13,41.75,0.10200000000000001,2.4000000000000004,2.352,105.10000000000001,67.26,15,740,N/A
2017,1,26,15,30,280,81,327,107,832,588,13,54.65,0.10200000000000001,2.2,2.363,105.30000000000001,71.94,14,740,N/A
2017,1,26,16,30,82,709,344,82,709,344,14,68.29,0.10200000000000001,1.7000000000000002,2.36,101.2,78.54,13,740,N/A
2017,1,26,17,30,43,392,95,43,392,95,14,82.28,0.10200000000000001,1,2.357,95.10000000000001,92.81,12,740,N/A
2017,1,26,18,30,0,0,0,0,0,0,14,96.45,0.10200000000000001,0.7000000000000001,2.364,91,91.48,11,740,N/A
2017,1,26,19,30,0,0,0,0,0,0,14,110.67,0.10200000000000001,0.7000000000000001,2.368,93.60000000000001,97.53,11,740,N/A
2017,1,26,20,30,0,0,0,0,0,0,14,124.85000000000001,0.10200000000000001,0.7000000000000001,2.354,94.7,96.59,11,740,N/A
2017,1,26,21,30,0,0,0,0,0,0,14,138.82,0.10200000000000001,0.8,2.326,91.9,95.07000000000001,10,740,N/A
2017,1,26,22,30,0,0,0,0,0,0,13,152.16,0.10200000000000001,0.7000000000000001,2.294,89.2,99,10,740,N/A
2017,1,26,23,30,0,0,0,0,0,0,13,163.23,0.10200000000000001,0.7000000000000001,2.258,91.4,97.65,10,740,N/A
2017,1,27,0,30,0,0,0,0,0,0,13,165.27,0.10200000000000001,0.9,2.224,94.9,96.82000000000001,10,740,N/A
2017,1,27,1,30,0,0,0,0,0,0,13,155.87,0.10200000000000001,1,2.192,97,95.56,9,740,N/A
2017,1,27,2,30,0,0,0,0,0,0,13,142.91,0.10200000000000001,1,2.16,99.10000000000001,94.01,9,740,N/A
2017,1,27,3,30,0,0,0,0,0,0,12,129.05,0.10200000000000001,1.1,2.128,99.60000000000001,98.29,9,740,N/A
2017,1,27,4,30,0,0,0,0,0,0,12,114.91,0.10200000000000001,1,2.092,98,95.55,9,740,N/A
2017,1,27,5,30,0,0,0,0,0,0,11,100.68,0.10200000000000001,1,2.053,93.7,93.07000000000001,9,740,N/A
2017,1,27,6,30,20,315,40,20,315,40,12,86.48,0.10200000000000001,1.3,2.017,92.10000000000001,89.22,10,740,N/A
2017,1,27,7,30,52,762,283,52,762,283,12,72.4,0.10200000000000001,1.9000000000000001,1.987,90.7,80.43,11,740,N/A
2017,1,27,8,30,144,4,146,67,910,541,12,58.61,0.10200000000000001,2.4000000000000004,1.964,90.80000000000001,69.94,13,740,N/A
2017,1,27,9,30,344,63,388,76,981,765,12,45.39,0.10200000000000001,2.8000000000000003,1.974,94.5,64.18,15,740,N/A
2017,1,27,10,30,324,24,344,91,1001,926,12,33.47,0.10200000000000001,2.9000000000000004,2.013,98.7,60.56,16,740,N/A
2017,1,27,11,30,462,55,512,92,1021,1018,12,24.830000000000002,0.10200000000000001,2.8000000000000003,2.052,102.2,57.72,17,740,N/A
2017,1,27,12,30,529,221,733,90,1025,1031,12,23.45,0.10200000000000001,2.8000000000000003,2.079,105.80000000000001,54.72,17,740,N/A
2017,1,27,13,30,483,119,586,87,1013,962,12,30.35,0.10200000000000001,2.8000000000000003,2.102,108.5,58.730000000000004,17,740,N/A
2017,1,27,14,30,265,20,280,84,979,817,12,41.58,0.10200000000000001,2.7,2.128,109.2,58.93,16,740,N/A
2017,1,27,15,30,77,916,609,77,916,609,12,54.52,0.10200000000000001,2.5,2.153,107.9,63.03,15,740,N/A
2017,1,27,16,30,64,790,358,64,790,358,13,68.19,0.10200000000000001,2,2.173,105.5,73.28,14,740,N/A
2017,1,27,17,30,37,479,102,37,479,102,13,82.2,0.10200000000000001,1.3,2.187,102,82.34,12,740,N/A
2017,1,27,18,30,0,0,0,0,0,0,13,96.39,0.10200000000000001,0.9,2.198,96.9,87.01,11,740,N/A
2017,1,27,19,30,0,0,0,0,0,0,13,110.63,0.10200000000000001,0.9,2.21,92.2,92.47,11,740,N/A
2017,1,27,20,30,0,0,0,0,0,0,13,124.83,0.10200000000000001,0.8,2.215,84.9,91.44,10,740,N/A
2017,1,27,21,30,0,0,0,0,0,0,13,138.84,0.10200000000000001,0.6000000000000001,2.211,77,95.94,10,740,N/A
2017,1,27,22,30,0,0,0,0,0,0,13,152.24,0.10200000000000001,0.6000000000000001,2.203,79.2,94.26,10,740,N/A
2017,1,27,23,30,0,0,0,0,0,0,12,163.41,0.10200000000000001,0.6000000000000001,2.189,89.10000000000001,92.61,9,740,N/A
2017,1,28,0,30,0,0,0,0,0,0,12,165.53,0.10200000000000001,0.6000000000000001,2.173,96.10000000000001,97.2,9,740,N/A
2017,1,28,1,30,0,0,0,0,0,0,12,156.05,0.10200000000000001,0.6000000000000001,2.1590000000000003,99,95.66,9,740,N/A
2017,1,28,2,30,0,0,0,0,0,0,12,143.03,0.10200000000000001,0.6000000000000001,2.153,98.5,94.64,9,740,N/A
2017,1,28,3,30,0,0,0,0,0,0,12,129.14000000000001,0.10200000000000001,0.6000000000000001,2.157,95.4,94.06,9,740,N/A
2017,1,28,4,30,0,0,0,0,0,0,11,114.97,0.10200000000000001,0.6000000000000001,2.164,89.9,93.54,9,740,N/A
2017,1,28,5,30,0,0,0,0,0,0,11,100.72,0.10200000000000001,0.7000000000000001,2.161,87.80000000000001,93.02,9,740,N/A
2017,1,28,6,30,19,0,19,20,306,39,12,86.5,0.10200000000000001,1.3,2.145,94.9,84.12,10,740,N/A
2017,1,28,7,30,124,50,139,53,757,282,12,72.4,0.10200000000000001,2.1,2.123,100.5,76.24,12,740,N/A
2017,1,28,8,30,207,26,221,67,906,540,12,58.57,0.10200000000000001,2.5,2.104,102.30000000000001,70.17,14,740,N/A
2017,1,28,9,30,204,14,214,77,976,764,12,45.31,0.10200000000000001,2.9000000000000004,2.101,105.5,62.14,15,740,N/A
2017,1,28,10,30,416,54,462,130,932,909,12,33.33,0.10200000000000001,3.1,2.113,109.10000000000001,59.09,16,740,N/A
2017,1,28,11,30,135,953,1002,135,953,1002,12,24.61,0.10200000000000001,3.2,2.134,110.4,56.31,17,740,N/A
2017,1,28,12,30,508,90,591,129,965,1017,12,23.19,0.10200000000000001,3.1,2.1550000000000002,109.9,56.51,17,740,N/A
2017,1,28,13,30,492,205,670,159,897,935,12,30.12,0.10200000000000001,3,2.173,108.80000000000001,60.09,17,740,N/A
2017,1,28,14,30,409,146,519,147,859,791,12,41.410000000000004,0.10200000000000001,2.8000000000000003,2.184,107.10000000000001,59.730000000000004,16,740,N/A
2017,1,28,15,30,175,10,181,127,788,586,12,54.39,0.10200000000000001,2.5,2.194,104.4,63.230000000000004,15,740,N/A
2017,1,28,16,30,92,0,92,100,643,340,13,68.08,0.10200000000000001,1.9000000000000001,2.206,101.30000000000001,68.79,14,740,N/A
2017,1,28,17,30,50,323,94,50,323,94,14,82.13,0.10200000000000001,1.2000000000000002,2.217,97.9,82.57000000000001,12,740,N/A
2017,1,28,18,30,0,0,0,0,0,0,13,96.33,0.10200000000000001,0.9,2.226,92,86.72,11,740,N/A
2017,1,28,19,30,0,0,0,0,0,0,13,110.60000000000001,0.10200000000000001,1,2.235,84.7,91,11,740,N/A
2017,1,28,20,30,0,0,0,0,0,0,13,124.82000000000001,0.10200000000000001,0.9,2.244,78,89.13,10,740,N/A
2017,1,28,21,30,0,0,0,0,0,0,12,138.86,0.10200000000000001,0.7000000000000001,2.241,73.60000000000001,93.08,10,740,N/A
2017,1,28,22,30,0,0,0,0,0,0,12,152.32,0.10200000000000001,0.5,2.221,74.7,91.23,10,740,N/A
2017,1,28,23,30,0,0,0,0,0,0,12,163.6,0.10200000000000001,0.5,2.196,80.5,89.57000000000001,9,740,N/A
2017,1,29,0,30,0,0,0,0,0,0,12,165.8,0.10200000000000001,0.6000000000000001,2.1710000000000003,89.4,88.26,9,740,N/A
2017,1,29,1,30,0,0,0,0,0,0,11,156.23,0.10200000000000001,0.7000000000000001,2.142,94.5,93.38,9,740,N/A
2017,1,29,2,30,0,0,0,0,0,0,11,143.15,0.10200000000000001,0.8,2.107,96.2,92.66,9,740,N/A
2017,1,29,3,30,0,0,0,0,0,0,11,129.22,0.10200000000000001,0.9,2.07,97.7,91.93,9,740,N/A
2017,1,29,4,30,0,0,0,0,0,0,11,115.03,0.10200000000000001,0.9,2.035,97.5,90.83,8,740,N/A
2017,1,29,5,30,0,0,0,0,0,0,11,100.76,0.10200000000000001,1,1.997,92.9,89.32000000000001,8,740,N/A
2017,1,29,6,30,20,321,39,20,321,39,11,86.51,0.10200000000000001,1.5,1.964,90.9,81.64,10,740,N/A
2017,1,29,7,30,50,774,285,50,774,285,12,72.39,0.10200000000000001,2.2,1.95,91.4,75.14,13,740,N/A
2017,1,29,8,30,255,117,316,63,923,545,12,58.53,0.10200000000000001,2.7,1.955,94.10000000000001,66.06,15,740,N/A
2017,1,29,9,30,378,192,513,70,992,769,12,45.230000000000004,0.10200000000000001,3,1.978,97.30000000000001,60.76,16,740,N/A
2017,1,29,10,30,382,37,414,83,1013,931,12,33.18,0.10200000000000001,3.2,2.013,100.60000000000001,57.38,17,740,N/A
2017,1,29,11,30,497,83,573,87,1028,1024,12,24.38,0.10200000000000001,3.3000000000000003,2.059,102.60000000000001,54.68,18,740,N/A
2017,1,29,12,30,522,114,628,87,1029,1036,12,22.91,0.10200000000000001,3.2,2.11,103.4,52.02,18,740,N/A
2017,1,29,13,30,148,10,157,107,982,958,12,29.900000000000002,0.10200000000000001,3,2.16,103.2,55.4,18,740,N/A
2017,1,29,14,30,245,17,259,100,947,813,12,41.24,0.10200000000000001,2.8000000000000003,2.206,102.10000000000001,58.86,17,740,N/A
2017,1,29,15,30,221,21,234,89,883,605,12,54.26,0.10200000000000001,2.5,2.245,100.5,62.690000000000005,16,740,N/A
2017,1,29,16,30,72,754,355,72,754,355,13,67.99,0.10200000000000001,1.9000000000000001,2.275,98,68.53,15,740,N/A
2017,1,29,17,30,41,433,101,41,433,101,14,82.05,0.10200000000000001,1.2000000000000002,2.297,95,83.28,13,740,N/A
2017,1,29,18,30,0,0,0,0,0,0,14,96.28,0.10200000000000001,0.9,2.315,90.2,88.17,12,740,N/A
2017,1,29,19,30,0,0,0,0,0,0,13,110.57000000000001,0.10200000000000001,0.9,2.329,84.10000000000001,87.49,11,740,N/A
2017,1,29,20,30,0,0,0,0,0,0,13,124.82000000000001,0.10200000000000001,0.8,2.336,75,92.74,11,740,N/A
2017,1,29,21,30,0,0,0,0,0,0,13,138.89000000000001,0.10200000000000001,0.6000000000000001,2.333,67.5,91.49,10,740,N/A
2017,1,29,22,30,0,0,0,0,0,0,13,152.4,0.10200000000000001,0.5,2.325,70.2,95.76,10,740,N/A
2017,1,29,23,30,0,0,0,0,0,0,13,163.8,0.10200000000000001,0.5,2.308,74.9,93.72,10,740,N/A
2017,1,30,0,30,0,0,0,0,0,0,12,166.07,0.10200000000000001,0.5,2.279,75.2,91.63,9,740,N/A
2017,1,30,1,30,0,0,0,0,0,0,12,156.4,0.10200000000000001,0.6000000000000001,2.24,81.60000000000001,89.76,9,740,N/A
2017,1,30,2,30,0,0,0,0,0,0,12,143.26,0.10200000000000001,0.7000000000000001,2.196,88.2,94.17,9,740,N/A
2017,1,30,3,30,0,0,0,0,0,0,11,129.3,0.10200000000000001,0.8,2.16,89,92.7,9,740,N/A
2017,1,30,4,30,0,0,0,0,0,0,11,115.08,0.10200000000000001,0.8,2.141,87.7,91.45,9,740,N/A
2017,1,30,5,30,0,0,0,0,0,0,11,100.79,0.10200000000000001,1,2.13,88.60000000000001,90.85000000000001,9,740,N/A
2017,1,30,6,30,13,0,13,22,269,38,12,86.52,0.10200000000000001,1.6,2.115,96.60000000000001,83.17,10,740,N/A
2017,1,30,7,30,97,0,97,57,737,280,12,72.37,0.10200000000000001,2.3000000000000003,2.105,101.60000000000001,80.52,12,740,N/A
2017,1,30,8,30,150,6,153,71,896,539,12,58.49,0.10200000000000001,2.5,2.121,100.7,70.74,14,740,N/A
2017,1,30,9,30,320,42,349,78,971,764,12,45.14,0.10200000000000001,2.5,2.157,98.80000000000001,66.88,15,740,N/A
2017,1,30,10,30,415,53,460,83,1010,930,12,33.04,0.10200000000000001,2.5,2.186,98.5,63.59,16,740,N/A
2017,1,30,11,30,442,43,482,85,1028,1023,12,24.14,0.10200000000000001,2.6,2.22,99.60000000000001,59.980000000000004,17,740,N/A
2017,1,30,12,30,223,18,240,85,1028,1035,13,22.64,0.10200000000000001,2.5,2.278,101.60000000000001,60.39,17,740,N/A
2017,1,30,13,30,330,23,350,85,1011,964,13,29.67,0.10200000000000001,2.2,2.351,104.2,64.59,16,740,N/A
2017,1,30,14,30,335,36,363,82,976,819,13,41.07,0.10200000000000001,1.9000000000000001,2.418,107.7,69.07000000000001,15,740,N/A
2017,1,30,15,30,290,97,347,75,915,611,13,54.13,0.10200000000000001,1.7000000000000002,2.469,109.9,74.9,14,740,N/A
2017,1,30,16,30,122,521,318,62,793,361,13,67.89,0.10200000000000001,1.3,2.503,109.30000000000001,82.2,13,740,N/A
2017,1,30,17,30,44,348,93,36,496,105,14,81.98,0.10200000000000001,0.9,2.525,109.7,90.88,12,740,N/A
2017,1,30,18,30,0,0,0,0,0,0,14,96.23,0.10200000000000001,0.7000000000000001,2.532,109.9,92.26,11,740,N/A
2017,1,30,19,30,0,0,0,0,0,0,14,110.54,0.10200000000000001,0.7000000000000001,2.525,107,96.9,11,740,N/A
2017,1,30,20,30,0,0,0,0,0,0,14,124.81,0.10200000000000001,0.7000000000000001,2.5100000000000002,108.2,94.9,11,740,N/A
2017,1,30,21,30,0,0,0,0,0,0,13,138.91,0.10200000000000001,0.8,2.487,110.4,92.93,10,740,N/A
2017,1,30,22,30,0,0,0,0,0,0,13,152.48,0.10200000000000001,0.8,2.447,102.7,96.88,10,740,N/A
2017,1,30,23,30,0,0,0,0,0,0,13,163.99,0.10200000000000001,0.7000000000000001,2.3970000000000002,89.60000000000001,94.01,9,740,N/A
2017,1,31,0,30,0,0,0,0,0,0,12,166.34,0.10200000000000001,0.5,2.35,79.80000000000001,97.62,9,740,N/A
2017,1,31,1,30,0,0,0,0,0,0,12,156.58,0.10200000000000001,0.4,2.312,75.10000000000001,95.26,9,740,N/A
2017,1,31,2,30,0,0,0,0,0,0,11,143.38,0.10200000000000001,0.4,2.2800000000000002,72.7,93.11,9,740,N/A
2017,1,31,3,30,0,0,0,0,0,0,11,129.38,0.10200000000000001,0.30000000000000004,2.255,72.4,91.21000000000001,9,740,N/A
2017,1,31,4,30,0,0,0,0,0,0,11,115.14,0.10200000000000001,0.2,2.235,65.2,89.91,8,740,N/A
2017,1,31,5,30,0,0,0,0,0,0,11,100.82000000000001,0.10200000000000001,0.30000000000000004,2.216,58.7,89.23,8,740,N/A
2017,1,31,6,30,18,367,41,18,367,41,11,86.53,0.10200000000000001,0.8,2.196,83.9,87.03,10,740,N/A
2017,1,31,7,30,45,795,286,45,795,286,12,72.36,0.10200000000000001,1.5,2.184,98.4,80.71000000000001,12,740,N/A
2017,1,31,8,30,240,333,415,58,931,545,12,58.44,0.10200000000000001,2,2.188,97,71.91,14,740,N/A
2017,1,31,9,30,333,50,369,66,994,769,12,45.050000000000004,0.10200000000000001,2.3000000000000003,2.209,97.60000000000001,62.45,15,740,N/A
2017,1,31,10,30,474,185,630,82,1010,931,12,32.89,0.10200000000000001,2.5,2.239,99.2,59.21,16,740,N/A
2017,1,31,11,30,462,52,510,85,1026,1023,12,23.900000000000002,0.10200000000000001,2.5,2.279,101.2,56.370000000000005,17,740,N/A
2017,1,31,12,30,307,21,326,87,1025,1035,13,22.36,0.10200000000000001,2.4000000000000004,2.327,102.30000000000001,60.32,17,740,N/A
2017,1,31,13,30,480,302,744,130,939,948,13,29.45,0.10200000000000001,2.2,2.375,103.9,64.7,16,740,N/A
2017,1,31,14,30,358,429,683,124,897,803,13,40.9,0.10200000000000001,1.9000000000000001,2.4210000000000003,104.30000000000001,65.56,15,740,N/A
2017,1,31,15,30,245,456,514,110,826,596,13,54,0.10200000000000001,1.6,2.459,103.80000000000001,71.03,14,740,N/A
2017,1,31,16,30,89,686,348,89,686,348,14,67.79,0.10200000000000001,1.2000000000000002,2.485,104.30000000000001,83.54,13,740,N/A
2017,1,31,17,30,47,372,99,47,372,99,14,81.91,0.10200000000000001,0.7000000000000001,2.5020000000000002,105.7,86.86,12,740,N/A
2017,1,31,18,30,0,0,0,0,0,0,15,96.18,0.10200000000000001,0.5,2.511,109.2,94.14,12,740,N/A
2017,1,31,19,30,0,0,0,0,0,0,15,110.51,0.10200000000000001,0.5,2.517,115.80000000000001,93.89,12,740,N/A
2017,1,31,20,30,0,0,0,0,0,0,14,124.81,0.10200000000000001,0.6000000000000001,2.529,122.10000000000001,93.41,11,740,N/A
2017,1,31,21,30,0,0,0,0,0,0,14,138.95000000000002,0.10200000000000001,0.6000000000000001,2.548,126.60000000000001,92.65,11,740,N/A
2017,1,31,22,30,0,0,0,0,0,0,14,152.57,0.10200000000000001,0.6000000000000001,2.57,131.3,91.89,11,740,N/A
2017,1,31,23,30,0,0,0,0,0,0,14,164.19,0.10200000000000001,0.6000000000000001,2.585,131.70000000000002,97.06,11,740,N/A
2017,2,1,0,30,0,0,0,0,0,0,14,166.61,0.10200000000000001,0.6000000000000001,2.588,127,96.06,11,740,N/A
2017,2,1,1,30,0,0,0,0,0,0,14,156.75,0.10200000000000001,0.6000000000000001,2.577,124,95.12,11,740,N/A
2017,2,1,2,30,0,0,0,0,0,0,14,143.49,0.10200000000000001,0.7000000000000001,2.5460000000000003,119.4,94.3,10,740,N/A
2017,2,1,3,30,0,0,0,0,0,0,13,129.45,0.10200000000000001,0.7000000000000001,2.491,113.2,93.17,10,740,N/A
2017,2,1,4,30,0,0,0,0,0,0,13,115.18,0.10200000000000001,0.7000000000000001,2.4170000000000003,105.30000000000001,98.13,10,740,N/A
2017,2,1,5,30,0,0,0,0,0,0,13,100.84,0.10200000000000001,1,2.341,100.80000000000001,96.39,10,740,N/A
2017,2,1,6,30,20,286,38,20,286,38,13,86.53,0.10200000000000001,1.7000000000000002,2.2720000000000002,97,91.45,11,740,N/A
2017,2,1,7,30,53,749,281,53,749,281,13,72.33,0.10200000000000001,2.5,2.207,94.5,87.37,12,740,N/A
2017,2,1,8,30,202,23,214,69,901,541,13,58.39,0.10200000000000001,2.9000000000000004,2.142,93,75.38,14,740,N/A
2017,2,1,9,30,223,16,235,76,977,768,13,44.96,0.10200000000000001,3.1,2.092,94.9,68.33,15,740,N/A
2017,2,1,10,30,378,35,408,88,1005,933,12,32.730000000000004,0.10200000000000001,3.1,2.072,96.7,64.02,16,740,N/A
2017,2,1,11,30,89,1025,1028,89,1025,1028,13,23.66,0.10200000000000001,3,2.074,97.60000000000001,60.89,17,740,N/A
2017,2,1,12,30,89,1028,1042,89,1028,1042,13,22.07,0.10200000000000001,2.9000000000000004,2.091,98.80000000000001,57.76,18,740,N/A
2017,2,1,13,30,476,90,555,83,1020,974,13,29.22,0.10200000000000001,2.8000000000000003,2.117,100.4,61.43,17,740,N/A
2017,2,1,14,30,413,228,586,79,990,829,13,40.74,0.10200000000000001,2.7,2.154,101.80000000000001,61.370000000000005,16,740,N/A
2017,2,1,15,30,26,0,26,71,932,621,13,53.88,0.10200000000000001,2.4000000000000004,2.197,102.60000000000001,65.34,15,740,N/A
2017,2,1,16,30,168,91,203,60,811,368,13,67.7,0.10200000000000001,1.9000000000000001,2.235,102.7,75.5,14,740,N/A
2017,2,1,17,30,36,509,108,36,509,108,14,81.84,0.10200000000000001,1.2000000000000002,2.262,103.80000000000001,84.65,12,740,N/A
2017,2,1,18,30,0,0,0,0,0,0,14,96.13,0.10200000000000001,0.8,2.2800000000000002,101.80000000000001,91.34,12,740,N/A
2017,2,1,19,30,0,0,0,0,0,0,14,110.49000000000001,0.10400000000000001,0.7000000000000001,2.2800000000000002,96.10000000000001,90.07000000000001,11,740,N/A
2017,2,1,20,30,0,0,0,0,0,0,14,124.81,0.10400000000000001,0.7000000000000001,2.255,90.4,95.68,11,740,N/A
2017,2,1,21,30,0,0,0,0,0,0,13,138.98,0.10400000000000001,0.7000000000000001,2.21,89,93.24,10,740,N/A
2017,2,1,22,30,0,0,0,0,0,0,13,152.66,0.10400000000000001,0.6000000000000001,2.165,92.7,97.49000000000001,10,740,N/A
2017,2,1,23,30,0,0,0,0,0,0,13,164.39000000000001,0.10400000000000001,0.5,2.128,95.30000000000001,95.91,10,740,N/A
2017,2,2,0,30,0,0,0,0,0,0,13,166.89000000000001,0.10400000000000001,0.5,2.091,96.2,94.56,9,740,N/A
2017,2,2,1,30,0,0,0,0,0,0,12,156.92000000000002,0.10400000000000001,0.5,2.048,95.60000000000001,99.85000000000001,9,740,N/A
2017,2,2,2,30,0,0,0,0,0,0,12,143.59,0.10400000000000001,0.5,2.001,96.30000000000001,98.76,9,740,N/A
2017,2,2,3,30,0,0,0,0,0,0,12,129.52,0.10400000000000001,0.6000000000000001,1.948,99,97.64,9,740,N/A
2017,2,2,4,30,0,0,0,0,0,0,12,115.23,0.10400000000000001,0.6000000000000001,1.889,99.80000000000001,96.38,8,740,N/A
2017,2,2,5,30,0,0,0,0,0,0,12,100.86,0.10400000000000001,0.9,1.827,98.7,94.61,8,740,N/A
2017,2,2,6,30,20,331,40,20,331,40,12,86.53,0.10400000000000001,1.5,1.7670000000000001,97.60000000000001,84.57000000000001,10,740,N/A
2017,2,2,7,30,52,778,288,52,778,288,12,72.31,0.10400000000000001,2.2,1.71,93.60000000000001,75.32000000000001,12,740,N/A
2017,2,2,8,30,68,920,551,68,920,551,12,58.33,0.10400000000000001,2.4000000000000004,1.6520000000000001,91.5,68.4,14,740,N/A
2017,2,2,9,30,77,990,780,77,990,780,11,44.87,0.10400000000000001,2.3000000000000003,1.603,93.10000000000001,58.74,15,740,N/A
2017,2,2,10,30,87,1021,948,87,1021,948,11,32.57,0.10400000000000001,2.1,1.587,96.60000000000001,55.03,16,740,N/A
2017,2,2,11,30,88,1041,1043,88,1041,1043,11,23.41,0.10400000000000001,1.9000000000000001,1.606,101,51.480000000000004,17,740,N/A
2017,2,2,12,30,88,1042,1056,88,1042,1056,11,21.78,0.10400000000000001,1.9000000000000001,1.649,106.4,51.43,18,740,N/A
2017,2,2,13,30,462,72,526,91,1021,985,11,28.990000000000002,0.10400000000000001,1.9000000000000001,1.701,110.60000000000001,51.46,18,740,N/A
2017,2,2,14,30,368,53,408,89,983,836,11,40.57,0.10400000000000001,1.9000000000000001,1.7530000000000001,112.60000000000001,51.38,17,740,N/A
2017,2,2,15,30,84,913,624,84,913,624,11,53.76,0.10400000000000001,1.9000000000000001,1.804,112.30000000000001,54.660000000000004,16,740,N/A
2017,2,2,16,30,72,774,368,72,774,368,11,67.61,0.10400000000000001,1.6,1.85,108.9,59.85,15,740,N/A
2017,2,2,17,30,43,444,107,43,444,107,13,81.78,0.10400000000000001,1.1,1.871,105.2,74.18,13,740,N/A
2017,2,2,18,30,0,0,0,0,0,0,13,96.09,0.10400000000000001,1,1.868,97.4,82.52,11,740,N/A
2017,2,2,19,30,0,0,0,0,0,0,13,110.47,0.10400000000000001,0.9,1.853,87.2,88.05,11,740,N/A
2017,2,2,20,30,0,0,0,0,0,0,12,124.82000000000001,0.10400000000000001,1,1.836,83,87.14,10,740,N/A
2017,2,2,21,30,0,0,0,0,0,0,12,139.02,0.10400000000000001,1.1,1.818,91.7,90.85000000000001,10,740,N/A
2017,2,2,22,30,0,0,0,0,0,0,12,152.75,0.10400000000000001,0.9,1.792,94.10000000000001,89.10000000000001,10,740,N/A
2017,2,2,23,30,0,0,0,0,0,0,12,164.6,0.10400000000000001,0.7000000000000001,1.756,92.5,87.91,9,740,N/A
2017,2,3,0,30,0,0,0,0,0,0,11,167.17000000000002,0.10400000000000001,0.7000000000000001,1.709,87.60000000000001,92.14,9,740,N/A
2017,2,3,1,30,0,0,0,0,0,0,11,157.08,0.10400000000000001,0.7000000000000001,1.657,84.5,89.96000000000001,8,740,N/A
2017,2,3,2,30,0,0,0,0,0,0,11,143.69,0.10400000000000001,0.7000000000000001,1.605,85.60000000000001,93.74,8,740,N/A
2017,2,3,3,30,0,0,0,0,0,0,10,129.59,0.10400000000000001,0.7000000000000001,1.566,87.60000000000001,91.21000000000001,7,740,N/A
2017,2,3,4,30,0,0,0,0,0,0,10,115.27,0.10400000000000001,0.7000000000000001,1.547,90,89.32000000000001,7,740,N/A
2017,2,3,5,30,0,0,0,0,0,0,10,100.88,0.10400000000000001,1,1.545,93.80000000000001,88.37,7,740,N/A
2017,2,3,6,30,21,300,40,21,300,40,10,86.52,0.10400000000000001,1.6,1.56,95.9,80.33,9,740,N/A
2017,2,3,7,30,56,761,287,56,761,287,10,72.28,0.10400000000000001,2.4000000000000004,1.593,91.2,71.73,12,740,N/A
2017,2,3,8,30,259,188,358,72,909,550,11,58.27,0.10400000000000001,2.8000000000000003,1.6480000000000001,96.2,59.800000000000004,15,740,N/A
2017,2,3,9,30,83,976,776,83,976,776,11,44.77,0.10400000000000001,2.9000000000000004,1.715,99.60000000000001,57.54,16,740,N/A
2017,2,3,10,30,474,228,667,94,1004,942,11,32.410000000000004,0.10400000000000001,2.8000000000000003,1.7850000000000001,102.30000000000001,55.620000000000005,17,740,N/A
2017,2,3,11,30,99,1017,1034,99,1017,1034,12,23.150000000000002,0.10400000000000001,2.8000000000000003,1.865,104.2,53.39,18,740,N/A
2017,2,3,12,30,372,25,396,101,1014,1046,12,21.490000000000002,0.10400000000000001,2.7,1.951,105.4,51,18,740,N/A
2017,2,3,13,30,290,20,308,118,969,968,12,28.77,0.10400000000000001,2.6,2.029,106.80000000000001,51.480000000000004,18,740,N/A
2017,2,3,14,30,283,22,300,114,927,820,12,40.410000000000004,0.10400000000000001,2.5,2.093,108.2,54.97,17,740,N/A
2017,2,3,15,30,104,853,610,104,853,610,12,53.64,0.10400000000000001,2.3000000000000003,2.144,108,58.800000000000004,16,740,N/A
2017,2,3,16,30,87,707,357,87,707,357,13,67.53,0.10400000000000001,1.8,2.176,105.10000000000001,64.37,15,740,N/A
2017,2,3,17,30,49,365,102,49,365,102,14,81.71000000000001,0.10400000000000001,1.2000000000000002,2.186,100.5,78.77,13,740,N/A
2017,2,3,18,30,0,0,0,0,0,0,14,96.05,0.10400000000000001,0.9,2.18,95.5,84.89,12,740,N/A
2017,2,3,19,30,0,0,0,0,0,0,14,110.45,0.10400000000000001,0.8,2.165,89.2,89.31,12,740,N/A
2017,2,3,20,30,0,0,0,0,0,0,14,124.82000000000001,0.10400000000000001,0.7000000000000001,2.142,83.30000000000001,88.39,11,740,N/A
2017,2,3,21,30,0,0,0,0,0,0,13,139.06,0.10400000000000001,0.5,2.114,78.9,92.99,11,740,N/A
2017,2,3,22,30,0,0,0,0,0,0,13,152.84,0.10400000000000001,0.5,2.081,79.10000000000001,91.49,10,740,N/A
2017,2,3,23,30,0,0,0,0,0,0,13,164.81,0.10400000000000001,0.5,2.035,80.80000000000001,95.54,10,740,N/A
2017,2,4,0,30,0,0,0,0,0,0,12,167.45000000000002,0.10400000000000001,0.5,1.978,83,93.61,10,740,N/A
2017,2,4,1,30,0,0,0,0,0,0,12,157.25,0.10400000000000001,0.6000000000000001,1.925,84.10000000000001,92.24,9,740,N/A
2017,2,4,2,30,0,0,0,0,0,0,12,143.79,0.10400000000000001,0.7000000000000001,1.883,87,97.42,9,740,N/A
2017,2,4,3,30,0,0,0,0,0,0,12,129.65,0.10400000000000001,0.7000000000000001,1.855,86.9,96.71000000000001,9,740,N/A
2017,2,4,4,30,0,0,0,0,0,0,12,115.3,0.10400000000000001,0.7000000000000001,1.839,84.4,95.45,9,740,N/A
2017,2,4,5,30,0,0,0,0,0,0,12,100.9,0.10400000000000001,0.8,1.824,81.2,93.66,9,740,N/A
2017,2,4,6,30,25,180,36,25,180,36,12,86.52,0.10400000000000001,1.6,1.801,87.80000000000001,83.89,11,740,N/A
2017,2,4,7,30,68,690,278,68,690,278,12,72.25,0.10400000000000001,2.6,1.78,91.4,74.52,13,740,N/A
2017,2,4,8,30,85,868,543,85,868,543,12,58.21,0.10400000000000001,3.1,1.774,92.80000000000001,64.81,15,740,N/A
2017,2,4,9,30,93,955,772,93,955,772,12,44.660000000000004,0.10400000000000001,3.2,1.7890000000000001,97,57.51,16,740,N/A
2017,2,4,10,30,89,1011,944,89,1011,944,12,32.24,0.10400000000000001,3.3000000000000003,1.831,98.30000000000001,54.95,17,740,N/A
2017,2,4,11,30,89,1031,1039,89,1031,1039,12,22.900000000000002,0.10400000000000001,3.4000000000000004,1.893,98.4,55.72,18,740,N/A
2017,2,4,12,30,88,1034,1053,88,1034,1053,12,21.19,0.10400000000000001,3.4000000000000004,1.961,98.60000000000001,52.77,19,740,N/A
2017,2,4,13,30,462,347,767,115,975,972,12,28.54,0.10400000000000001,3.4000000000000004,2.024,99.4,55.93,18,740,N/A
2017,2,4,14,30,344,38,373,109,938,825,12,40.25,0.10400000000000001,3.3000000000000003,2.078,100.4,55.59,17,740,N/A
2017,2,4,15,30,119,2,121,97,871,616,12,53.53,0.10400000000000001,3.1,2.119,101.2,59.18,16,740,N/A
2017,2,4,16,30,54,0,54,79,742,364,13,67.44,0.10400000000000001,2.5,2.138,100.9,68.8,15,740,N/A
2017,2,4,17,30,45,425,106,45,425,106,14,81.65,0.10400000000000001,1.8,2.13,100.80000000000001,78.31,13,740,N/A
2017,2,4,18,30,0,0,0,0,0,0,14,96.02,0.10400000000000001,1.4000000000000001,2.105,98.10000000000001,90.38,12,740,N/A
2017,2,4,19,30,0,0,0,0,0,0,14,110.43,0.10400000000000001,1.3,2.075,92.30000000000001,88.9,12,740,N/A
2017,2,4,20,30,0,0,0,0,0,0,13,124.83,0.10400000000000001,1.3,2.047,92.4,87.83,11,740,N/A
2017,2,4,21,30,0,0,0,0,0,0,13,139.1,0.10400000000000001,1.3,2.029,95.60000000000001,92.64,11,740,N/A
2017,2,4,22,30,0,0,0,0,0,0,13,152.94,0.10400000000000001,1.3,2.027,99.5,91.60000000000001,11,740,N/A
2017,2,4,23,30,0,0,0,0,0,0,13,165.02,0.10400000000000001,1.2000000000000002,2.029,102.10000000000001,90.29,10,740,N/A
2017,2,5,0,30,0,0,0,0,0,0,13,167.74,0.10400000000000001,1.2000000000000002,2.029,103.80000000000001,94.97,10,740,N/A
2017,2,5,1,30,0,0,0,0,0,0,13,157.41,0.10400000000000001,1.2000000000000002,2.024,102.4,94.05,10,740,N/A
2017,2,5,2,30,0,0,0,0,0,0,12,143.89000000000001,0.10400000000000001,1.2000000000000002,2.009,99.4,93.45,10,740,N/A
2017,2,5,3,30,0,0,0,0,0,0,12,129.71,0.10400000000000001,1.3,1.986,97.30000000000001,92.55,9,740,N/A
2017,2,5,4,30,0,0,0,0,0,0,12,115.34,0.10400000000000001,1.2000000000000002,1.959,95,96.88,9,740,N/A
2017,2,5,5,30,0,0,0,0,0,0,12,100.91,0.10400000000000001,1.4000000000000001,1.929,93.9,94.16,9,740,N/A
2017,2,5,6,30,20,314,39,20,314,39,12,86.51,0.10400000000000001,2.1,1.8940000000000001,93.10000000000001,84.34,11,740,N/A
2017,2,5,7,30,54,762,287,54,762,287,12,72.21000000000001,0.10400000000000001,3,1.857,90.4,69.55,13,740,N/A
2017,2,5,8,30,72,902,549,72,902,549,11,58.15,0.10400000000000001,3.5,1.825,93,62.660000000000004,15,740,N/A
2017,2,5,9,30,84,971,776,84,971,776,11,44.56,0.10400000000000001,3.6,1.807,95.5,54.71,16,740,N/A
2017,2,5,10,30,86,1016,947,86,1016,947,11,32.07,0.10400000000000001,3.6,1.807,96.10000000000001,51.77,17,740,N/A
2017,2,5,11,30,87,1036,1044,87,1036,1044,11,22.63,0.10400000000000001,3.7,1.814,95.80000000000001,52.39,18,740,N/A
2017,2,5,12,30,86,1041,1059,86,1041,1059,11,20.89,0.10400000000000001,3.6,1.819,95.5,49.730000000000004,19,740,N/A
2017,2,5,13,30,83,1031,991,83,1031,991,11,28.310000000000002,0.10400000000000001,3.5,1.82,95.10000000000001,49.88,18,740,N/A
2017,2,5,14,30,412,267,616,79,1002,845,11,40.09,0.10400000000000001,3.4000000000000004,1.817,94.9,52.67,18,740,N/A
2017,2,5,15,30,211,17,221,72,944,635,11,53.410000000000004,0.10400000000000001,3.3000000000000003,1.804,93.80000000000001,55.31,17,740,N/A
2017,2,5,16,30,61,829,380,61,829,380,11,67.36,0.10400000000000001,2.8000000000000003,1.7810000000000001,91.5,63.27,15,740,N/A
2017,2,5,17,30,37,535,115,37,535,115,13,81.60000000000001,0.10400000000000001,2.1,1.7570000000000001,89.9,77.41,13,740,N/A
2017,2,5,18,30,0,0,0,0,0,0,13,95.98,0.10400000000000001,1.8,1.74,87.2,84.16,12,740,N/A
2017,2,5,19,30,0,0,0,0,0,0,13,110.42,0.10400000000000001,1.6,1.73,83.60000000000001,89.01,11,740,N/A
2017,2,5,20,30,0,0,0,0,0,0,13,124.84,0.10400000000000001,1.5,1.726,85.9,88.17,11,740,N/A
2017,2,5,21,30,0,0,0,0,0,0,12,139.14000000000001,0.10400000000000001,1.5,1.727,91.5,87.19,10,740,N/A
2017,2,5,22,30,0,0,0,0,0,0,12,153.03,0.10400000000000001,1.5,1.735,94.9,91.34,10,740,N/A
2017,2,5,23,30,0,0,0,0,0,0,12,165.23,0.10400000000000001,1.5,1.738,96.9,89.2,10,740,N/A
2017,2,6,0,30,0,0,0,0,0,0,11,168.02,0.10400000000000001,1.5,1.728,95.4,87.45,9,740,N/A
2017,2,6,1,30,0,0,0,0,0,0,11,157.56,0.10400000000000001,1.5,1.705,92.60000000000001,91.76,9,740,N/A
2017,2,6,2,30,0,0,0,0,0,0,11,143.98,0.10400000000000001,1.5,1.68,89.4,90.11,9,740,N/A
2017,2,6,3,30,0,0,0,0,0,0,11,129.77,0.10400000000000001,1.5,1.6440000000000001,89.2,88.35000000000001,8,740,N/A
2017,2,6,4,30,0,0,0,0,0,0,10,115.36,0.10400000000000001,1.6,1.584,91.2,92.41,8,740,N/A
2017,2,6,5,30,0,0,0,0,0,0,10,100.91,0.10400000000000001,1.7000000000000002,1.5170000000000001,92.9,90.43,8,740,N/A
2017,2,6,6,30,22,277,39,22,277,39,10,86.49,0.10400000000000001,2.3000000000000003,1.464,91.4,80.89,10,740,N/A
2017,2,6,7,30,56,763,290,56,763,290,10,72.17,0.10400000000000001,2.9000000000000004,1.438,88.60000000000001,64.57000000000001,12,740,N/A
2017,2,6,8,30,70,921,558,70,921,558,9,58.08,0.10400000000000001,3.1,1.45,90.4,54.13,14,740,N/A
2017,2,6,9,30,78,993,787,78,993,787,9,44.45,0.10400000000000001,3.2,1.5010000000000001,92.7,49.47,16,740,N/A
2017,2,6,10,30,80,1033,957,80,1033,957,8,31.900000000000002,0.10400000000000001,3.1,1.581,94.30000000000001,46.050000000000004,17,740,N/A
2017,2,6,11,30,82,1048,1051,82,1048,1051,8,22.36,0.10400000000000001,3,1.669,94.60000000000001,43.22,18,740,N/A
2017,2,6,12,30,81,1050,1064,81,1050,1064,8,20.59,0.10400000000000001,2.9000000000000004,1.734,92.4,43.21,18,740,N/A
2017,2,6,13,30,87,1025,992,87,1025,992,8,28.09,0.10400000000000001,2.7,1.7730000000000001,90.10000000000001,43.17,18,740,N/A
2017,2,6,14,30,82,997,846,82,997,846,8,39.94,0.10400000000000001,2.6,1.799,90.2,43.25,17,740,N/A
2017,2,6,15,30,73,942,636,73,942,636,8,53.300000000000004,0.10400000000000001,2.5,1.833,91,46.17,16,740,N/A
2017,2,6,16,30,60,827,380,60,827,380,9,67.28,0.10400000000000001,2.1,1.891,91.80000000000001,54.410000000000004,15,740,N/A
2017,2,6,17,30,37,522,114,37,522,114,11,81.54,0.10400000000000001,1.4000000000000001,1.958,91.5,69.33,13,740,N/A
2017,2,6,18,30,0,0,0,0,0,0,11,95.95,0.10400000000000001,1.1,2.017,90.80000000000001,79.06,11,740,N/A
2017,2,6,19,30,0,0,0,0,0,0,11,110.41,0.10400000000000001,1,2.064,76,79.37,10,740,N/A
2017,2,6,20,30,0,0,0,0,0,0,11,124.86,0.10400000000000001,1,2.085,71.2,84.39,10,740,N/A
2017,2,6,21,30,0,0,0,0,0,0,11,139.19,0.10400000000000001,0.9,2.077,68.8,83.39,9,740,N/A
2017,2,6,22,30,0,0,0,0,0,0,11,153.13,0.10400000000000001,0.8,2.043,70,88.41,9,740,N/A
2017,2,6,23,30,0,0,0,0,0,0,11,165.45000000000002,0.10400000000000001,0.8,1.996,63.300000000000004,87.66,9,740,N/A
2017,2,7,0,30,0,0,0,0,0,0,10,168.31,0.10400000000000001,0.8,1.949,60.6,86.44,8,740,N/A
2017,2,7,1,30,0,0,0,0,0,0,10,157.71,0.10400000000000001,0.8,1.9080000000000001,63.7,91.37,8,740,N/A
2017,2,7,2,30,0,0,0,0,0,0,10,144.07,0.10400000000000001,0.9,1.87,68.10000000000001,90.65,8,740,N/A
2017,2,7,3,30,0,0,0,0,0,0,10,129.82,0.10400000000000001,0.9,1.829,71.60000000000001,89.83,7,740,N/A
2017,2,7,4,30,0,0,0,0,0,0,10,115.39,0.10400000000000001,0.8,1.7830000000000001,75.2,95.01,7,740,N/A
2017,2,7,5,30,0,0,0,0,0,0,10,100.92,0.10400000000000001,0.9,1.744,77.80000000000001,87.8,7,740,N/A
2017,2,7,6,30,23,256,38,23,256,38,10,86.47,0.10400000000000001,1.7000000000000002,1.727,83.4,79.06,9,740,N/A
2017,2,7,7,30,60,733,285,60,733,285,10,72.13,0.10400000000000001,2.7,1.73,86.60000000000001,65.4,12,740,N/A
2017,2,7,8,30,77,892,550,77,892,550,10,58.01,0.10400000000000001,3.2,1.736,91.80000000000001,57.04,15,740,N/A
2017,2,7,9,30,87,968,780,87,968,780,10,44.33,0.10400000000000001,3.4000000000000004,1.713,95,50.660000000000004,17,740,N/A
2017,2,7,10,30,83,1025,955,83,1025,955,10,31.720000000000002,0.10400000000000001,3.5,1.6500000000000001,95.5,48.480000000000004,18,740,N/A
2017,2,7,11,30,82,1050,1055,82,1050,1055,10,22.09,0.10400000000000001,3.5,1.572,95,45.72,19,740,N/A
2017,2,7,12,30,79,1059,1073,79,1059,1073,10,20.28,0.10400000000000001,3.4000000000000004,1.496,94.9,42.31,20,740,N/A
2017,2,7,13,30,78,1050,1006,78,1050,1006,9,27.86,0.10400000000000001,3.3000000000000003,1.422,95.30000000000001,40.93,20,740,N/A
2017,2,7,14,30,73,1027,862,73,1027,862,9,39.78,0.10400000000000001,3.2,1.35,95.5,41.62,19,740,N/A
2017,2,7,15,30,65,978,651,65,978,651,8,53.2,0.10400000000000001,2.9000000000000004,1.298,94.80000000000001,42.6,18,740,N/A
2017,2,7,16,30,54,874,393,54,874,393,9,67.21000000000001,0.10400000000000001,2.2,1.285,93.4,53.2,15,740,N/A
2017,2,7,17,30,33,594,121,33,594,121,11,81.49,0.10400000000000001,1.3,1.299,90.5,69.54,12,740,N/A
2017,2,7,18,30,0,0,0,0,0,0,10,95.92,0.10400000000000001,0.8,1.326,81.2,75.28,10,740,N/A
2017,2,7,19,30,0,0,0,0,0,0,10,110.4,0.10400000000000001,0.8,1.359,64,79.79,10,740,N/A
2017,2,7,20,30,0,0,0,0,0,0,10,124.87,0.10400000000000001,0.9,1.389,72.4,79.76,9,740,N/A
2017,2,7,21,30,0,0,0,0,0,0,10,139.23,0.10400000000000001,1.1,1.419,81.30000000000001,85.88,9,740,N/A
2017,2,7,22,30,0,0,0,0,0,0,10,153.23,0.10400000000000001,1.2000000000000002,1.451,85.4,87.22,9,740,N/A
2017,2,7,23,30,0,0,0,0,0,0,11,165.67000000000002,0.10400000000000001,1.1,1.479,88.7,88.81,9,740,N/A
2017,2,8,0,30,0,0,0,0,0,0,11,168.6,0.10400000000000001,1,1.499,87.7,89.43,8,740,N/A
2017,2,8,1,30,0,0,0,0,0,0,11,157.86,0.10400000000000001,0.8,1.504,84.60000000000001,88.92,8,740,N/A
2017,2,8,2,30,0,0,0,0,0,0,11,144.15,0.10400000000000001,0.8,1.492,81,94.36,8,740,N/A
2017,2,8,3,30,0,0,0,0,0,0,11,129.86,0.10400000000000001,0.7000000000000001,1.466,74.2,93.73,8,740,N/A
2017,2,8,4,30,0,0,0,0,0,0,10,115.41,0.10400000000000001,0.7000000000000001,1.436,66,92.42,7,740,N/A
2017,2,8,5,30,0,0,0,0,0,0,10,100.92,0.10400000000000001,0.8,1.4020000000000001,65,90.87,7,740,N/A
2017,2,8,6,30,22,303,40,22,303,40,10,86.45,0.10400000000000001,1.3,1.367,77.80000000000001,81.86,9,740,N/A
2017,2,8,7,30,53,784,294,53,784,294,10,72.09,0.10400000000000001,2.1,1.348,83.60000000000001,66.87,12,740,N/A
2017,2,8,8,30,66,936,563,66,936,563,9,57.93,0.10400000000000001,2.5,1.353,87.10000000000001,52.46,15,740,N/A
2017,2,8,9,30,73,1006,795,73,1006,795,9,44.22,0.10400000000000001,2.7,1.371,91.4,48.08,17,740,N/A
2017,2,8,10,30,77,1043,966,77,1043,966,9,31.54,0.10400000000000001,2.9000000000000004,1.387,95.9,45.410000000000004,18,740,N/A
2017,2,8,11,30,78,1061,1064,78,1061,1064,9,21.82,0.10400000000000001,3,1.397,98.10000000000001,42.64,19,740,N/A
2017,2,8,12,30,78,1065,1079,78,1065,1079,9,19.97,0.10400000000000001,3.1,1.403,98.2,40,20,740,N/A
2017,2,8,13,30,83,1044,1008,83,1044,1008,9,27.64,0.10400000000000001,3.1,1.4060000000000001,97.4,39.75,20,740,N/A
2017,2,8,14,30,78,1016,861,78,1016,861,9,39.63,0.10400000000000001,3,1.408,96.4,41.89,19,740,N/A
2017,2,8,15,30,70,962,648,70,962,648,9,53.09,0.10400000000000001,2.8000000000000003,1.415,94.4,44.11,18,740,N/A
2017,2,8,16,30,58,852,390,58,852,390,9,67.13,0.10400000000000001,2.2,1.434,91.60000000000001,51.33,16,740,N/A
2017,2,8,17,30,36,560,119,36,560,119,11,81.45,0.10400000000000001,1.3,1.455,88.4,71.16,13,740,N/A
2017,2,8,18,30,0,0,0,0,0,0,11,95.89,0.10400000000000001,0.9,1.471,75.60000000000001,77.82000000000001,11,740,N/A
2017,2,8,19,30,0,0,0,0,0,0,11,110.4,0.10400000000000001,0.9,1.484,56.300000000000004,82.35000000000001,10,740,N/A
2017,2,8,20,30,0,0,0,0,0,0,10,124.89,0.10400000000000001,0.8,1.494,56.6,85.9,9,740,N/A
2017,2,8,21,30,0,0,0,0,0,0,10,139.28,0.10400000000000001,0.8,1.506,60.1,84.31,8,740,N/A
2017,2,8,22,30,0,0,0,0,0,0,10,153.33,0.10400000000000001,0.8,1.5290000000000001,62.400000000000006,90,8,740,N/A
2017,2,8,23,30,0,0,0,0,0,0,10,165.88,0.10400000000000001,0.7000000000000001,1.563,62.800000000000004,90.09,8,740,N/A
2017,2,9,0,30,0,0,0,0,0,0,10,168.89000000000001,0.10400000000000001,0.7000000000000001,1.609,65,90.01,8,740,N/A
2017,2,9,1,30,0,0,0,0,0,0,10,158.01,0.10400000000000001,0.7000000000000001,1.671,67.2,89.63,8,740,N/A
2017,2,9,2,30,0,0,0,0,0,0,10,144.23,0.10400000000000001,0.7000000000000001,1.742,65,89.22,8,740,N/A
2017,2,9,3,30,0,0,0,0,0,0,10,129.91,0.10400000000000001,0.7000000000000001,1.799,62.400000000000006,89.15,8,740,N/A
2017,2,9,4,30,0,0,0,0,0,0,10,115.43,0.10400000000000001,0.7000000000000001,1.823,60.6,89.18,8,740,N/A
2017,2,9,5,30,0,0,0,0,0,0,10,100.91,0.10400000000000001,0.7000000000000001,1.819,57,88.96000000000001,8,740,N/A
2017,2,9,6,30,20,0,20,25,189,37,10,86.43,0.10400000000000001,1.1,1.806,62.300000000000004,80.5,9,740,N/A
2017,2,9,7,30,130,76,154,71,678,280,10,72.04,0.10400000000000001,1.7000000000000002,1.798,69.3,72.13,12,740,N/A
2017,2,9,8,30,90,855,545,90,855,545,10,57.86,0.10400000000000001,1.9000000000000001,1.798,76.7,57.45,15,740,N/A
2017,2,9,9,30,100,939,774,100,939,774,9,44.1,0.10400000000000001,1.8,1.807,79,49.33,16,740,N/A
2017,2,9,10,30,99,993,948,99,993,948,10,31.36,0.10400000000000001,1.7000000000000002,1.832,78.30000000000001,46.65,18,740,N/A
2017,2,9,11,30,102,1012,1044,102,1012,1044,10,21.54,0.10400000000000001,1.4000000000000001,1.868,78.10000000000001,44.6,19,740,N/A
2017,2,9,12,30,104,1012,1057,104,1012,1057,10,19.66,0.10400000000000001,1.2000000000000002,1.9140000000000001,80.2,42.68,19,740,N/A
2017,2,9,13,30,366,496,807,120,968,980,10,27.42,0.10400000000000001,1,1.965,86.4,45.68,19,740,N/A
2017,2,9,14,30,372,402,682,118,923,831,10,39.480000000000004,0.10400000000000001,0.9,2.016,94.5,48.88,18,740,N/A
2017,2,9,15,30,277,387,511,110,845,619,10,52.99,0.10400000000000001,0.9,2.065,98.9,52.75,16,740,N/A
2017,2,9,16,30,162,351,299,95,686,362,11,67.06,0.10400000000000001,0.8,2.111,94.4,62.99,15,740,N/A
2017,2,9,17,30,54,342,105,54,342,105,13,81.4,0.10400000000000001,0.6000000000000001,2.153,84,74.39,13,740,N/A
2017,2,9,18,30,0,0,0,0,0,0,13,95.87,0.10400000000000001,0.5,2.186,73.60000000000001,80.93,13,740,N/A
2017,2,9,19,30,0,0,0,0,0,0,13,110.39,0.114,0.5,2.204,65,86.22,12,740,N/A
2017,2,9,20,30,0,0,0,0,0,0,13,124.91,0.114,0.4,2.204,57.1,85.74,12,740,N/A
2017,2,9,21,30,0,0,0,0,0,0,13,139.33,0.114,0.4,2.189,57.900000000000006,90.38,11,740,N/A
2017,2,9,22,30,0,0,0,0,0,0,13,153.43,0.114,0.4,2.17,69.60000000000001,89.39,11,740,N/A
2017,2,9,23,30,0,0,0,0,0,0,13,166.11,0.114,0.4,2.158,78.60000000000001,88.01,10,740,N/A
2017,2,10,0,30,0,0,0,0,0,0,12,169.19,0.114,0.4,2.1670000000000003,85.10000000000001,92.87,10,740,N/A
2017,2,10,1,30,0,0,0,0,0,0,12,158.15,0.114,0.30000000000000004,2.204,85.4,92.75,10,740,N/A
2017,2,10,2,30,0,0,0,0,0,0,12,144.3,0.114,0.2,2.2520000000000002,72.7,93.38,10,740,N/A
2017,2,10,3,30,0,0,0,0,0,0,13,129.95,0.114,0.2,2.278,45.900000000000006,93.9,10,740,N/A
2017,2,10,4,30,0,0,0,0,0,0,13,115.44,0.114,0.2,2.277,62.2,94.08,10,740,N/A
2017,2,10,5,30,0,0,0,0,0,0,12,100.9,0.114,0.30000000000000004,2.263,99.5,93.51,10,740,N/A
2017,2,10,6,30,25,176,36,25,176,36,13,86.4,0.114,0.8,2.246,102.7,89.21000000000001,11,740,N/A
2017,2,10,7,30,74,649,275,74,649,275,13,71.99,0.114,1.4000000000000001,2.23,100.5,80.29,12,740,N/A
2017,2,10,8,30,100,816,535,100,816,535,13,57.77,0.114,1.9000000000000001,2.218,98.30000000000001,73.89,14,740,N/A
2017,2,10,9,30,116,898,762,116,898,762,12,43.980000000000004,0.114,2.1,2.211,98.9,67.89,15,740,N/A
2017,2,10,10,30,441,65,497,143,913,924,12,31.17,0.114,2,2.216,100.9,63.36,16,740,N/A
2017,2,10,11,30,151,931,1019,151,931,1019,12,21.25,0.114,1.8,2.235,102.9,59.39,16,740,N/A
2017,2,10,12,30,152,933,1033,152,933,1033,12,19.34,0.114,1.5,2.269,103.10000000000001,59.33,17,740,N/A
2017,2,10,13,30,477,78,547,153,910,962,12,27.19,0.114,1.3,2.314,104.9,59.6,16,740,N/A
2017,2,10,14,30,148,861,814,148,861,814,12,39.34,0.114,1.3,2.356,106.7,63.47,16,740,N/A
2017,2,10,15,30,157,8,162,135,777,604,12,52.89,0.114,1.2000000000000002,2.384,107.4,67.91,15,740,N/A
2017,2,10,16,30,112,616,352,112,616,352,13,67,0.114,1.1,2.391,107.9,73.11,14,740,N/A
2017,2,10,17,30,59,278,101,59,278,101,13,81.36,0.114,0.8,2.3810000000000002,105.80000000000001,80.96000000000001,13,740,N/A
2017,2,10,18,30,0,0,0,0,0,0,13,95.85000000000001,0.114,0.6000000000000001,2.362,97.60000000000001,87.73,12,740,N/A
2017,2,10,19,30,0,0,0,0,0,0,13,110.39,0.114,0.6000000000000001,2.338,90.80000000000001,87.75,12,740,N/A
2017,2,10,20,30,0,0,0,0,0,0,13,124.93,0.114,0.5,2.299,87.80000000000001,92.82000000000001,11,740,N/A
2017,2,10,21,30,0,0,0,0,0,0,13,139.39000000000001,0.114,0.5,2.237,86,91.28,11,740,N/A
2017,2,10,22,30,0,0,0,0,0,0,13,153.54,0.114,0.6000000000000001,2.16,83.7,94.95,10,740,N/A
2017,2,10,23,30,0,0,0,0,0,0,12,166.33,0.114,0.7000000000000001,2.086,80.30000000000001,92.11,10,740,N/A
2017,2,11,0,30,0,0,0,0,0,0,12,169.48,0.114,0.7000000000000001,2.037,77.60000000000001,89.47,9,740,N/A
2017,2,11,1,30,0,0,0,0,0,0,11,158.28,0.114,0.6000000000000001,2.023,75,87.63,9,740,N/A
2017,2,11,2,30,0,0,0,0,0,0,11,144.37,0.114,0.6000000000000001,2.029,71.7,92.75,9,740,N/A
2017,2,11,3,30,0,0,0,0,0,0,11,129.98,0.114,0.6000000000000001,2.028,71.7,92.34,9,740,N/A
2017,2,11,4,30,0,0,0,0,0,0,11,115.45,0.114,0.6000000000000001,2.003,74.8,91.67,9,740,N/A
2017,2,11,5,30,0,0,0,0,0,0,11,100.89,0.114,0.8,1.97,79.60000000000001,91.14,9,740,N/A
2017,2,11,6,30,26,151,36,26,151,36,11,86.36,0.114,1.2000000000000002,1.952,84.7,81.63,10,740,N/A
2017,2,11,7,30,84,610,274,84,610,274,11,71.93,0.114,1.6,1.951,86.80000000000001,72.11,12,740,N/A
2017,2,11,8,30,113,789,535,113,789,535,11,57.69,0.114,1.5,1.962,89.10000000000001,62.97,14,740,N/A
2017,2,11,9,30,130,876,763,130,876,763,11,43.85,0.114,1.2000000000000002,1.991,97.80000000000001,59.64,16,740,N/A
2017,2,11,10,30,144,917,930,144,917,930,12,30.98,0.114,1.1,2.048,111,56.980000000000004,17,740,N/A
2017,2,11,11,30,157,926,1022,157,926,1022,12,20.96,0.114,1.1,2.122,119,54.54,18,740,N/A
2017,2,11,12,30,494,60,551,166,916,1032,12,19.03,0.114,1.1,2.195,121.30000000000001,55.17,18,740,N/A
2017,2,11,13,30,492,376,828,204,832,946,12,26.97,0.114,1.1,2.2600000000000002,120.9,58.63,17,740,N/A
2017,2,11,14,30,200,770,797,200,770,797,12,39.19,0.114,1.1,2.312,118.5,62.13,16,740,N/A
2017,2,11,15,30,178,680,589,178,680,589,12,52.79,0.114,1,2.346,112.80000000000001,65.81,15,740,N/A
2017,2,11,16,30,140,512,341,140,512,341,12,66.93,0.114,0.9,2.359,104.2,70.52,14,740,N/A
2017,2,11,17,30,65,206,97,65,206,97,13,81.32000000000001,0.114,0.8,2.36,93.80000000000001,78.83,12,740,N/A
2017,2,11,18,30,0,0,0,0,0,0,13,95.83,0.114,0.7000000000000001,2.356,87.9,84.57000000000001,12,740,N/A
2017,2,11,19,30,0,0,0,0,0,0,13,110.4,0.114,0.6000000000000001,2.341,84.60000000000001,84.85000000000001,11,740,N/A
2017,2,11,20,30,0,0,0,0,0,0,13,124.96000000000001,0.114,0.4,2.31,77.2,89.11,11,740,N/A
2017,2,11,21,30,0,0,0,0,0,0,12,139.44,0.114,0.4,2.2640000000000002,70.3,93.10000000000001,10,740,N/A
2017,2,11,22,30,0,0,0,0,0,0,12,153.64000000000001,0.114,0.30000000000000004,2.21,61.1,91.74,10,740,N/A
2017,2,11,23,30,0,0,0,0,0,0,12,166.55,0.114,0.30000000000000004,2.161,53.6,90.2,9,740,N/A
2017,2,12,0,30,0,0,0,0,0,0,12,169.77,0.114,0.30000000000000004,2.128,49.300000000000004,94.66,9,740,N/A
2017,2,12,1,30,0,0,0,0,0,0,11,158.41,0.114,0.30000000000000004,2.11,47.6,92.98,9,740,N/A
2017,2,12,2,30,0,0,0,0,0,0,11,144.44,0.114,0.30000000000000004,2.102,47.1,91.66,8,740,N/A
2017,2,12,3,30,0,0,0,0,0,0,11,130.01,0.114,0.4,2.098,33.800000000000004,90.68,8,740,N/A
2017,2,12,4,30,0,0,0,0,0,0,11,115.46000000000001,0.114,0.5,2.099,43,89.93,9,740,N/A
2017,2,12,5,30,0,0,0,0,0,0,11,100.88,0.114,0.6000000000000001,2.103,59.400000000000006,89.68,9,740,N/A
2017,2,12,6,30,27,123,35,27,123,35,11,86.33,0.114,1,2.11,80.2,86.37,10,740,N/A
2017,2,12,7,30,116,18,122,94,561,268,11,71.87,0.114,1.4000000000000001,2.126,96.10000000000001,76.74,11,740,N/A
2017,2,12,8,30,143,5,145,125,751,528,11,57.6,0.114,1.5,2.157,94.10000000000001,71.58,13,740,N/A
2017,2,12,9,30,312,34,337,138,856,757,11,43.730000000000004,0.114,1.4000000000000001,2.209,91.7,63.78,14,740,N/A
2017,2,12,10,30,468,97,552,153,896,923,12,30.79,0.114,1.2000000000000002,2.2760000000000002,92.10000000000001,60.9,15,740,N/A
2017,2,12,11,30,276,20,295,165,909,1016,12,20.67,0.114,1,2.348,95.5,58.44,16,740,N/A
2017,2,12,12,30,522,84,602,168,907,1028,12,18.71,0.114,0.8,2.4210000000000003,99.60000000000001,63.06,16,740,N/A
2017,2,12,13,30,189,850,948,189,850,948,12,26.76,0.114,0.6000000000000001,2.488,106.2,63.660000000000004,15,740,N/A
2017,2,12,14,30,178,805,803,178,805,803,13,39.050000000000004,0.114,0.5,2.5420000000000003,122.4,68.54,15,740,N/A
2017,2,12,15,30,289,342,496,145,750,600,13,52.7,0.114,0.5,2.574,134.5,73.84,14,740,N/A
2017,2,12,16,30,160,390,313,123,571,348,13,66.87,0.114,0.5,2.584,127.7,79.51,13,740,N/A
2017,2,12,17,30,63,177,90,62,251,100,13,81.28,0.114,0.4,2.582,119.30000000000001,86.76,12,740,N/A
2017,2,12,18,30,0,0,0,0,0,0,14,95.82000000000001,0.114,0.2,2.575,110.2,89.23,11,740,N/A
2017,2,12,19,30,0,0,0,0,0,0,14,110.4,0.114,0.2,2.569,102.4,89.34,11,740,N/A
2017,2,12,20,30,0,0,0,0,0,0,14,124.99000000000001,0.114,0.2,2.561,97.9,94.71000000000001,11,740,N/A
2017,2,12,21,30,0,0,0,0,0,0,14,139.5,0.114,0.2,2.5500000000000003,102.5,93.78,11,740,N/A
2017,2,12,22,30,0,0,0,0,0,0,13,153.75,0.114,0.2,2.5300000000000002,115.5,92.8,10,740,N/A
2017,2,12,23,30,0,0,0,0,0,0,13,166.77,0.114,0.1,2.496,112.30000000000001,97.84,10,740,N/A
2017,2,13,0,30,0,0,0,0,0,0,13,170.06,0.114,0.2,2.449,69.2,96.46000000000001,10,740,N/A
2017,2,13,1,30,0,0,0,0,0,0,13,158.53,0.114,0.30000000000000004,2.392,4.800000000000001,94.37,9,740,N/A
2017,2,13,2,30,0,0,0,0,0,0,12,144.5,0.114,0.5,2.332,340.20000000000005,93.02,9,740,N/A
2017,2,13,3,30,0,0,0,0,0,0,12,130.04,0.114,0.6000000000000001,2.275,334.8,91.93,9,740,N/A
2017,2,13,4,30,0,0,0,0,0,0,12,115.46000000000001,0.114,0.6000000000000001,2.223,336.5,90.82000000000001,9,740,N/A
2017,2,13,5,30,0,0,0,0,0,0,12,100.86,0.114,0.5,2.1710000000000003,342.1,89.68,9,740,N/A
2017,2,13,6,30,25,192,38,25,192,38,12,86.29,0.114,0.4,2.118,351.70000000000005,85.12,10,740,N/A
2017,2,13,7,30,77,644,278,77,644,278,12,71.81,0.114,0.5,2.066,12.4,81.5,12,740,N/A
2017,2,13,8,30,266,167,356,103,815,541,12,57.51,0.114,0.5,2.024,22,69.14,14,740,N/A
2017,2,13,9,30,390,164,509,119,900,771,11,43.6,0.114,0.5,2,337.8,59.79,16,740,N/A
2017,2,13,10,30,487,172,635,99,992,953,11,30.6,0.114,0.5,1.992,300.2,56.1,17,740,N/A
2017,2,13,11,30,115,993,1046,115,993,1046,11,20.38,0.114,0.6000000000000001,1.993,273.8,53.050000000000004,17,740,N/A
2017,2,13,12,30,119,989,1058,119,989,1058,12,18.38,0.114,0.6000000000000001,2.004,259.1,53.35,18,740,N/A
2017,2,13,13,30,137,942,981,137,942,981,12,26.54,0.114,0.5,2.021,251.10000000000002,53.43,18,740,N/A
2017,2,13,14,30,141,884,829,141,884,829,12,38.92,0.114,0.4,2.045,251.4,56.76,17,730,N/A
2017,2,13,15,30,130,802,617,130,802,617,12,52.61,0.114,0.30000000000000004,2.068,261.1,60.25,16,730,N/A
2017,2,13,16,30,114,620,358,114,620,358,12,66.81,0.114,0.2,2.089,297.3,64.54,15,740,N/A
2017,2,13,17,30,61,273,103,61,273,103,13,81.25,0.114,0.2,2.094,25.3,77.48,13,740,N/A
2017,2,13,18,30,0,0,0,0,0,0,13,95.8,0.114,0.30000000000000004,2.079,44.5,84.77,12,740,N/A
2017,2,13,19,30,0,0,0,0,0,0,13,110.41,0.114,0.4,2.045,36,90.52,11,740,N/A
2017,2,13,20,30,0,0,0,0,0,0,13,125.01,0.114,0.4,2.001,26.200000000000003,89.76,10,740,N/A
2017,2,13,21,30,0,0,0,0,0,0,13,139.55,0.114,0.4,1.956,16.5,94.76,10,740,N/A
2017,2,13,22,30,0,0,0,0,0,0,13,153.85,0.114,0.6000000000000001,1.911,1.9000000000000001,93.86,9,740,N/A
2017,2,13,23,30,0,0,0,0,0,0,12,166.99,0.114,0.7000000000000001,1.867,343.5,98.68,9,740,N/A
2017,2,14,0,30,0,0,0,0,0,0,12,170.35,0.114,0.8,1.827,334.70000000000005,96.09,8,740,N/A
2017,2,14,1,30,0,0,0,0,0,0,11,158.65,0.114,0.8,1.795,326,93.31,8,740,N/A
2017,2,14,2,30,0,0,0,0,0,0,11,144.55,0.114,0.7000000000000001,1.7730000000000001,314.3,96.92,8,740,N/A
2017,2,14,3,30,0,0,0,0,0,0,11,130.06,0.114,0.7000000000000001,1.766,300.6,94.74,8,740,N/A
2017,2,14,4,30,0,0,0,0,0,0,10,115.46000000000001,0.114,0.7000000000000001,1.7550000000000001,299.1,92.73,8,740,N/A
2017,2,14,5,30,0,0,0,0,0,0,10,100.84,0.114,0.7000000000000001,1.729,307.90000000000003,90.63,8,740,N/A
2017,2,14,6,30,25,232,40,25,232,40,10,86.25,0.114,0.9,1.7,312.70000000000005,80.41,10,740,N/A
2017,2,14,7,30,70,693,287,70,693,287,11,71.75,0.114,1,1.679,308.5,68.86,13,740,N/A
2017,2,14,8,30,267,171,359,93,855,553,11,57.42,0.114,0.8,1.68,304.3,61.120000000000005,15,740,N/A
2017,2,14,9,30,110,926,782,110,926,782,11,43.46,0.114,0.7000000000000001,1.709,282.8,57.61,16,740,N/A
2017,2,14,10,30,121,964,952,121,964,952,11,30.400000000000002,0.114,0.8,1.748,265.8,54.59,17,740,N/A
2017,2,14,11,30,409,30,438,131,974,1046,11,20.080000000000002,0.114,0.9,1.782,263,51.7,18,740,N/A
2017,2,14,12,30,524,310,819,133,975,1060,11,18.06,0.114,0.8,1.805,266.6,48.78,18,740,N/A
2017,2,14,13,30,359,25,382,146,934,984,11,26.330000000000002,0.114,0.7000000000000001,1.823,270.40000000000003,51.61,18,740,N/A
2017,2,14,14,30,394,354,670,142,889,835,11,38.78,0.114,0.6000000000000001,1.841,276.6,50.89,17,740,N/A
2017,2,14,15,30,310,213,440,125,819,624,11,52.53,0.114,0.4,1.851,290.3,53.5,16,740,N/A
2017,2,14,16,30,107,653,365,107,653,365,11,66.76,0.114,0.30000000000000004,1.851,334.8,61.43,15,740,N/A
2017,2,14,17,30,59,314,107,59,314,107,12,81.22,0.114,0.30000000000000004,1.837,73.2,76.41,13,740,N/A
2017,2,14,18,30,0,0,0,0,0,0,12,95.79,0.114,0.5,1.81,88.5,81.56,12,740,N/A
2017,2,14,19,30,0,0,0,0,0,0,12,110.42,0.114,0.6000000000000001,1.7750000000000001,95.2,86.94,11,740,N/A
2017,2,14,20,30,0,0,0,0,0,0,12,125.04,0.114,0.5,1.728,92.80000000000001,86.14,10,740,N/A
2017,2,14,21,30,0,0,0,0,0,0,12,139.61,0.114,0.4,1.666,88.4,91.47,10,740,N/A
2017,2,14,22,30,0,0,0,0,0,0,12,153.96,0.114,0.30000000000000004,1.607,75.4,90.54,10,740,N/A
2017,2,14,23,30,0,0,0,0,0,0,12,167.21,0.114,0.30000000000000004,1.56,46.2,89.62,9,740,N/A
2017,2,15,0,30,0,0,0,0,0,0,12,170.64000000000001,0.114,0.4,1.528,2.5,94.24,9,740,N/A
2017,2,15,1,30,0,0,0,0,0,0,11,158.76,0.114,0.6000000000000001,1.5050000000000001,334.3,93.16,9,740,N/A
2017,2,15,2,30,0,0,0,0,0,0,11,144.6,0.114,0.7000000000000001,1.485,323.40000000000003,92.12,8,740,N/A
2017,2,15,3,30,0,0,0,0,0,0,11,130.08,0.114,0.7000000000000001,1.464,322.90000000000003,91.01,8,740,N/A
2017,2,15,4,30,0,0,0,0,0,0,11,115.45,0.114,0.6000000000000001,1.447,325.3,89.91,8,740,N/A
2017,2,15,5,30,0,0,0,0,0,0,11,100.81,0.114,0.4,1.441,330.20000000000005,88.59,8,740,N/A
2017,2,15,6,30,26,227,41,26,227,41,11,86.2,0.114,0.5,1.453,352.20000000000005,83.29,10,740,N/A
2017,2,15,7,30,75,677,288,75,677,288,11,71.68,0.114,0.9,1.482,115,74.69,12,740,N/A
2017,2,15,8,30,98,846,555,98,846,555,11,57.33,0.114,1.2000000000000002,1.51,132.20000000000002,64.08,13,740,N/A
2017,2,15,9,30,112,927,787,112,927,787,10,43.33,0.114,1.2000000000000002,1.5330000000000001,143.20000000000002,59.49,15,740,N/A
2017,2,15,10,30,110,987,963,110,987,963,10,30.2,0.114,1.1,1.563,153.3,55.95,16,740,N/A
2017,2,15,11,30,114,1005,1060,114,1005,1060,10,19.78,0.114,1,1.599,174.5,52.32,17,740,N/A
2017,2,15,12,30,114,1007,1074,114,1007,1074,10,17.73,0.114,0.9,1.639,193.9,49.300000000000004,18,740,N/A
2017,2,15,13,30,114,988,1002,114,988,1002,10,26.12,0.114,0.8,1.682,208.10000000000002,49.660000000000004,17,740,N/A
2017,2,15,14,30,111,948,852,111,948,852,11,38.65,0.114,0.6000000000000001,1.723,219.5,53.02,17,740,N/A
2017,2,15,15,30,311,212,441,100,884,638,11,52.44,0.114,0.30000000000000004,1.7610000000000001,221.8,56.57,16,740,N/A
2017,2,15,16,30,144,14,149,86,739,378,11,66.71000000000001,0.114,0.2,1.784,205.5,60.870000000000005,15,740,N/A
2017,2,15,17,30,49,427,114,49,427,114,12,81.19,0.114,0.2,1.782,110.4,74.97,13,740,N/A
2017,2,15,18,30,0,0,0,0,0,0,12,95.78,0.114,0.30000000000000004,1.7630000000000001,78.30000000000001,79.75,11,740,N/A
2017,2,15,19,30,0,0,0,0,0,0,12,110.43,0.114,0.4,1.742,81.4,85.13,11,740,N/A
2017,2,15,20,30,0,0,0,0,0,0,12,125.08,0.114,0.4,1.724,73.4,84.48,10,740,N/A
2017,2,15,21,30,0,0,0,0,0,0,12,139.67000000000002,0.114,0.4,1.71,69,89.42,10,740,N/A
2017,2,15,22,30,0,0,0,0,0,0,12,154.06,0.114,0.4,1.705,66.8,88.46000000000001,10,740,N/A
2017,2,15,23,30,0,0,0,0,0,0,11,167.43,0.114,0.4,1.709,57.7,87.49,10,740,N/A
2017,2,16,0,30,0,0,0,0,0,0,11,170.92000000000002,0.114,0.4,1.719,39.300000000000004,86.61,9,740,N/A
2017,2,16,1,30,0,0,0,0,0,0,11,158.86,0.114,0.5,1.731,10.5,91.45,9,740,N/A
2017,2,16,2,30,0,0,0,0,0,0,11,144.64000000000001,0.114,0.6000000000000001,1.741,353.1,90.69,9,740,N/A
2017,2,16,3,30,0,0,0,0,0,0,11,130.09,0.114,0.7000000000000001,1.74,346.40000000000003,89.76,8,740,N/A
2017,2,16,4,30,0,0,0,0,0,0,11,115.44,0.114,0.7000000000000001,1.732,346.3,88.76,8,740,N/A
2017,2,16,5,30,0,0,0,0,0,0,11,100.78,0.114,0.6000000000000001,1.726,351.3,87.88,8,740,N/A
2017,2,16,6,30,23,299,43,23,299,43,11,86.16,0.114,0.6000000000000001,1.727,1.5,84.95,10,740,N/A
2017,2,16,7,30,62,735,294,62,735,294,12,71.61,0.114,0.6000000000000001,1.73,33.9,74.43,13,740,N/A
2017,2,16,8,30,81,885,560,81,885,560,11,57.230000000000004,0.114,0.4,1.732,42.6,62.64,15,740,N/A
2017,2,16,9,30,92,961,792,92,961,792,11,43.2,0.114,0.30000000000000004,1.738,14.100000000000001,54.08,16,740,N/A
2017,2,16,10,30,108,983,960,108,983,960,11,30,0.114,0.5,1.7590000000000001,306.3,51.050000000000004,17,740,N/A
2017,2,16,11,30,336,22,357,116,996,1055,11,19.47,0.114,0.7000000000000001,1.803,296.6,48.26,18,740,N/A
2017,2,16,12,30,120,991,1066,120,991,1066,11,17.400000000000002,0.114,0.8,1.867,292,48.9,19,740,N/A
2017,2,16,13,30,406,34,438,146,931,984,11,25.91,0.114,0.7000000000000001,1.939,289.90000000000003,52.34,18,740,N/A
2017,2,16,14,30,428,139,537,142,884,834,11,38.53,0.114,0.5,2.004,294.40000000000003,55.68,17,740,N/A
2017,2,16,15,30,124,815,622,124,815,622,11,52.36,0.114,0.30000000000000004,2.056,314.1,59.18,16,740,N/A
2017,2,16,16,30,110,636,362,110,636,362,12,66.66,0.114,0.30000000000000004,2.085,3.5,63.93,15,740,N/A
2017,2,16,17,30,59,308,106,59,308,106,12,81.17,0.114,0.4,2.091,56.6,77.04,13,740,N/A
2017,2,16,18,30,0,0,0,0,0,0,13,95.78,0.114,0.4,2.075,61.1,84.62,12,740,N/A
2017,2,16,19,30,0,0,0,0,0,0,13,110.44,0.114,0.5,2.041,45.300000000000004,90.18,11,740,N/A
2017,2,16,20,30,0,0,0,0,0,0,13,125.11,0.114,0.5,1.998,33.2,89.44,10,740,N/A
2017,2,16,21,30,0,0,0,0,0,0,13,139.73,0.114,0.6000000000000001,1.96,22.1,93.96000000000001,10,740,N/A
2017,2,16,22,30,0,0,0,0,0,0,12,154.16,0.114,0.6000000000000001,1.937,24.900000000000002,92.08,9,740,N/A
2017,2,16,23,30,0,0,0,0,0,0,12,167.65,0.114,0.6000000000000001,1.935,38,96.3,9,740,N/A
2017,2,17,0,30,0,0,0,0,0,0,12,171.20000000000002,0.114,0.6000000000000001,1.954,42.7,94.89,9,740,N/A
2017,2,17,1,30,0,0,0,0,0,0,12,158.96,0.114,0.6000000000000001,1.986,30.6,94.25,9,740,N/A
2017,2,17,2,30,0,0,0,0,0,0,11,144.68,0.114,0.7000000000000001,2.017,10.4,93.28,8,740,N/A
2017,2,17,3,30,0,0,0,0,0,0,11,130.1,0.114,0.8,2.036,357.40000000000003,92.08,8,740,N/A
2017,2,17,4,30,0,0,0,0,0,0,11,115.43,0.114,0.8,2.037,349.6,91.02,8,740,N/A
2017,2,17,5,30,0,0,0,0,0,0,11,100.75,0.114,0.8,2.031,342.5,90.17,8,740,N/A
2017,2,17,6,30,25,241,41,25,241,41,11,86.11,0.114,0.9,2.021,335.40000000000003,86.27,10,740,N/A
2017,2,17,7,30,67,700,289,67,700,289,12,71.54,0.114,0.9,2.02,343.3,80.10000000000001,12,740,N/A
2017,2,17,8,30,263,103,319,83,870,556,12,57.13,0.114,0.7000000000000001,2.027,12.9,70.54,14,740,N/A
2017,2,17,9,30,373,82,433,92,950,787,12,43.06,0.114,0.5,2.044,25.900000000000002,60.94,15,740,N/A
2017,2,17,10,30,487,136,605,102,984,956,12,29.8,0.114,0.30000000000000004,2.074,22.3,56.79,16,740,N/A
2017,2,17,11,30,471,48,517,114,990,1049,12,19.16,0.114,0.2,2.118,20.700000000000003,56.78,17,740,N/A
2017,2,17,12,30,311,21,331,121,982,1060,12,17.07,0.114,0.2,2.172,30.6,57.09,17,740,N/A
2017,2,17,13,30,191,16,205,133,943,984,12,25.7,0.114,0.1,2.222,39.400000000000006,61,16,740,N/A
2017,2,17,14,30,162,11,171,131,896,834,12,38.410000000000004,0.114,0.1,2.259,52.7,60.89,15,740,N/A
2017,2,17,15,30,274,404,522,122,815,621,12,52.29,0.114,0.2,2.277,50.800000000000004,64.85,14,740,N/A
2017,2,17,16,30,170,55,192,102,661,365,12,66.62,0.114,0.30000000000000004,2.274,44.900000000000006,69.39,13,740,N/A
2017,2,17,17,30,56,332,107,56,332,107,12,81.14,0.114,0.30000000000000004,2.251,53.5,81.67,12,740,N/A
2017,2,17,18,30,0,0,0,0,0,0,13,95.78,0.114,0.30000000000000004,2.214,44.800000000000004,89.34,11,740,N/A
2017,2,17,19,30,0,0,0,0,0,0,13,110.46000000000001,0.116,0.4,2.176,45.900000000000006,88.71000000000001,10,740,N/A
2017,2,17,20,30,0,0,0,0,0,0,13,125.15,0.116,0.4,2.142,49,94.49,10,740,N/A
2017,2,17,21,30,0,0,0,0,0,0,13,139.79,0.116,0.4,2.114,47.6,94.18,10,740,N/A
2017,2,17,22,30,0,0,0,0,0,0,12,154.27,0.116,0.4,2.086,40.5,93.62,10,740,N/A
2017,2,17,23,30,0,0,0,0,0,0,12,167.87,0.116,0.4,2.056,29.700000000000003,92.49,9,740,N/A
2017,2,18,0,30,0,0,0,0,0,0,12,171.48,0.116,0.5,2.021,24.900000000000002,97.54,9,740,N/A
2017,2,18,1,30,0,0,0,0,0,0,12,159.05,0.116,0.5,1.992,24.700000000000003,96.3,9,740,N/A
2017,2,18,2,30,0,0,0,0,0,0,12,144.72,0.116,0.6000000000000001,1.968,26.5,94.97,8,740,N/A
2017,2,18,3,30,0,0,0,0,0,0,12,130.1,0.116,0.6000000000000001,1.948,31.8,93.68,8,740,N/A
2017,2,18,4,30,0,0,0,0,0,0,11,115.41,0.116,0.6000000000000001,1.927,41.6,98.66,8,740,N/A
2017,2,18,5,30,0,0,0,0,0,0,11,100.72,0.116,0.6000000000000001,1.9080000000000001,53.800000000000004,97.23,8,740,N/A
2017,2,18,6,30,28,146,38,28,146,38,11,86.05,0.116,0.9,1.8940000000000001,74.8,86.29,10,740,N/A
2017,2,18,7,30,100,550,275,100,550,275,11,71.47,0.116,1.5,1.8860000000000001,92.30000000000001,76.09,12,740,N/A
2017,2,18,8,30,143,718,534,143,718,534,11,57.03,0.116,1.7000000000000002,1.877,99.4,65.46000000000001,13,740,N/A
2017,2,18,9,30,165,816,763,165,816,763,11,42.92,0.116,1.5,1.866,104.9,60.97,15,740,N/A
2017,2,18,10,30,482,291,735,160,899,942,11,29.6,0.116,1.2000000000000002,1.86,108.80000000000001,57.14,16,740,N/A
2017,2,18,11,30,169,918,1038,169,918,1038,11,18.85,0.116,1.1,1.867,110.80000000000001,53.89,17,740,N/A
2017,2,18,12,30,450,37,486,173,915,1050,11,16.740000000000002,0.116,1.1,1.8900000000000001,112.60000000000001,50.99,18,740,N/A
2017,2,18,13,30,482,76,551,187,870,973,11,25.5,0.116,1.2000000000000002,1.922,114.30000000000001,51.120000000000005,18,740,N/A
2017,2,18,14,30,181,818,823,181,818,823,11,38.29,0.116,1.4000000000000001,1.956,114.7,54.300000000000004,17,740,N/A
2017,2,18,15,30,163,728,610,163,728,610,11,52.22,0.116,1.5,1.991,110.10000000000001,57.52,16,740,N/A
2017,2,18,16,30,136,546,354,136,546,354,11,66.57000000000001,0.116,1.3,2.031,103.5,61.300000000000004,15,740,N/A
2017,2,18,17,30,67,214,100,67,214,100,12,81.12,0.116,1.1,2.066,96.5,74.49,13,740,N/A
2017,2,18,18,30,0,0,0,0,0,0,12,95.78,0.116,1,2.088,90.30000000000001,80.58,12,740,N/A
2017,2,18,19,30,0,0,0,0,0,0,12,110.47,0.116,1,2.095,88.5,86.21000000000001,11,740,N/A
2017,2,18,20,30,0,0,0,0,0,0,12,125.18,0.116,0.8,2.088,82.4,85.41,11,740,N/A
2017,2,18,21,30,0,0,0,0,0,0,12,139.85,0.116,0.6000000000000001,2.07,85.60000000000001,89.93,10,740,N/A
2017,2,18,22,30,0,0,0,0,0,0,12,154.37,0.116,0.5,2.049,88.4,88.02,10,740,N/A
2017,2,18,23,30,0,0,0,0,0,0,11,168.09,0.116,0.4,2.024,82.30000000000001,86.78,9,740,N/A
2017,2,19,0,30,0,0,0,0,0,0,11,171.75,0.116,0.30000000000000004,1.997,73.7,85.36,9,740,N/A
2017,2,19,1,30,0,0,0,0,0,0,11,159.14000000000001,0.116,0.30000000000000004,1.969,63.400000000000006,89.87,9,740,N/A
2017,2,19,2,30,0,0,0,0,0,0,11,144.74,0.116,0.4,1.944,59,88.46000000000001,9,740,N/A
2017,2,19,3,30,0,0,0,0,0,0,10,130.1,0.116,0.4,1.92,57.5,87.23,8,740,N/A
2017,2,19,4,30,0,0,0,0,0,0,10,115.39,0.116,0.4,1.8920000000000001,54.6,86.43,8,740,N/A
2017,2,19,5,30,0,0,0,0,0,0,10,100.68,0.116,0.6000000000000001,1.862,49.800000000000004,85.51,8,740,N/A
2017,2,19,6,30,29,126,38,29,126,38,10,85.99,0.116,0.9,1.832,56.400000000000006,81.60000000000001,10,740,N/A
2017,2,19,7,30,97,569,278,97,569,278,10,71.39,0.116,1.2000000000000002,1.803,68.5,67.08,12,740,N/A
2017,2,19,8,30,122,776,546,122,776,546,10,56.93,0.116,1.3,1.7810000000000001,82.80000000000001,59.11,15,740,N/A
2017,2,19,9,30,132,882,780,132,882,780,11,42.78,0.116,1.3,1.7790000000000001,105.80000000000001,53.660000000000004,16,740,N/A
2017,2,19,10,30,154,910,947,154,910,947,11,29.39,0.116,1.5,1.802,119.7,51.76,17,740,N/A
2017,2,19,11,30,157,935,1044,157,935,1044,11,18.54,0.116,1.8,1.839,122.4,49.51,18,740,N/A
2017,2,19,12,30,430,32,462,157,938,1057,11,16.41,0.116,2,1.879,120.4,49.78,19,740,N/A
2017,2,19,13,30,513,235,726,206,840,966,11,25.3,0.116,2.1,1.9160000000000001,116.60000000000001,49.43,18,740,N/A
2017,2,19,14,30,426,123,524,191,798,819,11,38.17,0.116,2.2,1.947,111.9,51.870000000000005,17,740,N/A
2017,2,19,15,30,28,0,28,167,719,608,11,52.15,0.116,2.1,1.968,106.9,54.82,16,740,N/A
2017,2,19,16,30,177,65,203,128,572,356,11,66.53,0.116,1.7000000000000002,1.977,102.9,62.71,15,740,N/A
2017,2,19,17,30,57,14,59,63,263,103,12,81.11,0.116,1.1,1.974,100.5,71.71000000000001,13,740,N/A
2017,2,19,18,30,0,0,0,0,0,0,13,95.78,0.116,0.8,1.959,94.7,83.38,12,740,N/A
2017,2,19,19,30,0,0,0,0,0,0,12,110.49000000000001,0.116,0.7000000000000001,1.944,76.4,86.85000000000001,11,740,N/A
2017,2,19,20,30,0,0,0,0,0,0,12,125.22,0.116,0.5,1.937,63.400000000000006,85.64,10,740,N/A
2017,2,19,21,30,0,0,0,0,0,0,12,139.92000000000002,0.116,0.4,1.936,59.1,89.28,10,740,N/A
2017,2,19,22,30,0,0,0,0,0,0,11,154.47,0.116,0.4,1.935,59.800000000000004,87.59,9,740,N/A
2017,2,19,23,30,0,0,0,0,0,0,11,168.3,0.116,0.4,1.931,59.5,92.27,9,740,N/A
2017,2,20,0,30,0,0,0,0,0,0,11,172.02,0.116,0.4,1.925,49.2,91.53,9,740,N/A
2017,2,20,1,30,0,0,0,0,0,0,11,159.22,0.116,0.5,1.9160000000000001,36.5,90.3,9,740,N/A
2017,2,20,2,30,0,0,0,0,0,0,11,144.77,0.116,0.5,1.9100000000000001,23.400000000000002,88.96000000000001,8,740,N/A
2017,2,20,3,30,0,0,0,0,0,0,11,130.1,0.116,0.5,1.9140000000000001,15.4,87.67,8,740,N/A
2017,2,20,4,30,0,0,0,0,0,0,10,115.37,0.116,0.6000000000000001,1.923,16.1,86.41,8,740,N/A
2017,2,20,5,30,0,0,0,0,0,0,10,100.64,0.116,0.6000000000000001,1.935,29.900000000000002,85.29,8,740,N/A
2017,2,20,6,30,29,86,35,29,86,35,10,85.93,0.116,0.8,1.95,57.400000000000006,80.84,10,740,N/A
2017,2,20,7,30,117,470,268,117,470,268,11,71.31,0.116,1,1.97,79.7,73.02,12,740,N/A
2017,2,20,8,30,226,33,244,160,671,528,11,56.82,0.116,1.2000000000000002,1.992,93,65.15,13,740,N/A
2017,2,20,9,30,188,769,754,188,769,754,11,42.63,0.116,1.1,2.009,100.4,62.22,14,740,N/A
2017,2,20,10,30,487,126,598,181,860,932,11,29.19,0.116,0.9,2.031,104.30000000000001,59.07,15,740,N/A
2017,2,20,11,30,447,342,772,184,891,1030,11,18.23,0.116,0.7000000000000001,2.057,107.60000000000001,56.09,16,740,N/A
2017,2,20,12,30,464,41,504,180,900,1045,11,16.07,0.116,0.5,2.087,111.80000000000001,56.35,17,740,N/A
2017,2,20,13,30,218,17,234,202,841,964,12,25.11,0.116,0.30000000000000004,2.116,113.7,56.58,17,740,N/A
2017,2,20,14,30,274,20,290,183,808,819,12,38.06,0.116,0.1,2.138,112.2,56.65,16,740,N/A
2017,2,20,15,30,307,268,472,153,746,612,12,52.08,0.116,0.1,2.1510000000000002,34,60.42,15,740,N/A
2017,2,20,16,30,182,94,220,116,612,360,12,66.5,0.116,0.2,2.157,346.20000000000005,65.28,14,740,N/A
2017,2,20,17,30,59,300,106,59,300,106,13,81.09,0.116,0.2,2.164,351.5,80.41,13,740,N/A
2017,2,20,18,30,0,0,0,0,0,0,13,95.78,0.116,0.4,2.172,13.200000000000001,85.63,12,740,N/A
2017,2,20,19,30,0,0,0,0,0,0,13,110.51,0.116,0.6000000000000001,2.174,344.90000000000003,84.2,11,740,N/A
2017,2,20,20,30,0,0,0,0,0,0,13,125.26,0.116,0.7000000000000001,2.162,327,89.02,11,740,N/A
2017,2,20,21,30,0,0,0,0,0,0,13,139.98,0.116,0.7000000000000001,2.137,317.6,88.18,10,740,N/A
2017,2,20,22,30,0,0,0,0,0,0,12,154.58,0.116,0.6000000000000001,2.103,312,93.27,10,740,N/A
2017,2,20,23,30,0,0,0,0,0,0,12,168.51,0.116,0.5,2.061,308.3,92.39,10,740,N/A
2017,2,21,0,30,0,0,0,0,0,0,12,172.28,0.116,0.5,2.019,311.6,91.39,10,740,N/A
2017,2,21,1,30,0,0,0,0,0,0,12,159.28,0.116,0.5,1.983,322.3,90.24,9,740,N/A
2017,2,21,2,30,0,0,0,0,0,0,12,144.78,0.116,0.4,1.958,332.70000000000005,94.97,9,740,N/A
2017,2,21,3,30,0,0,0,0,0,0,12,130.09,0.116,0.30000000000000004,1.945,341.8,93.73,9,740,N/A
2017,2,21,4,30,0,0,0,0,0,0,11,115.34,0.116,0.30000000000000004,1.94,345.40000000000003,92.51,9,740,N/A
2017,2,21,5,30,0,0,0,0,0,0,11,100.59,0.116,0.4,1.945,333,91.09,9,740,N/A
2017,2,21,6,30,30,124,39,30,124,39,11,85.87,0.116,0.5,1.967,314.8,80.57000000000001,10,740,N/A
2017,2,21,7,30,104,532,275,104,532,275,12,71.23,0.116,0.4,2.004,310.90000000000003,74.21000000000001,12,740,N/A
2017,2,21,8,30,136,731,538,136,731,538,12,56.71,0.116,0.30000000000000004,2.045,285.40000000000003,66.07000000000001,15,740,N/A
2017,2,21,9,30,153,833,768,153,833,768,12,42.49,0.116,0.4,2.094,208.8,62.75,16,740,N/A
2017,2,21,10,30,151,904,943,151,904,943,12,28.98,0.116,0.7000000000000001,2.152,184.8,59.9,17,740,N/A
2017,2,21,11,30,155,927,1038,155,927,1038,13,17.91,0.116,0.8,2.225,183.9,57.120000000000005,18,740,N/A
2017,2,21,12,30,512,66,576,157,927,1049,13,15.74,0.116,0.8,2.308,186.8,57.94,18,740,N/A
2017,2,21,13,30,514,245,736,179,870,968,13,24.92,0.116,0.7000000000000001,2.394,195.60000000000002,62.53,17,740,N/A
2017,2,21,14,30,432,216,603,166,829,820,13,37.96,0.116,0.5,2.477,209.5,67.56,16,740,N/A
2017,2,21,15,30,110,0,111,146,751,609,14,52.02,0.116,0.5,2.5580000000000003,232.20000000000002,72.83,15,740,N/A
2017,2,21,16,30,15,0,15,117,598,356,14,66.47,0.116,0.5,2.626,267.3,79.22,14,740,N/A
2017,2,21,17,30,4,0,4,58,296,104,14,81.08,0.116,0.5,2.668,304,86.89,13,740,N/A
2017,2,21,18,30,0,0,0,0,0,0,14,95.79,0.116,0.7000000000000001,2.676,308.1,93.43,12,740,N/A
2017,2,21,19,30,0,0,0,0,0,0,14,110.54,0.116,0.7000000000000001,2.654,313.90000000000003,92.87,11,740,N/A
2017,2,21,20,30,0,0,0,0,0,0,14,125.3,0.116,0.6000000000000001,2.61,334.6,96.94,11,740,N/A
2017,2,21,21,30,0,0,0,0,0,0,14,140.04,0.116,0.6000000000000001,2.553,348,94.15,10,740,N/A
2017,2,21,22,30,0,0,0,0,0,0,13,154.68,0.116,0.6000000000000001,2.492,343.6,97.01,10,740,N/A
2017,2,21,23,30,0,0,0,0,0,0,13,168.71,0.116,0.5,2.4290000000000003,341.40000000000003,94.75,10,740,N/A
2017,2,22,0,30,0,0,0,0,0,0,12,172.53,0.116,0.5,2.35,340.3,92.7,9,740,N/A
2017,2,22,1,30,0,0,0,0,0,0,12,159.35,0.116,0.4,2.265,339.20000000000005,91.3,9,740,N/A
2017,2,22,2,30,0,0,0,0,0,0,12,144.8,0.116,0.30000000000000004,2.202,342.8,96.75,9,740,N/A
2017,2,22,3,30,0,0,0,0,0,0,12,130.07,0.116,0.30000000000000004,2.16,345.6,96.38,9,740,N/A
2017,2,22,4,30,0,0,0,0,0,0,12,115.31,0.116,0.30000000000000004,2.128,309.3,96.53,9,740,N/A
2017,2,22,5,30,0,0,0,0,0,0,12,100.54,0.116,0.4,2.104,269.40000000000003,95.86,9,740,N/A
2017,2,22,6,30,26,141,36,25,277,45,12,85.81,0.116,0.7000000000000001,2.084,273.7,91.4,9,740,N/A
2017,2,22,7,30,125,351,238,66,708,295,13,71.14,0.116,0.9,2.068,280.40000000000003,88.77,11,740,N/A
2017,2,22,8,30,231,401,452,89,855,559,13,56.61,0.116,0.9,2.057,273.90000000000003,80.29,13,740,N/A
2017,2,22,9,30,390,265,587,103,927,789,13,42.34,0.116,1.1,2.053,241.20000000000002,70.02,14,740,N/A
2017,2,22,10,30,462,382,797,105,978,963,13,28.77,0.116,1.1,2.056,224.60000000000002,64.72,15,740,N/A
2017,2,22,11,30,549,346,879,107,999,1060,13,17.59,0.116,1,2.077,217.60000000000002,64.47,16,740,N/A
2017,2,22,12,30,488,254,734,109,998,1072,13,15.4,0.116,1,2.121,206.70000000000002,60.84,17,740,N/A
2017,2,22,13,30,460,242,680,123,959,994,13,24.73,0.116,1,2.179,193.20000000000002,60.76,16,740,N/A
2017,2,22,14,30,385,54,428,113,928,845,13,37.85,0.116,1,2.242,184.4,64.18,15,740,N/A
2017,2,22,15,30,231,21,244,99,866,632,13,51.96,0.116,0.9,2.3000000000000003,178.3,68.28,14,740,N/A
2017,2,22,16,30,130,5,133,80,739,376,13,66.44,0.116,0.6000000000000001,2.345,176.10000000000002,73.63,13,740,N/A
2017,2,22,17,30,40,0,40,45,441,113,14,81.07000000000001,0.116,0.30000000000000004,2.375,163.3,88.48,12,740,N/A
2017,2,22,18,30,0,0,0,0,0,0,14,95.8,0.116,0.2,2.395,106.80000000000001,90.99,11,740,N/A
2017,2,22,19,30,0,0,0,0,0,0,14,110.56,0.116,0.2,2.402,87.10000000000001,96.34,11,740,N/A
2017,2,22,20,30,0,0,0,0,0,0,14,125.34,0.116,0.2,2.388,88.9,95.04,11,740,N/A
2017,2,22,21,30,0,0,0,0,0,0,13,140.11,0.116,0.1,2.355,109.5,93.52,11,740,N/A
2017,2,22,22,30,0,0,0,0,0,0,13,154.77,0.116,0.2,2.307,221.10000000000002,92.34,10,740,N/A
2017,2,22,23,30,0,0,0,0,0,0,13,168.91,0.116,0.30000000000000004,2.255,274.8,96.92,10,740,N/A
2017,2,23,0,30,0,0,0,0,0,0,13,172.77,0.116,0.30000000000000004,2.215,317.70000000000005,95.01,10,740,N/A
2017,2,23,1,30,0,0,0,0,0,0,12,159.4,0.116,0.30000000000000004,2.179,348,93.25,9,740,N/A
2017,2,23,2,30,0,0,0,0,0,0,12,144.8,0.116,0.30000000000000004,2.1350000000000002,352.70000000000005,97.93,9,740,N/A
2017,2,23,3,30,0,0,0,0,0,0,12,130.05,0.116,0.4,2.085,345.8,95.75,9,740,N/A
2017,2,23,4,30,0,0,0,0,0,0,11,115.27,0.116,0.5,2.045,316.3,93.29,9,740,N/A
2017,2,23,5,30,0,0,0,0,0,0,11,100.49000000000001,0.116,0.6000000000000001,2.025,291.7,91.9,9,740,N/A
2017,2,23,6,30,25,254,44,24,322,48,12,85.74,0.116,0.6000000000000001,2.025,279.1,88.07000000000001,10,740,N/A
2017,2,23,7,30,90,574,277,58,748,301,12,71.05,0.116,0.5,2.041,277.7,81.19,12,740,N/A
2017,2,23,8,30,252,61,286,76,890,568,12,56.49,0.116,0.4,2.067,219.70000000000002,70.86,14,740,N/A
2017,2,23,9,30,342,428,660,90,953,797,11,42.2,0.116,0.7000000000000001,2.098,164,63.64,15,740,N/A
2017,2,23,10,30,196,16,210,101,983,965,11,28.57,0.116,0.8,2.1350000000000002,159.60000000000002,59.46,16,740,N/A
2017,2,23,11,30,546,125,666,108,996,1059,11,17.27,0.116,0.9,2.176,160.5,59.800000000000004,16,740,N/A
2017,2,23,12,30,177,15,192,112,993,1071,12,15.07,0.116,0.8,2.215,161.5,60.36,16,740,N/A
2017,2,23,13,30,134,8,142,117,967,997,12,24.55,0.116,0.6000000000000001,2.244,163.60000000000002,60.620000000000005,15,740,N/A
2017,2,23,14,30,369,44,404,111,932,848,12,37.76,0.116,0.5,2.2680000000000002,161.10000000000002,64.85,15,740,N/A
2017,2,23,15,30,299,78,348,96,874,636,12,51.910000000000004,0.116,0.5,2.2880000000000003,143.6,69.68,14,740,N/A
2017,2,23,16,30,179,95,217,79,745,378,12,66.41,0.116,0.5,2.3040000000000003,113.10000000000001,75.35000000000001,13,740,N/A
2017,2,23,17,30,58,46,65,45,443,114,13,81.07000000000001,0.116,0.4,2.313,85,84.18,12,740,N/A
2017,2,23,18,30,0,0,0,0,0,0,13,95.81,0.116,0.30000000000000004,2.316,75.4,92.68,11,740,N/A
2017,2,23,19,30,0,0,0,0,0,0,13,110.59,0.116,0.30000000000000004,2.312,78.2,92.55,11,740,N/A
2017,2,23,20,30,0,0,0,0,0,0,13,125.39,0.116,0.4,2.3040000000000003,86.9,92.08,10,740,N/A
2017,2,23,21,30,0,0,0,0,0,0,13,140.17000000000002,0.116,0.4,2.294,98.5,91.32000000000001,10,740,N/A
2017,2,23,22,30,0,0,0,0,0,0,13,154.87,0.116,0.30000000000000004,2.2840000000000003,108.5,96.87,10,740,N/A
2017,2,23,23,30,0,0,0,0,0,0,13,169.11,0.116,0.2,2.279,118.30000000000001,96.35000000000001,10,740,N/A
2017,2,24,0,30,0,0,0,0,0,0,13,173,0.116,0.2,2.283,132,95.79,9,740,N/A
2017,2,24,1,30,0,0,0,0,0,0,13,159.44,0.116,0.2,2.3000000000000003,142.3,95.23,9,740,N/A
2017,2,24,2,30,0,0,0,0,0,0,13,144.8,0.116,0.2,2.328,149.8,94.7,9,740,N/A
2017,2,24,3,30,0,0,0,0,0,0,13,130.03,0.116,0.2,2.357,156.20000000000002,94.46000000000001,9,740,N/A
2017,2,24,4,30,0,0,0,0,0,0,13,115.23,0.116,0.2,2.3770000000000002,155.20000000000002,100,9,740,N/A
2017,2,24,5,30,0,0,0,0,0,0,12,100.43,0.116,0.2,2.3850000000000002,141.8,99.94,9,740,N/A
2017,2,24,6,30,8,0,8,25,281,46,13,85.67,0.116,0.4,2.3810000000000002,123.4,95.66,10,740,N/A
2017,2,24,7,30,52,0,52,64,709,295,13,70.97,0.116,0.8,2.365,99.80000000000001,92.38,11,740,N/A
2017,2,24,8,30,223,29,239,84,860,560,13,56.38,0.116,1.2000000000000002,2.342,94.5,81.46000000000001,12,740,N/A
2017,2,24,9,30,47,0,47,96,933,789,13,42.050000000000004,0.116,1.3,2.324,98.2,74.39,14,740,N/A
2017,2,24,10,30,228,17,243,94,988,964,13,28.36,0.116,1.3,2.328,102.5,68.65,15,740,N/A
2017,2,24,11,30,245,19,264,102,999,1058,13,16.95,0.116,1.2000000000000002,2.352,105.9,64.62,15,740,N/A
2017,2,24,12,30,220,18,238,104,998,1070,13,14.74,0.116,1,2.387,107.7,69.2,15,740,N/A
2017,2,24,13,30,81,0,81,109,973,996,13,24.38,0.116,0.9,2.422,109.10000000000001,69.59,15,740,N/A
2017,2,24,14,30,38,0,38,103,940,847,13,37.660000000000004,0.116,0.8,2.453,109.10000000000001,74.53,14,740,N/A
2017,2,24,15,30,130,4,133,94,873,634,13,51.86,0.116,0.7000000000000001,2.479,109.80000000000001,79.94,13,740,N/A
2017,2,24,16,30,19,0,19,77,747,377,13,66.39,0.116,0.4,2.498,105.7,86.17,12,740,N/A
2017,2,24,17,30,5,0,5,43,458,114,14,81.07000000000001,0.116,0.1,2.508,84.5,88.29,11,740,N/A
2017,2,24,18,30,0,0,0,0,0,0,14,95.82000000000001,0.116,0,2.5100000000000002,22.6,95.01,11,740,N/A
2017,2,24,19,30,0,0,0,0,0,0,14,110.62,0.116,0,2.505,31.200000000000003,94.64,10,740,N/A
2017,2,24,20,30,0,0,0,0,0,0,13,125.43,0.116,0.1,2.492,149.20000000000002,99.99000000000001,10,740,N/A
2017,2,24,21,30,0,0,0,0,0,0,13,140.23,0.116,0.2,2.469,150.5,98.66,10,740,N/A
2017,2,24,22,30,0,0,0,0,0,0,13,154.97,0.116,0.2,2.435,144.5,97.19,10,740,N/A
2017,2,24,23,30,0,0,0,0,0,0,13,169.29,0.116,0.2,2.399,137.1,95.68,10,740,N/A
2017,2,25,0,30,0,0,0,0,0,0,13,173.22,0.116,0.2,2.363,131.5,94.56,9,740,N/A
2017,2,25,1,30,0,0,0,0,0,0,12,159.48,0.116,0.30000000000000004,2.33,127,93.17,9,740,N/A
2017,2,25,2,30,0,0,0,0,0,0,12,144.8,0.116,0.5,2.3040000000000003,123.2,92.14,9,740,N/A
2017,2,25,3,30,0,0,0,0,0,0,12,130,0.116,0.6000000000000001,2.2840000000000003,125.2,91.39,9,740,N/A
2017,2,25,4,30,0,0,0,0,0,0,12,115.19,0.116,0.6000000000000001,2.261,125.80000000000001,97.38,9,740,N/A
2017,2,25,5,30,0,0,0,0,0,0,12,100.38,0.116,0.7000000000000001,2.235,119.30000000000001,96.43,9,740,N/A
2017,2,25,6,30,8,0,8,24,320,49,12,85.59,0.116,1,2.206,107.2,91.14,9,740,N/A
2017,2,25,7,30,54,0,54,62,732,302,12,70.87,0.116,1.3,2.173,97.30000000000001,86.41,11,740,N/A
2017,2,25,8,30,275,147,357,80,880,569,12,56.27,0.116,1.6,2.145,90.7,75.26,12,740,N/A
2017,2,25,9,30,373,72,427,92,951,800,12,41.9,0.116,1.7000000000000002,2.132,94.30000000000001,68.38,14,740,N/A
2017,2,25,10,30,362,27,386,133,935,958,11,28.150000000000002,0.116,1.7000000000000002,2.136,98.4,63.78,15,740,N/A
2017,2,25,11,30,495,136,626,138,955,1053,12,16.62,0.116,1.6,2.16,100.4,60.46,16,740,N/A
2017,2,25,12,30,563,200,757,139,956,1065,12,14.4,0.116,1.3,2.204,99.9,61.160000000000004,16,740,N/A
2017,2,25,13,30,54,0,54,213,823,964,12,24.21,0.116,1,2.265,100.2,62.04,15,740,N/A
2017,2,25,14,30,412,82,477,202,772,814,12,37.57,0.116,0.8,2.333,103.5,66.6,14,740,N/A
2017,2,25,15,30,52,0,52,176,689,602,12,51.81,0.116,0.6000000000000001,2.395,108.7,71.49,13,740,N/A
2017,2,25,16,30,178,302,299,134,544,352,12,66.37,0.116,0.4,2.438,111.9,77.24,12,740,N/A
2017,2,25,17,30,65,136,86,64,242,101,13,81.07000000000001,0.116,0.2,2.461,104,84.51,11,740,N/A
2017,2,25,18,30,0,0,0,0,0,0,13,95.84,0.116,0.2,2.461,59.7,91.73,11,740,N/A
2017,2,25,19,30,0,0,0,0,0,0,13,110.65,0.11800000000000001,0.2,2.441,59.800000000000004,91.76,10,740,N/A
2017,2,25,20,30,0,0,0,0,0,0,13,125.47,0.11800000000000001,0.30000000000000004,2.406,48.300000000000004,97.08,10,740,N/A
2017,2,25,21,30,0,0,0,0,0,0,13,140.29,0.11800000000000001,0.30000000000000004,2.369,56,96.63,10,740,N/A
2017,2,25,22,30,0,0,0,0,0,0,13,155.06,0.11800000000000001,0.4,2.339,70.60000000000001,95.71000000000001,10,740,N/A
2017,2,25,23,30,0,0,0,0,0,0,13,169.48,0.11800000000000001,0.4,2.318,77.60000000000001,94.63,10,740,N/A
2017,2,26,0,30,0,0,0,0,0,0,12,173.42000000000002,0.11800000000000001,0.30000000000000004,2.3040000000000003,77.10000000000001,93.64,9,740,N/A
2017,2,26,1,30,0,0,0,0,0,0,12,159.51,0.11800000000000001,0.30000000000000004,2.2960000000000003,71.60000000000001,92.67,9,740,N/A
2017,2,26,2,30,0,0,0,0,0,0,12,144.79,0.11800000000000001,0.30000000000000004,2.293,65.3,91.74,9,740,N/A
2017,2,26,3,30,0,0,0,0,0,0,12,129.97,0.11800000000000001,0.2,2.289,61.400000000000006,97.12,9,740,N/A
2017,2,26,4,30,0,0,0,0,0,0,12,115.14,0.11800000000000001,0.2,2.282,53.1,96.54,9,740,N/A
2017,2,26,5,30,0,0,0,0,0,0,12,100.31,0.11800000000000001,0.2,2.271,48.400000000000006,95.83,9,740,N/A
2017,2,26,6,30,6,0,6,30,172,44,12,85.52,0.11800000000000001,0.6000000000000001,2.259,65.4,90.58,10,740,N/A
2017,2,26,7,30,40,0,40,91,590,285,12,70.78,0.11800000000000001,1.3,2.247,84.4,80.3,11,740,N/A
2017,2,26,8,30,207,20,218,122,764,548,12,56.15,0.11800000000000001,1.7000000000000002,2.238,84.4,74.04,13,740,N/A
2017,2,26,9,30,263,24,281,144,846,776,12,41.75,0.11800000000000001,1.9000000000000001,2.234,84.30000000000001,64.79,14,740,N/A
2017,2,26,10,30,373,29,398,166,879,942,12,27.94,0.11800000000000001,1.9000000000000001,2.24,84.9,60.910000000000004,15,740,N/A
2017,2,26,11,30,204,17,221,182,887,1034,12,16.3,0.11800000000000001,1.8,2.2560000000000002,86.9,57.870000000000005,16,740,N/A
2017,2,26,12,30,165,13,179,194,875,1043,12,14.07,0.11800000000000001,1.7000000000000002,2.2800000000000002,90,62.25,16,740,N/A
2017,2,26,13,30,522,159,667,196,846,969,12,24.04,0.11800000000000001,1.5,2.314,93,66.86,15,740,N/A
2017,2,26,14,30,190,14,201,185,799,819,12,37.49,0.11800000000000001,1.5,2.356,97,71.73,14,740,N/A
2017,2,26,15,30,17,0,17,165,713,606,12,51.77,0.11800000000000001,1.4000000000000001,2.399,103.4,77.24,13,740,N/A
2017,2,26,16,30,16,0,16,128,564,354,13,66.35,0.11800000000000001,1.2000000000000002,2.435,110,83.86,12,740,N/A
2017,2,26,17,30,4,0,4,60,279,103,13,81.07000000000001,0.11800000000000001,1,2.461,119.7,86.35000000000001,11,740,N/A
2017,2,26,18,30,0,0,0,0,0,0,14,95.85000000000001,0.11800000000000001,0.8,2.472,128.20000000000002,93.98,11,740,N/A
2017,2,26,19,30,0,0,0,0,0,0,14,110.68,0.11800000000000001,0.8,2.469,125.10000000000001,94.53,11,740,N/A
2017,2,26,20,30,0,0,0,0,0,0,14,125.52,0.11800000000000001,0.9,2.453,118.5,94.65,11,740,N/A
2017,2,26,21,30,0,0,0,0,0,0,14,140.36,0.11800000000000001,0.8,2.4290000000000003,112.60000000000001,94.29,10,740,N/A
2017,2,26,22,30,0,0,0,0,0,0,13,155.15,0.11800000000000001,0.7000000000000001,2.3970000000000002,109.10000000000001,99.82000000000001,10,740,N/A
2017,2,26,23,30,0,0,0,0,0,0,13,169.65,0.11800000000000001,0.6000000000000001,2.362,110.2,98.25,10,740,N/A
2017,2,27,0,30,0,0,0,0,0,0,13,173.61,0.11800000000000001,0.6000000000000001,2.322,107.80000000000001,96.56,9,740,N/A
2017,2,27,1,30,0,0,0,0,0,0,13,159.53,0.11800000000000001,0.6000000000000001,2.279,101.10000000000001,100,9,740,N/A
2017,2,27,2,30,0,0,0,0,0,0,12,144.77,0.11800000000000001,0.7000000000000001,2.236,93,98.85000000000001,9,740,N/A
2017,2,27,3,30,0,0,0,0,0,0,12,129.93,0.11800000000000001,0.7000000000000001,2.2,86.30000000000001,96.4,9,740,N/A
2017,2,27,4,30,0,0,0,0,0,0,12,115.09,0.11800000000000001,0.7000000000000001,2.176,83.7,94.29,9,740,N/A
2017,2,27,5,30,0,0,0,0,0,0,11,100.25,0.11800000000000001,0.8,2.1670000000000003,84.7,92.68,9,740,N/A
2017,2,27,6,30,7,0,7,28,255,48,12,85.44,0.11800000000000001,1.2000000000000002,2.181,92.7,89.22,10,740,N/A
2017,2,27,7,30,47,0,47,70,691,299,12,70.69,0.11800000000000001,1.9000000000000001,2.21,105.30000000000001,87.25,11,740,N/A
2017,2,27,8,30,249,52,279,89,853,566,12,56.04,0.11800000000000001,2.5,2.242,105.4,77.27,13,740,N/A
2017,2,27,9,30,365,60,411,100,930,796,12,41.6,0.11800000000000001,2.9000000000000004,2.263,98.60000000000001,71.2,14,740,N/A
2017,2,27,10,30,412,39,447,106,972,967,12,27.73,0.11800000000000001,2.9000000000000004,2.27,97.10000000000001,65.41,15,740,N/A
2017,2,27,11,30,460,40,499,111,989,1062,12,15.97,0.11800000000000001,2.5,2.273,97.10000000000001,64.48,15,740,N/A
2017,2,27,12,30,129,7,136,112,991,1075,12,13.74,0.11800000000000001,2.2,2.279,96.9,64.13,15,740,N/A
2017,2,27,13,30,215,17,232,135,940,994,12,23.88,0.11800000000000001,1.9000000000000001,2.286,97.10000000000001,64.15,15,740,N/A
2017,2,27,14,30,428,113,518,127,904,845,12,37.410000000000004,0.11800000000000001,1.7000000000000002,2.2920000000000003,97.30000000000001,64.38,14,740,N/A
2017,2,27,15,30,113,836,631,113,836,631,12,51.730000000000004,0.11800000000000001,1.5,2.301,97.4,69.01,14,740,N/A
2017,2,27,16,30,92,701,373,92,701,373,12,66.34,0.11800000000000001,1.2000000000000002,2.315,96.10000000000001,75.5,13,740,N/A
2017,2,27,17,30,51,388,111,51,388,111,13,81.07000000000001,0.11800000000000001,0.8,2.328,95.60000000000001,85.59,11,740,N/A
2017,2,27,18,30,0,0,0,0,0,0,13,95.87,0.11800000000000001,0.5,2.338,94.5,90.54,11,740,N/A
2017,2,27,19,30,0,0,0,0,0,0,13,110.71000000000001,0.11800000000000001,0.4,2.351,85.30000000000001,88.92,11,740,N/A
2017,2,27,20,30,0,0,0,0,0,0,13,125.56,0.11800000000000001,0.4,2.369,74.60000000000001,94.31,10,740,N/A
2017,2,27,21,30,0,0,0,0,0,0,13,140.42000000000002,0.11800000000000001,0.4,2.386,73.8,93.7,10,740,N/A
2017,2,27,22,30,0,0,0,0,0,0,12,155.24,0.11800000000000001,0.30000000000000004,2.396,74,93.05,10,740,N/A
2017,2,27,23,30,0,0,0,0,0,0,12,169.82,0.11800000000000001,0.30000000000000004,2.395,73.2,92.51,9,740,N/A
2017,2,28,0,30,0,0,0,0,0,0,12,173.78,0.11800000000000001,0.30000000000000004,2.383,70.2,92.08,9,740,N/A
2017,2,28,1,30,0,0,0,0,0,0,12,159.54,0.11800000000000001,0.4,2.36,65.7,97.72,9,740,N/A
2017,2,28,2,30,0,0,0,0,0,0,12,144.75,0.11800000000000001,0.4,2.324,63.6,96.91,9,740,N/A
2017,2,28,3,30,0,0,0,0,0,0,12,129.89000000000001,0.11800000000000001,0.5,2.2680000000000002,61.6,95.58,8,740,N/A
2017,2,28,4,30,0,0,0,0,0,0,11,115.03,0.11800000000000001,0.6000000000000001,2.195,60.900000000000006,100,8,740,N/A
2017,2,28,5,30,0,0,0,0,0,0,11,100.18,0.11800000000000001,0.7000000000000001,2.12,57.300000000000004,98.35000000000001,8,740,N/A
2017,2,28,6,30,30,233,49,30,233,49,12,85.36,0.11800000000000001,1.3,2.061,68.5,88.4,9,740,N/A
2017,2,28,7,30,79,661,299,79,661,299,12,70.59,0.11800000000000001,2.1,2.027,78.7,78.55,11,740,N/A
2017,2,28,8,30,101,829,566,101,829,566,11,55.92,0.11800000000000001,2.5,2.015,82.7,66.26,13,740,N/A
2017,2,28,9,30,400,239,580,112,916,798,11,41.45,0.11800000000000001,2.5,2.021,87.80000000000001,60.78,15,740,N/A
2017,2,28,10,30,460,66,519,115,964,971,11,27.52,0.11800000000000001,2.3000000000000003,2.05,93,54.620000000000005,16,740,N/A
2017,2,28,11,30,167,14,181,118,983,1066,11,15.64,0.11800000000000001,2.1,2.093,96.9,52.58,17,740,N/A
2017,2,28,12,30,361,23,383,119,984,1077,12,13.41,0.11800000000000001,1.9000000000000001,2.1470000000000002,99.9,53.52,18,740,N/A
2017,2,28,13,30,501,90,584,113,973,1005,12,23.72,0.11800000000000001,1.7000000000000002,2.211,102.30000000000001,57.93,17,740,N/A
2017,2,28,14,30,97,0,97,110,934,852,12,37.33,0.11800000000000001,1.5,2.279,102.4,62.35,16,740,N/A
2017,2,28,15,30,13,0,13,100,864,636,12,51.7,0.11800000000000001,1.2000000000000002,2.347,103,66.97,15,740,N/A
2017,2,28,16,30,110,0,110,85,722,375,12,66.33,0.11800000000000001,1,2.412,102,72.33,14,740,N/A
2017,2,28,17,30,32,0,32,49,405,111,13,81.08,0.11800000000000001,0.6000000000000001,2.465,99.30000000000001,86.21000000000001,12,740,N/A
2017,2,28,18,30,0,0,0,0,0,0,14,95.89,0.11800000000000001,0.30000000000000004,2.5020000000000002,92.5,88.57000000000001,12,740,N/A
2017,2,28,19,30,0,0,0,0,0,0,14,110.74000000000001,0.11800000000000001,0.1,2.523,61.300000000000004,89.28,11,740,N/A
2017,2,28,20,30,0,0,0,0,0,0,14,125.61,0.11800000000000001,0.1,2.5260000000000002,37.1,94.95,11,740,N/A
2017,2,28,21,30,0,0,0,0,0,0,14,140.48,0.11800000000000001,0.2,2.507,10.4,94.03,11,740,N/A
2017,2,28,22,30,0,0,0,0,0,0,13,155.32,0.11800000000000001,0.30000000000000004,2.462,7.9,93.72,11,740,N/A
2017,2,28,23,30,0,0,0,0,0,0,13,169.98,0.11800000000000001,0.4,2.398,23.1,93.13,10,740,N/A
2017,3,1,0,30,0,0,0,0,0,0,13,173.93,0.11800000000000001,0.5,2.319,33.6,98.18,10,740,N/A
2017,3,1,1,30,0,0,0,0,0,0,13,159.54,0.11800000000000001,0.5,2.244,40,96.02,9,740,N/A
2017,3,1,2,30,0,0,0,0,0,0,12,144.72,0.11800000000000001,0.6000000000000001,2.19,46.2,98.85000000000001,9,740,N/A
2017,3,1,3,30,0,0,0,0,0,0,12,129.85,0.11800000000000001,0.6000000000000001,2.1590000000000003,56.1,95.92,9,740,N/A
2017,3,1,4,30,0,0,0,0,0,0,11,114.98,0.11800000000000001,0.7000000000000001,2.1510000000000002,64.4,93.34,8,740,N/A
2017,3,1,5,30,0,0,0,0,0,0,11,100.11,0.11800000000000001,0.9,2.157,74.7,91.19,8,740,N/A
2017,3,1,6,30,25,356,54,25,356,54,11,85.28,0.11800000000000001,1.5,2.168,89.4,86.93,9,740,N/A
2017,3,1,7,30,126,22,134,57,765,312,11,70.49,0.11800000000000001,2.1,2.179,92.9,81.91,11,740,N/A
2017,3,1,8,30,230,31,247,71,905,580,11,55.800000000000004,0.11800000000000001,2.4000000000000004,2.186,93.7,71.23,13,740,N/A
2017,3,1,9,30,80,973,811,80,973,811,11,41.300000000000004,0.11800000000000001,2.3000000000000003,2.194,96.2,61.550000000000004,15,740,N/A
2017,3,1,10,30,118,958,969,118,958,969,11,27.32,0.11800000000000001,2.2,2.208,98.9,58.13,16,740,N/A
2017,3,1,11,30,304,21,324,117,983,1066,11,15.32,0.11800000000000001,2.1,2.232,102.60000000000001,55.88,17,740,N/A
2017,3,1,12,30,356,34,389,116,987,1078,12,13.08,0.11800000000000001,2,2.266,106.2,53.64,18,740,N/A
2017,3,1,13,30,169,14,182,161,900,986,12,23.57,0.11800000000000001,1.7000000000000002,2.308,108.9,54.04,17,740,N/A
2017,3,1,14,30,58,0,58,151,860,835,12,37.26,0.11800000000000001,1.3,2.353,108.5,57.93,16,740,N/A
2017,3,1,15,30,313,115,384,132,788,621,12,51.67,0.11800000000000001,1.1,2.3970000000000002,101.4,62.13,15,740,N/A
2017,3,1,16,30,33,0,33,108,637,364,12,66.32000000000001,0.11800000000000001,0.9,2.437,90.10000000000001,71.95,14,740,N/A
2017,3,1,17,30,9,0,9,58,303,105,13,81.09,0.11800000000000001,0.6000000000000001,2.469,78,81.88,12,740,N/A
2017,3,1,18,30,0,0,0,0,0,0,14,95.92,0.11800000000000001,0.30000000000000004,2.498,66.2,89.28,12,740,N/A
2017,3,1,19,30,0,0,0,0,0,0,14,110.78,0.11800000000000001,0.1,2.5260000000000002,65,90.58,11,740,N/A
2017,3,1,20,30,0,0,0,0,0,0,14,125.66,0.11800000000000001,0.1,2.548,83.4,96.4,11,740,N/A
2017,3,1,21,30,0,0,0,0,0,0,14,140.54,0.11800000000000001,0.2,2.5580000000000003,178.70000000000002,94.42,11,740,N/A
2017,3,1,22,30,0,0,0,0,0,0,13,155.4,0.11800000000000001,0.4,2.5500000000000003,203.3,99.04,10,740,N/A
2017,3,1,23,30,0,0,0,0,0,0,13,170.13,0.11800000000000001,0.5,2.5260000000000002,208.5,97.69,10,740,N/A
2017,3,2,0,30,0,0,0,0,0,0,13,174.05,0.11800000000000001,0.5,2.495,209.20000000000002,95.98,9,740,N/A
2017,3,2,1,30,0,0,0,0,0,0,13,159.54,0.11800000000000001,0.4,2.467,209.5,93.74,9,740,N/A
2017,3,2,2,30,0,0,0,0,0,0,12,144.68,0.11800000000000001,0.30000000000000004,2.444,208.20000000000002,98.85000000000001,9,740,N/A
2017,3,2,3,30,0,0,0,0,0,0,12,129.8,0.11800000000000001,0.2,2.427,209.3,97.53,9,740,N/A
2017,3,2,4,30,0,0,0,0,0,0,12,114.91,0.11800000000000001,0.30000000000000004,2.415,182.70000000000002,97.02,9,740,N/A
2017,3,2,5,30,0,0,0,0,0,0,12,100.04,0.11800000000000001,0.5,2.406,136.4,96.86,9,740,N/A
2017,3,2,6,30,28,286,52,28,286,52,12,85.19,0.11800000000000001,1,2.4,124.30000000000001,92.69,10,740,N/A
2017,3,2,7,30,60,739,308,60,739,308,13,70.39,0.11800000000000001,1.8,2.394,120.5,89.05,11,740,N/A
2017,3,2,8,30,280,199,393,72,895,577,13,55.68,0.11800000000000001,2.5,2.386,108.9,77.89,12,740,N/A
2017,3,2,9,30,81,964,808,81,964,808,12,41.15,0.11800000000000001,2.9000000000000004,2.376,102.60000000000001,71.32000000000001,14,740,N/A
2017,3,2,10,30,114,960,968,114,960,968,12,27.11,0.11800000000000001,3.1,2.362,102.10000000000001,65.75,15,740,N/A
2017,3,2,11,30,547,111,655,112,986,1065,12,14.99,0.11800000000000001,3,2.35,101.80000000000001,61.660000000000004,15,740,N/A
2017,3,2,12,30,387,25,411,110,993,1079,12,12.75,0.11800000000000001,2.8000000000000003,2.347,100.2,58.2,16,740,N/A
2017,3,2,13,30,420,36,453,139,931,994,12,23.43,0.11800000000000001,2.6,2.358,99.10000000000001,58.29,16,740,N/A
2017,3,2,14,30,427,109,515,126,902,845,12,37.2,0.11800000000000001,2.3000000000000003,2.384,98.60000000000001,62.49,16,740,N/A
2017,3,2,15,30,113,831,629,113,831,629,12,51.64,0.11800000000000001,2.1,2.4130000000000003,99.60000000000001,66.88,15,740,N/A
2017,3,2,16,30,95,685,370,95,685,370,13,66.32000000000001,0.11800000000000001,1.7000000000000002,2.433,101,73.17,13,740,N/A
2017,3,2,17,30,53,359,108,53,359,108,13,81.10000000000001,0.11800000000000001,1.1,2.44,101,87.24,12,740,N/A
2017,3,2,18,30,0,0,0,0,0,0,14,95.94,0.11800000000000001,0.9,2.436,98.30000000000001,88.97,12,740,N/A
2017,3,2,19,30,0,0,0,0,0,0,14,110.81,0.11800000000000001,1,2.4170000000000003,94.5,88.76,11,740,N/A
2017,3,2,20,30,0,0,0,0,0,0,14,125.7,0.11800000000000001,1,2.375,91,94.08,11,740,N/A
2017,3,2,21,30,0,0,0,0,0,0,13,140.6,0.11800000000000001,1,2.307,92.7,93.17,11,740,N/A
2017,3,2,22,30,0,0,0,0,0,0,13,155.48,0.11800000000000001,1.1,2.226,94.80000000000001,97.17,10,740,N/A
2017,3,2,23,30,0,0,0,0,0,0,13,170.26,0.11800000000000001,1.3,2.142,97.80000000000001,94.52,10,740,N/A
2017,3,3,0,30,0,0,0,0,0,0,12,174.15,0.11800000000000001,1.2000000000000002,2.056,94.9,91.81,9,740,N/A
2017,3,3,1,30,0,0,0,0,0,0,12,159.52,0.11800000000000001,1.2000000000000002,1.959,90.10000000000001,95.51,9,740,N/A
2017,3,3,2,30,0,0,0,0,0,0,11,144.65,0.11800000000000001,1.2000000000000002,1.854,83,92.51,8,740,N/A
2017,3,3,3,30,0,0,0,0,0,0,11,129.75,0.11800000000000001,1.3,1.758,81.60000000000001,95.05,8,740,N/A
2017,3,3,4,30,0,0,0,0,0,0,10,114.85000000000001,0.11800000000000001,1.2000000000000002,1.687,82,90.92,8,740,N/A
2017,3,3,5,30,0,0,0,0,0,0,9,99.97,0.11800000000000001,1.2000000000000002,1.649,83.80000000000001,87.11,8,740,N/A
2017,3,3,6,30,26,364,58,26,364,58,10,85.11,0.11800000000000001,1.9000000000000001,1.6420000000000001,89.60000000000001,78.60000000000001,9,740,N/A
2017,3,3,7,30,60,768,319,60,768,319,10,70.29,0.11800000000000001,2.6,1.6620000000000001,90.5,70.60000000000001,12,740,N/A
2017,3,3,8,30,77,906,589,77,906,589,10,55.56,0.11800000000000001,2.9000000000000004,1.696,94.30000000000001,59.74,14,740,N/A
2017,3,3,9,30,87,973,821,87,973,821,9,41,0.11800000000000001,2.9000000000000004,1.737,96.5,55.59,15,740,N/A
2017,3,3,10,30,463,348,774,93,1007,991,10,26.91,0.11800000000000001,2.9000000000000004,1.782,97.4,50.42,16,740,N/A
2017,3,3,11,30,524,322,836,96,1023,1086,10,14.66,0.11800000000000001,3,1.829,96.5,48.51,17,740,N/A
2017,3,3,12,30,564,233,791,95,1025,1097,10,12.43,0.11800000000000001,3.1,1.8780000000000001,95.9,49.550000000000004,18,740,N/A
2017,3,3,13,30,522,227,731,115,979,1014,11,23.29,0.11800000000000001,3.1,1.927,95.7,50.36,18,740,N/A
2017,3,3,14,30,433,241,625,113,936,860,11,37.14,0.11800000000000001,3,1.974,96,50.79,17,740,N/A
2017,3,3,15,30,291,362,515,104,864,641,11,51.620000000000005,0.11800000000000001,2.7,2.013,95.60000000000001,54.38,16,740,N/A
2017,3,3,16,30,179,248,279,87,723,378,12,66.31,0.11800000000000001,2.2,2.047,94.10000000000001,64.19,15,740,N/A
2017,3,3,17,30,51,389,111,51,389,111,12,81.11,0.11800000000000001,1.4000000000000001,2.067,91.9,77.28,13,740,N/A
2017,3,3,18,30,0,0,0,0,0,0,13,95.97,0.11800000000000001,0.9,2.075,89.2,84.36,12,740,N/A
2017,3,3,19,30,0,0,0,0,0,0,13,110.85000000000001,0.11800000000000001,0.7000000000000001,2.07,83.5,85.89,11,740,N/A
2017,3,3,20,30,0,0,0,0,0,0,13,125.75,0.11800000000000001,0.5,2.053,78.10000000000001,89.95,11,740,N/A
2017,3,3,21,30,0,0,0,0,0,0,13,140.66,0.11800000000000001,0.4,2.029,78.5,94.41,10,740,N/A
2017,3,3,22,30,0,0,0,0,0,0,12,155.56,0.11800000000000001,0.4,2.012,79.2,92.35000000000001,10,740,N/A
2017,3,3,23,30,0,0,0,0,0,0,12,170.39000000000001,0.11800000000000001,0.5,2.001,77.4,89.9,10,740,N/A
2017,3,4,0,30,0,0,0,0,0,0,12,174.23,0.11800000000000001,0.5,1.996,76.2,88.35000000000001,9,740,N/A
2017,3,4,1,30,0,0,0,0,0,0,11,159.5,0.11800000000000001,0.5,1.992,71.3,92.72,9,740,N/A
2017,3,4,2,30,0,0,0,0,0,0,11,144.6,0.11800000000000001,0.5,1.983,62.300000000000004,91.31,8,740,N/A
2017,3,4,3,30,0,0,0,0,0,0,11,129.69,0.11800000000000001,0.5,1.968,58.5,89.58,8,740,N/A
2017,3,4,4,30,0,0,0,0,0,0,11,114.78,0.11800000000000001,0.5,1.95,57.6,94.29,8,740,N/A
2017,3,4,5,30,0,0,0,0,0,0,10,99.89,0.11800000000000001,0.8,1.936,64.3,92.8,8,740,N/A
2017,3,4,6,30,30,288,55,30,288,55,11,85.02,0.11800000000000001,1.5,1.928,84.2,85.15,10,740,N/A
2017,3,4,7,30,72,708,312,72,708,312,12,70.19,0.11800000000000001,2.3000000000000003,1.931,87.10000000000001,72.88,12,740,N/A
2017,3,4,8,30,90,864,581,90,864,581,11,55.44,0.11800000000000001,2.7,1.942,91.4,62,15,740,N/A
2017,3,4,9,30,399,108,481,100,941,812,11,40.85,0.11800000000000001,2.9000000000000004,1.975,96.2,54.67,16,740,N/A
2017,3,4,10,30,401,34,432,115,966,979,11,26.7,0.11800000000000001,3,2.037,99.80000000000001,52.53,17,740,N/A
2017,3,4,11,30,474,44,517,120,982,1071,12,14.34,0.11800000000000001,3,2.121,101.4,50.550000000000004,18,740,N/A
2017,3,4,12,30,526,71,595,122,978,1079,12,12.11,0.11800000000000001,2.9000000000000004,2.211,102.7,51.35,19,740,N/A
2017,3,4,13,30,295,20,313,118,964,1004,12,23.16,0.11800000000000001,2.7,2.309,103.80000000000001,52.01,18,740,N/A
2017,3,4,14,30,329,28,352,113,923,850,12,37.08,0.11800000000000001,2.6,2.4090000000000003,103.30000000000001,55.93,17,740,N/A
2017,3,4,15,30,318,185,433,107,844,631,12,51.59,0.11800000000000001,2.4000000000000004,2.494,102.80000000000001,60.11,16,740,N/A
2017,3,4,16,30,92,692,370,92,692,370,13,66.32000000000001,0.11800000000000001,2,2.552,101.5,70.24,15,740,N/A
2017,3,4,17,30,53,349,107,53,349,107,14,81.13,0.11800000000000001,1.4000000000000001,2.594,101.5,78.56,13,740,N/A
2017,3,4,18,30,0,0,0,0,0,0,14,95.99000000000001,0.11800000000000001,1,2.628,106.5,85.73,13,740,N/A
2017,3,4,19,30,0,0,0,0,0,0,14,110.89,0.11800000000000001,1,2.65,110.5,85.61,12,740,N/A
2017,3,4,20,30,0,0,0,0,0,0,14,125.8,0.11800000000000001,1,2.657,115.30000000000001,91.14,12,740,N/A
2017,3,4,21,30,0,0,0,0,0,0,14,140.71,0.11800000000000001,1.1,2.653,120,91.14,12,740,N/A
2017,3,4,22,30,0,0,0,0,0,0,14,155.63,0.11800000000000001,1.2000000000000002,2.636,119.4,91.38,11,740,N/A
2017,3,4,23,30,0,0,0,0,0,0,14,170.5,0.11800000000000001,1.2000000000000002,2.61,114.7,90.37,11,740,N/A
2017,3,5,0,30,0,0,0,0,0,0,14,174.28,0.11800000000000001,1.1,2.583,108.80000000000001,95.15,11,740,N/A
2017,3,5,1,30,0,0,0,0,0,0,14,159.46,0.11800000000000001,1,2.56,102.30000000000001,93.93,11,740,N/A
2017,3,5,2,30,0,0,0,0,0,0,13,144.55,0.11800000000000001,0.8,2.541,95.10000000000001,92.81,10,740,N/A
2017,3,5,3,30,0,0,0,0,0,0,13,129.63,0.11800000000000001,0.6000000000000001,2.527,91.10000000000001,97.29,10,740,N/A
2017,3,5,4,30,0,0,0,0,0,0,13,114.71000000000001,0.11800000000000001,0.5,2.5140000000000002,90.5,96.39,10,740,N/A
2017,3,5,5,30,0,0,0,0,0,0,13,99.81,0.11800000000000001,0.5,2.5020000000000002,95.80000000000001,95.89,10,740,N/A
2017,3,5,6,30,29,0,29,36,169,51,13,84.93,0.11800000000000001,1,2.492,109,90.85000000000001,11,740,N/A
2017,3,5,7,30,145,77,172,91,604,297,13,70.09,0.11800000000000001,1.6,2.5,122.5,84.82000000000001,12,740,N/A
2017,3,5,8,30,262,62,297,111,794,564,13,55.32,0.11800000000000001,1.8,2.533,117.9,80.43,13,740,N/A
2017,3,5,9,30,297,25,317,122,884,793,13,40.71,0.11800000000000001,1.9000000000000001,2.571,111.30000000000001,75.8,14,740,N/A
2017,3,5,10,30,503,136,625,131,927,961,13,26.5,0.11800000000000001,1.9000000000000001,2.596,106.4,71.05,15,740,N/A
2017,3,5,11,30,425,30,455,136,946,1055,13,14.01,0.11800000000000001,2,2.609,102.60000000000001,71.15,15,740,N/A
2017,3,5,12,30,519,65,583,136,949,1066,13,11.8,0.11800000000000001,1.9000000000000001,2.618,100.10000000000001,71.41,15,740,N/A
2017,3,5,13,30,510,102,603,132,935,993,13,23.04,0.11800000000000001,1.9000000000000001,2.6270000000000002,99.9,71.73,15,740,N/A
2017,3,5,14,30,241,17,255,124,899,842,13,37.03,0.11800000000000001,1.8,2.638,102.30000000000001,72.13,14,740,N/A
2017,3,5,15,30,50,0,50,110,832,627,14,51.58,0.11800000000000001,1.7000000000000002,2.652,106.4,77.53,13,740,N/A
2017,3,5,16,30,160,34,174,88,702,370,14,66.32000000000001,0.11800000000000001,1.4000000000000001,2.666,112.10000000000001,83.78,13,740,N/A
2017,3,5,17,30,51,0,51,47,407,110,14,81.15,0.11800000000000001,1,2.676,118.9,91.84,12,740,N/A
2017,3,5,18,30,0,0,0,0,0,0,14,96.02,0.11800000000000001,0.8,2.682,125.7,93.65,11,740,N/A
2017,3,5,19,30,0,0,0,0,0,0,14,110.92,0.12,0.8,2.6870000000000003,130.4,93.17,11,740,N/A
2017,3,5,20,30,0,0,0,0,0,0,14,125.84,0.12,0.8,2.686,129.20000000000002,98.94,11,740,N/A
2017,3,5,21,30,0,0,0,0,0,0,14,140.77,0.12,0.8,2.669,124.4,98.57000000000001,11,740,N/A
2017,3,5,22,30,0,0,0,0,0,0,14,155.70000000000002,0.12,0.9,2.629,116,97.52,11,740,N/A
2017,3,5,23,30,0,0,0,0,0,0,14,170.61,0.12,1,2.575,106.2,95.53,10,740,N/A
2017,3,6,0,30,0,0,0,0,0,0,13,174.3,0.12,0.9,2.521,94,98.87,10,740,N/A
2017,3,6,1,30,0,0,0,0,0,0,13,159.42000000000002,0.12,0.8,2.469,87.60000000000001,95.94,9,740,N/A
2017,3,6,2,30,0,0,0,0,0,0,12,144.49,0.12,0.7000000000000001,2.424,85.10000000000001,93.26,9,740,N/A
2017,3,6,3,30,0,0,0,0,0,0,12,129.56,0.12,0.8,2.386,88.9,97.56,9,740,N/A
2017,3,6,4,30,0,0,0,0,0,0,12,114.64,0.12,0.9,2.352,92,96.33,9,740,N/A
2017,3,6,5,30,0,0,0,0,0,0,12,99.73,0.12,1.1,2.327,93,95.41,9,740,N/A
2017,3,6,6,30,26,377,60,26,377,60,12,84.84,0.12,1.6,2.3040000000000003,94.4,92.47,10,740,N/A
2017,3,6,7,30,57,770,320,57,770,320,13,69.98,0.12,2.4000000000000004,2.278,97.30000000000001,83.98,12,740,N/A
2017,3,6,8,30,222,25,237,71,906,588,13,55.2,0.12,3.2,2.254,96.2,74.22,14,740,N/A
2017,3,6,9,30,174,12,183,79,972,818,12,40.56,0.12,3.4000000000000004,2.265,99.5,60.15,16,740,N/A
2017,3,6,10,30,195,16,210,92,995,984,13,26.3,0.12,3,2.323,101.9,56.68,17,740,N/A
2017,3,6,11,30,501,56,556,98,1006,1075,13,13.69,0.12,2.5,2.394,102.7,57.36,18,740,N/A
2017,3,6,12,30,100,1004,1084,100,1004,1084,13,11.49,0.12,2.2,2.461,104.5,58.15,17,740,N/A
2017,3,6,13,30,199,16,215,147,915,990,13,22.92,0.12,1.8,2.525,106.9,62.410000000000004,17,740,N/A
2017,3,6,14,30,140,871,836,140,871,836,13,36.980000000000004,0.12,1.4000000000000001,2.585,109.9,66.98,16,740,N/A
2017,3,6,15,30,221,18,233,128,790,619,13,51.57,0.12,1.2000000000000002,2.638,110.2,72.43,15,740,N/A
2017,3,6,16,30,16,0,16,105,636,361,14,66.33,0.12,1.1,2.682,110,79.5,13,740,N/A
2017,3,6,17,30,4,0,4,56,309,104,14,81.17,0.12,0.8,2.718,113.2,86.5,13,740,N/A
2017,3,6,18,30,0,0,0,0,0,0,14,96.05,0.12,0.6000000000000001,2.743,115.80000000000001,93.27,12,740,N/A
2017,3,6,19,30,0,0,0,0,0,0,15,110.96000000000001,0.12,0.4,2.758,111.4,94.21000000000001,12,740,N/A
2017,3,6,20,30,0,0,0,0,0,0,15,125.89,0.12,0.4,2.758,100,94.5,11,740,N/A
2017,3,6,21,30,0,0,0,0,0,0,15,140.82,0.12,0.4,2.738,86.60000000000001,100,11,740,N/A
2017,3,6,22,30,0,0,0,0,0,0,14,155.76,0.12,0.30000000000000004,2.697,83.4,99.33,11,740,N/A
2017,3,6,23,30,0,0,0,0,0,0,14,170.70000000000002,0.12,0.30000000000000004,2.65,85.7,98.18,11,740,N/A
2017,3,7,0,30,0,0,0,0,0,0,14,174.3,0.12,0.30000000000000004,2.611,105,96.69,10,740,N/A
2017,3,7,1,30,0,0,0,0,0,0,14,159.37,0.12,0.4,2.586,123.60000000000001,94.92,10,740,N/A
2017,3,7,2,30,0,0,0,0,0,0,13,144.43,0.12,0.4,2.567,120.5,99.99000000000001,10,740,N/A
2017,3,7,3,30,0,0,0,0,0,0,13,129.49,0.12,0.5,2.549,111.5,99.21000000000001,10,740,N/A
2017,3,7,4,30,0,0,0,0,0,0,13,114.56,0.12,0.6000000000000001,2.532,107.30000000000001,98.63,10,740,N/A
2017,3,7,5,30,0,0,0,0,0,0,13,99.64,0.12,0.8,2.5140000000000002,105.2,97.93,10,740,N/A
2017,3,7,6,30,31,208,50,27,346,59,13,84.74,0.12,1.3,2.493,105,92.69,10,740,N/A
2017,3,7,7,30,122,424,269,58,755,318,13,69.88,0.12,1.9000000000000001,2.475,102.80000000000001,87.75,11,740,N/A
2017,3,7,8,30,279,105,340,71,898,586,13,55.08,0.12,2.3000000000000003,2.458,95.80000000000001,82.21000000000001,13,740,N/A
2017,3,7,9,30,79,967,815,79,967,815,13,40.410000000000004,0.12,2.5,2.445,94.4,71.03,15,740,N/A
2017,3,7,10,30,228,18,244,85,1000,983,13,26.1,0.12,2.3000000000000003,2.453,96.60000000000001,66.62,16,740,N/A
2017,3,7,11,30,483,92,573,90,1012,1075,13,13.36,0.12,2,2.482,98.60000000000001,62.99,17,740,N/A
2017,3,7,12,30,486,92,577,94,1008,1084,13,11.18,0.12,1.8,2.5300000000000002,101.30000000000001,63.21,17,740,N/A
2017,3,7,13,30,404,31,433,99,984,1006,13,22.81,0.12,1.6,2.59,105.80000000000001,67.65,16,740,N/A
2017,3,7,14,30,100,940,851,100,940,851,14,36.94,0.12,1.5,2.649,112.5,72.88,14,740,N/A
2017,3,7,15,30,224,19,236,93,870,634,14,51.56,0.12,1.4000000000000001,2.698,118.9,78.86,13,740,N/A
2017,3,7,16,30,8,0,8,79,733,373,14,66.34,0.12,1.2000000000000002,2.732,125.10000000000001,85.81,13,740,N/A
2017,3,7,17,30,2,0,2,44,434,110,14,81.19,0.12,0.9,2.753,130.4,93.66,12,740,N/A
2017,3,7,18,30,0,0,0,0,0,0,15,96.09,0.12,0.8,2.765,133.6,95.59,12,740,N/A
2017,3,7,19,30,0,0,0,0,0,0,15,111,0.12,0.8,2.77,128.20000000000002,95.36,11,740,N/A
2017,3,7,20,30,0,0,0,0,0,0,15,125.93,0.12,0.8,2.759,127.2,93.84,11,740,N/A
2017,3,7,21,30,0,0,0,0,0,0,14,140.88,0.12,0.8,2.726,125.80000000000001,99.31,11,740,N/A
2017,3,7,22,30,0,0,0,0,0,0,14,155.82,0.12,0.7000000000000001,2.669,120.5,97.66,10,740,N/A
2017,3,7,23,30,0,0,0,0,0,0,14,170.77,0.12,0.7000000000000001,2.594,109.60000000000001,95.65,10,740,N/A
2017,3,8,0,30,0,0,0,0,0,0,14,174.26,0.12,0.8,2.5140000000000002,100.2,100,10,740,N/A
2017,3,8,1,30,0,0,0,0,0,0,13,159.31,0.12,1,2.453,96.4,97.23,10,740,N/A
2017,3,8,2,30,0,0,0,0,0,0,13,144.36,0.12,0.8,2.428,94.60000000000001,95.14,10,740,N/A
2017,3,8,3,30,0,0,0,0,0,0,13,129.42000000000002,0.12,0.6000000000000001,2.4210000000000003,89.30000000000001,94.01,9,740,N/A
2017,3,8,4,30,0,0,0,0,0,0,12,114.48,0.12,0.4,2.407,81.4,99.17,9,740,N/A
2017,3,8,5,30,0,0,0,0,0,0,12,99.56,0.12,0.4,2.3850000000000002,70.4,97.33,9,740,N/A
2017,3,8,6,30,1,0,1,27,386,63,12,84.65,0.12,0.9,2.363,75.2,93.18,10,740,N/A
2017,3,8,7,30,6,0,6,57,768,323,13,69.77,0.12,1.4000000000000001,2.345,84.80000000000001,83.05,11,740,N/A
2017,3,8,8,30,178,11,184,73,900,590,12,54.96,0.12,1.7000000000000002,2.336,91.7,72.56,13,740,N/A
2017,3,8,9,30,283,22,300,83,963,818,12,40.26,0.12,2,2.341,99.60000000000001,66.05,15,740,N/A
2017,3,8,10,30,355,25,378,95,989,985,12,25.900000000000002,0.12,2.1,2.362,105.60000000000001,61.730000000000004,16,740,N/A
2017,3,8,11,30,345,22,367,106,994,1074,12,13.040000000000001,0.12,2,2.398,109.60000000000001,58.31,16,740,N/A
2017,3,8,12,30,391,25,416,113,985,1081,12,10.88,0.12,1.9000000000000001,2.436,111.80000000000001,62.74,16,740,N/A
2017,3,8,13,30,391,29,418,119,957,1003,12,22.71,0.12,1.7000000000000002,2.467,112.7,67.52,15,740,N/A
2017,3,8,14,30,134,8,140,117,914,848,13,36.9,0.12,1.5,2.49,116.60000000000001,68.51,14,740,N/A
2017,3,8,15,30,83,0,83,106,844,631,13,51.550000000000004,0.12,1.3,2.504,123.2,74.51,14,740,N/A
2017,3,8,16,30,84,0,84,87,710,372,13,66.35,0.12,1.1,2.512,126.30000000000001,82.01,13,740,N/A
2017,3,8,17,30,24,0,24,48,401,109,14,81.21000000000001,0.12,0.8,2.524,124.80000000000001,90.98,12,740,N/A
2017,3,8,18,30,0,0,0,0,0,0,14,96.12,0.12,0.6000000000000001,2.536,123.60000000000001,90.81,11,740,N/A
2017,3,8,19,30,0,0,0,0,0,0,14,111.04,0.12,0.5,2.543,126.10000000000001,89.3,11,740,N/A
2017,3,8,20,30,0,0,0,0,0,0,14,125.98,0.12,0.5,2.543,128.6,94.76,11,740,N/A
2017,3,8,21,30,0,0,0,0,0,0,14,140.93,0.12,0.5,2.532,120.7,94.54,11,740,N/A
2017,3,8,22,30,0,0,0,0,0,0,13,155.88,0.12,0.6000000000000001,2.5060000000000002,109.2,93.44,10,740,N/A
2017,3,8,23,30,0,0,0,0,0,0,13,170.83,0.12,0.6000000000000001,2.463,99.7,98.49000000000001,10,740,N/A
2017,3,9,0,30,0,0,0,0,0,0,13,174.20000000000002,0.12,0.7000000000000001,2.414,91.5,97.04,10,740,N/A
2017,3,9,1,30,0,0,0,0,0,0,13,159.25,0.12,0.8,2.369,88.7,94.8,9,740,N/A
2017,3,9,2,30,0,0,0,0,0,0,12,144.29,0.12,0.9,2.33,88.30000000000001,98.8,9,740,N/A
2017,3,9,3,30,0,0,0,0,0,0,12,129.34,0.12,0.8,2.303,88.9,96.96000000000001,9,740,N/A
2017,3,9,4,30,0,0,0,0,0,0,12,114.4,0.12,0.7000000000000001,2.283,91.5,95.16,9,740,N/A
2017,3,9,5,30,0,0,0,0,0,0,12,99.47,0.12,0.9,2.263,95.5,93.84,9,740,N/A
2017,3,9,6,30,26,0,26,26,402,65,12,84.55,0.12,1.5,2.24,96.4,85.21000000000001,10,740,N/A
2017,3,9,7,30,128,17,134,55,780,327,13,69.67,0.12,2.2,2.221,96,82.41,12,740,N/A
2017,3,9,8,30,239,34,259,70,910,594,12,54.83,0.12,2.8000000000000003,2.211,92.5,72.16,14,740,N/A
2017,3,9,9,30,246,17,260,80,972,823,12,40.12,0.12,3,2.216,95.10000000000001,66.63,15,740,N/A
2017,3,9,10,30,399,48,443,90,998,990,12,25.71,0.12,3,2.23,99.5,62.25,16,740,N/A
2017,3,9,11,30,555,262,811,95,1011,1082,12,12.73,0.12,3,2.244,101.30000000000001,58.74,17,740,N/A
2017,3,9,12,30,572,254,821,95,1013,1092,12,10.58,0.12,2.9000000000000004,2.2600000000000002,100.7,58.81,17,740,N/A
2017,3,9,13,30,248,19,266,113,970,1009,12,22.61,0.12,2.8000000000000003,2.277,98.80000000000001,58.49,16,740,N/A
2017,3,9,14,30,185,14,196,105,939,857,12,36.87,0.12,2.7,2.294,95.60000000000001,62.09,16,740,N/A
2017,3,9,15,30,210,16,220,93,879,640,12,51.550000000000004,0.12,2.4000000000000004,2.311,92.60000000000001,66.19,15,740,N/A
2017,3,9,16,30,76,754,378,76,754,378,12,66.36,0.12,2,2.323,90.30000000000001,72.32000000000001,14,740,N/A
2017,3,9,17,30,44,444,112,44,444,112,13,81.24,0.12,1.4000000000000001,2.325,89.4,80.46000000000001,12,740,N/A
2017,3,9,18,30,0,0,0,0,0,0,14,96.15,0.12,1.1,2.316,85.80000000000001,95.08,11,740,N/A
2017,3,9,19,30,0,0,0,0,0,0,13,111.08,0.12,1,2.298,78.4,93.42,10,740,N/A
2017,3,9,20,30,0,0,0,0,0,0,13,126.03,0.12,0.9,2.2760000000000002,81.30000000000001,97.10000000000001,10,740,N/A
2017,3,9,21,30,0,0,0,0,0,0,12,140.98,0.12,1,2.248,87.7,93.53,10,740,N/A
2017,3,9,22,30,0,0,0,0,0,0,12,155.93,0.12,0.9,2.214,90.4,90.92,9,740,N/A
2017,3,9,23,30,0,0,0,0,0,0,12,170.88,0.12,0.9,2.179,93.2,89.32000000000001,9,740,N/A
2017,3,10,0,30,0,0,0,0,0,0,12,174.11,0.12,0.9,2.1510000000000002,94,88.43,9,740,N/A
2017,3,10,1,30,0,0,0,0,0,0,12,159.17000000000002,0.12,0.8,2.136,93.10000000000001,93.91,9,740,N/A
2017,3,10,2,30,0,0,0,0,0,0,11,144.21,0.12,0.6000000000000001,2.129,89.60000000000001,93.25,9,740,N/A
2017,3,10,3,30,0,0,0,0,0,0,11,129.26,0.12,0.5,2.126,85.10000000000001,92.15,9,740,N/A
2017,3,10,4,30,0,0,0,0,0,0,11,114.31,0.12,0.5,2.126,82.80000000000001,91.03,8,740,N/A
2017,3,10,5,30,0,0,0,0,0,0,11,99.38,0.12,0.8,2.1270000000000002,83.5,89.73,8,740,N/A
2017,3,10,6,30,29,384,66,29,384,66,11,84.45,0.12,1.5,2.1310000000000002,88.80000000000001,82.19,10,740,N/A
2017,3,10,7,30,59,771,328,59,771,328,12,69.56,0.12,2.2,2.142,88.5,73.59,12,740,N/A
2017,3,10,8,30,73,905,596,73,905,596,11,54.71,0.12,2.6,2.162,90.4,67.85,14,740,N/A
2017,3,10,9,30,385,341,647,81,972,826,12,39.97,0.12,2.7,2.189,93,60.25,15,740,N/A
2017,3,10,10,30,311,21,331,103,980,988,12,25.52,0.12,2.5,2.22,93.80000000000001,57.88,16,740,N/A
2017,3,10,11,30,252,19,271,104,999,1080,12,12.41,0.12,2.3000000000000003,2.2560000000000002,93.5,55.6,17,740,N/A
2017,3,10,12,30,564,126,688,101,1004,1089,13,10.290000000000001,0.12,2.1,2.301,94.2,56.67,18,740,N/A
2017,3,10,13,30,398,30,427,98,991,1014,13,22.52,0.12,1.9000000000000001,2.354,96.2,61.160000000000004,17,740,N/A
2017,3,10,14,30,432,120,528,93,958,859,13,36.85,0.12,1.9000000000000001,2.4130000000000003,100.80000000000001,61.81,16,740,N/A
2017,3,10,15,30,28,0,28,85,894,641,13,51.550000000000004,0.12,1.8,2.472,104.10000000000001,66.56,15,740,N/A
2017,3,10,16,30,15,0,15,72,763,378,13,66.38,0.12,1.6,2.52,105,77.43,14,740,N/A
2017,3,10,17,30,4,0,4,42,458,111,14,81.27,0.12,1.2000000000000002,2.5500000000000003,105.5,86.08,12,740,N/A
2017,3,10,18,30,0,0,0,0,0,0,15,96.19,0.12,0.9,2.565,106.2,93.92,12,740,N/A
2017,3,10,19,30,0,0,0,0,0,0,14,111.12,0.12,0.8,2.572,107.4,93.73,12,740,N/A
2017,3,10,20,30,0,0,0,0,0,0,14,126.07000000000001,0.12,0.8,2.572,108.10000000000001,93.68,11,740,N/A
2017,3,10,21,30,0,0,0,0,0,0,14,141.02,0.12,0.7000000000000001,2.565,105.7,98.5,11,740,N/A
2017,3,10,22,30,0,0,0,0,0,0,14,155.97,0.12,0.6000000000000001,2.556,105.4,97.05,11,740,N/A
2017,3,10,23,30,0,0,0,0,0,0,14,170.9,0.12,0.5,2.551,104.9,95.59,10,740,N/A
2017,3,11,0,30,0,0,0,0,0,0,14,173.99,0.12,0.5,2.544,107.10000000000001,100,10,740,N/A
2017,3,11,1,30,0,0,0,0,0,0,13,159.08,0.12,0.5,2.537,106,99.67,10,740,N/A
2017,3,11,2,30,0,0,0,0,0,0,13,144.13,0.12,0.6000000000000001,2.5260000000000002,107.2,99.05,10,740,N/A
2017,3,11,3,30,0,0,0,0,0,0,13,129.18,0.12,0.6000000000000001,2.5100000000000002,106.9,98.22,10,740,N/A
2017,3,11,4,30,0,0,0,0,0,0,13,114.23,0.12,0.7000000000000001,2.485,106.10000000000001,97.3,10,740,N/A
2017,3,11,5,30,0,0,0,0,0,0,13,99.28,0.12,1,2.447,99.60000000000001,96.67,10,740,N/A
2017,3,11,6,30,15,0,15,29,373,65,13,84.35000000000001,0.12,1.5,2.402,97.9,92,10,740,N/A
2017,3,11,7,30,77,0,77,63,746,324,13,69.45,0.12,2,2.364,93.60000000000001,87.15,12,740,N/A
2017,3,11,8,30,283,105,344,83,874,589,13,54.59,0.12,2.4000000000000004,2.342,92.5,80.55,13,740,N/A
2017,3,11,9,30,370,55,412,97,938,817,13,39.83,0.12,2.5,2.336,95.60000000000001,73.23,14,740,N/A
2017,3,11,10,30,339,23,360,141,918,971,13,25.330000000000002,0.12,2.6,2.344,98.5,68.27,15,740,N/A
2017,3,11,11,30,489,48,537,143,941,1064,13,12.1,0.12,2.6,2.364,101.9,64.82000000000001,16,740,N/A
2017,3,11,12,30,374,24,398,138,950,1074,13,10.01,0.12,2.6,2.3890000000000002,105.5,61.61,16,740,N/A
2017,3,11,13,30,521,244,747,153,906,991,13,22.44,0.12,2.5,2.42,109.30000000000001,66.25,16,740,N/A
2017,3,11,14,30,79,0,79,142,869,838,13,36.82,0.12,2.3000000000000003,2.46,111.7,67.01,15,740,N/A
2017,3,11,15,30,270,41,296,122,804,622,13,51.550000000000004,0.12,2.1,2.504,113.2,72.08,14,740,N/A
2017,3,11,16,30,167,323,297,98,662,363,14,66.4,0.12,1.7000000000000002,2.543,114,83.8,13,740,N/A
2017,3,11,17,30,58,179,85,51,350,104,14,81.3,0.12,1.1,2.571,115.10000000000001,92.64,12,740,N/A
2017,3,11,18,30,0,0,0,0,0,0,15,96.22,0.12,0.8,2.585,117.30000000000001,96.14,12,740,N/A
2017,3,11,19,30,0,0,0,0,0,0,15,111.16,0.12,0.8,2.578,120.10000000000001,95.41,11,740,N/A
2017,3,11,20,30,0,0,0,0,0,0,15,126.11,0.12,0.7000000000000001,2.556,121.7,100,11,740,N/A
2017,3,11,21,30,0,0,0,0,0,0,14,141.07,0.12,0.6000000000000001,2.5340000000000003,118.10000000000001,98.58,11,740,N/A
2017,3,11,22,30,0,0,0,0,0,0,14,156.02,0.12,0.5,2.517,116.2,96.19,10,740,N/A
2017,3,11,23,30,0,0,0,0,0,0,14,170.92000000000002,0.12,0.4,2.493,115.10000000000001,100,10,740,N/A
2017,3,12,0,30,0,0,0,0,0,0,13,173.85,0.12,0.30000000000000004,2.455,94.60000000000001,98.24000000000001,10,740,N/A
2017,3,12,1,30,0,0,0,0,0,0,13,158.99,0.12,0.30000000000000004,2.408,63.6,95.27,9,740,N/A
2017,3,12,2,30,0,0,0,0,0,0,12,144.04,0.12,0.4,2.365,45.1,92.60000000000001,9,740,N/A
2017,3,12,3,30,0,0,0,0,0,0,12,129.09,0.12,0.5,2.332,37.9,90.54,9,740,N/A
2017,3,12,4,30,0,0,0,0,0,0,12,114.14,0.12,0.5,2.306,41.400000000000006,94.77,9,740,N/A
2017,3,12,5,30,0,0,0,0,0,0,11,99.19,0.12,0.5,2.283,49.900000000000006,93.53,9,740,N/A
2017,3,12,6,30,20,0,20,27,419,69,12,84.25,0.12,0.8,2.2640000000000002,64.60000000000001,85.39,10,740,N/A
2017,3,12,7,30,96,0,96,55,787,333,13,69.34,0.12,1.3,2.258,95.4,78.9,12,740,N/A
2017,3,12,8,30,114,1,115,69,914,600,13,54.47,0.12,1.6,2.263,101.10000000000001,74.27,14,740,N/A
2017,3,12,9,30,172,12,182,78,974,828,13,39.69,0.12,1.8,2.275,105.30000000000001,68.18,15,740,N/A
2017,3,12,10,30,301,20,320,87,1001,993,13,25.14,0.12,2.1,2.301,109.5,64.18,16,740,N/A
2017,3,12,11,30,254,20,274,93,1011,1083,13,11.790000000000001,0.12,2.3000000000000003,2.343,112.7,60.79,16,740,N/A
2017,3,12,12,30,287,20,307,95,1009,1090,13,9.74,0.12,2.3000000000000003,2.395,114.60000000000001,65.27,16,740,N/A
2017,3,12,13,30,405,31,435,98,987,1011,13,22.36,0.12,2.2,2.454,116.2,66.35,15,740,N/A
2017,3,12,14,30,435,229,619,94,951,856,13,36.81,0.12,2.1,2.509,119.4,71.68,15,740,N/A
2017,3,12,15,30,300,314,495,84,892,638,13,51.56,0.12,1.9000000000000001,2.553,125.80000000000001,77.31,14,740,N/A
2017,3,12,16,30,145,17,152,70,768,377,14,66.42,0.12,1.5,2.581,132.3,84.03,13,740,N/A
2017,3,12,17,30,45,0,45,40,476,111,14,81.33,0.12,1,2.593,139.1,92.72,12,740,N/A
2017,3,12,18,30,0,0,0,0,0,0,15,96.26,0.12,0.8,2.601,147.70000000000002,95.47,12,740,N/A
2017,3,12,19,30,0,0,0,0,0,0,15,111.21000000000001,0.12,0.7000000000000001,2.61,143.6,95.04,11,740,N/A
2017,3,12,20,30,0,0,0,0,0,0,14,126.16,0.12,0.6000000000000001,2.615,133,99.36,11,740,N/A
2017,3,12,21,30,0,0,0,0,0,0,14,141.11,0.12,0.5,2.602,126.2,97.2,10,740,N/A
2017,3,12,22,30,0,0,0,0,0,0,14,156.05,0.12,0.4,2.572,128.1,100,10,740,N/A
2017,3,12,23,30,0,0,0,0,0,0,13,170.92000000000002,0.12,0.30000000000000004,2.5300000000000002,129.8,99.38,10,740,N/A
2017,3,13,0,30,0,0,0,0,0,0,13,173.68,0.12,0.2,2.477,122,96.38,9,740,N/A
2017,3,13,1,30,0,0,0,0,0,0,12,158.89000000000001,0.12,0.1,2.4250000000000003,114.30000000000001,93.69,9,740,N/A
2017,3,13,2,30,0,0,0,0,0,0,12,143.95000000000002,0.12,0.1,2.38,71.3,97.77,9,740,N/A
2017,3,13,3,30,0,0,0,0,0,0,12,129,0.12,0.1,2.347,49.5,95.59,9,740,N/A
2017,3,13,4,30,0,0,0,0,0,0,11,114.04,0.12,0.1,2.324,21.200000000000003,93.05,9,740,N/A
2017,3,13,5,30,0,0,0,0,0,0,11,99.09,0.12,0.2,2.314,22,90.69,9,740,N/A
2017,3,13,6,30,35,29,38,26,461,72,11,84.15,0.12,0.7000000000000001,2.322,99.5,86.8,10,740,N/A
2017,3,13,7,30,151,76,178,50,808,337,12,69.23,0.12,1.4000000000000001,2.344,112.30000000000001,80.51,11,740,N/A
2017,3,13,8,30,291,155,381,62,928,603,12,54.35,0.12,1.8,2.372,111,75.88,13,740,N/A
2017,3,13,9,30,403,287,625,69,987,830,12,39.550000000000004,0.12,2,2.399,114,70.37,14,740,N/A
2017,3,13,10,30,513,166,664,95,987,990,12,24.96,0.12,2.1,2.4250000000000003,116.7,67.22,15,740,N/A
2017,3,13,11,30,98,1002,1080,98,1002,1080,12,11.48,0.12,2,2.453,119.10000000000001,63.9,16,740,N/A
2017,3,13,12,30,571,208,776,97,1004,1088,13,9.48,0.12,1.8,2.483,120.9,64.78,15,740,N/A
2017,3,13,13,30,487,337,799,115,960,1004,13,22.3,0.12,1.6,2.5180000000000002,124.9,69.96000000000001,15,740,N/A
2017,3,13,14,30,401,65,453,109,923,849,13,36.79,0.12,1.4000000000000001,2.555,132.20000000000002,75.52,14,740,N/A
2017,3,13,15,30,228,20,241,98,857,631,13,51.57,0.12,1.4000000000000001,2.591,138.5,81.75,13,740,N/A
2017,3,13,16,30,174,78,205,81,722,370,14,66.45,0.12,1.2000000000000002,2.616,141.4,88.79,12,740,N/A
2017,3,13,17,30,55,31,60,44,422,108,14,81.36,0.12,0.9,2.63,143.70000000000002,91.23,11,740,N/A
2017,3,13,18,30,0,0,0,0,0,0,14,96.3,0.12,0.8,2.633,145,92.02,11,740,N/A
2017,3,13,19,30,0,0,0,0,0,0,14,111.25,0.12,0.7000000000000001,2.629,138.8,97.94,11,740,N/A
2017,3,13,20,30,0,0,0,0,0,0,14,126.2,0.12,0.6000000000000001,2.617,135.70000000000002,97.31,11,740,N/A
2017,3,13,21,30,0,0,0,0,0,0,14,141.15,0.12,0.5,2.595,131.3,96.7,11,740,N/A
2017,3,13,22,30,0,0,0,0,0,0,14,156.08,0.12,0.4,2.57,124.80000000000001,95.94,10,740,N/A
2017,3,13,23,30,0,0,0,0,0,0,14,170.9,0.12,0.30000000000000004,2.543,126.2,100,10,740,N/A
2017,3,14,0,30,0,0,0,0,0,0,13,173.5,0.12,0.30000000000000004,2.511,139.1,99.39,10,740,N/A
2017,3,14,1,30,0,0,0,0,0,0,13,158.78,0.12,0.30000000000000004,2.479,144.5,98.11,10,740,N/A
2017,3,14,2,30,0,0,0,0,0,0,13,143.85,0.12,0.30000000000000004,2.444,135.6,97.11,10,740,N/A
2017,3,14,3,30,0,0,0,0,0,0,13,128.9,0.12,0.30000000000000004,2.41,114.4,96.23,9,740,N/A
2017,3,14,4,30,0,0,0,0,0,0,13,113.95,0.12,0.30000000000000004,2.378,88.9,94.5,9,740,N/A
2017,3,14,5,30,0,0,0,0,0,0,12,99,0.12,0.5,2.348,71,92.62,9,740,N/A
2017,3,14,6,30,28,418,72,28,418,72,13,84.05,0.12,1,2.32,65.7,88.78,10,740,N/A
2017,3,14,7,30,57,781,335,57,781,335,13,69.12,0.12,1.7000000000000002,2.291,70.60000000000001,84.22,12,740,N/A
2017,3,14,8,30,229,26,245,70,910,603,13,54.230000000000004,0.12,2.1,2.263,74,73.2,13,740,N/A
2017,3,14,9,30,365,50,403,79,974,831,12,39.410000000000004,0.12,2.2,2.241,79.80000000000001,67.51,14,740,N/A
2017,3,14,10,30,490,88,571,91,996,996,12,24.78,0.12,2.1,2.233,84.5,63.74,15,740,N/A
2017,3,14,11,30,558,120,676,96,1009,1086,13,11.18,0.12,2,2.245,87.5,60.68,16,740,N/A
2017,3,14,12,30,475,41,516,97,1008,1093,13,9.23,0.12,1.9000000000000001,2.278,90.30000000000001,61.84,17,740,N/A
2017,3,14,13,30,452,47,496,100,986,1013,13,22.240000000000002,0.12,1.7000000000000002,2.32,92,62.61,16,740,N/A
2017,3,14,14,30,418,88,489,98,948,857,13,36.79,0.12,1.4000000000000001,2.363,93.5,67.6,15,740,N/A
2017,3,14,15,30,89,882,637,89,882,637,14,51.59,0.12,1,2.394,95.2,72.92,14,740,N/A
2017,3,14,16,30,152,24,161,76,745,374,14,66.47,0.12,0.7000000000000001,2.41,98.60000000000001,79.39,13,740,N/A
2017,3,14,17,30,47,0,47,43,436,108,15,81.4,0.12,0.4,2.432,100.7,93.86,12,740,N/A
2017,3,14,18,30,0,0,0,0,0,0,15,96.34,0.12,0.30000000000000004,2.473,117.2,94.69,12,740,N/A
2017,3,14,19,30,0,0,0,0,0,0,15,111.29,0.12,0.4,2.5340000000000003,114.80000000000001,94.79,11,740,N/A
2017,3,14,20,30,0,0,0,0,0,0,15,126.24000000000001,0.12,0.30000000000000004,2.591,107,100,11,740,N/A
2017,3,14,21,30,0,0,0,0,0,0,14,141.19,0.12,0.2,2.61,96.60000000000001,98.87,11,740,N/A
2017,3,14,22,30,0,0,0,0,0,0,14,156.11,0.12,0.1,2.585,79,97.83,11,740,N/A
2017,3,14,23,30,0,0,0,0,0,0,14,170.86,0.12,0.1,2.536,85.7,96.27,10,740,N/A
2017,3,15,0,30,0,0,0,0,0,0,14,173.29,0.12,0.1,2.496,124.2,94.45,10,740,N/A
2017,3,15,1,30,0,0,0,0,0,0,13,158.66,0.12,0.2,2.477,137.4,99.03,10,740,N/A
2017,3,15,2,30,0,0,0,0,0,0,13,143.75,0.12,0.2,2.463,141.20000000000002,97.56,10,740,N/A
2017,3,15,3,30,0,0,0,0,0,0,13,128.81,0.12,0.2,2.443,146.4,96.04,10,740,N/A
2017,3,15,4,30,0,0,0,0,0,0,13,113.85000000000001,0.12,0.2,2.4210000000000003,135.3,94.66,10,740,N/A
2017,3,15,5,30,0,0,0,0,0,0,13,98.9,0.12,0.1,2.3890000000000002,101.4,93.91,10,740,N/A
2017,3,15,6,30,6,0,6,32,354,70,13,83.95,0.12,0.30000000000000004,2.352,90.60000000000001,90.5,10,740,N/A
2017,3,15,7,30,29,0,29,70,721,328,13,69.02,0.12,0.7000000000000001,2.335,126.30000000000001,87.35000000000001,11,740,N/A
2017,3,15,8,30,261,50,291,91,855,592,13,54.11,0.12,1,2.346,129.1,80.73,12,740,N/A
2017,3,15,9,30,245,17,258,104,922,818,13,39.27,0.12,1.1,2.366,129.6,74.16,13,740,N/A
2017,3,15,10,30,140,9,149,102,975,988,13,24.61,0.12,1.2000000000000002,2.378,130,73.82000000000001,14,740,N/A
2017,3,15,11,30,86,0,86,106,990,1078,13,10.89,0.12,1.1,2.3810000000000002,132.6,69.16,15,740,N/A
2017,3,15,12,30,448,33,482,107,990,1086,13,8.98,0.12,1,2.386,137.9,69.67,15,740,N/A
2017,3,15,13,30,123,949,1002,123,949,1002,13,22.19,0.12,0.9,2.395,144.8,70.08,15,740,N/A
2017,3,15,14,30,435,223,614,114,916,848,13,36.78,0.12,0.8,2.4,154.4,70.63,14,740,N/A
2017,3,15,15,30,315,142,403,102,848,629,13,51.61,0.12,0.6000000000000001,2.399,164.3,75.82000000000001,14,740,N/A
2017,3,15,16,30,179,145,237,79,733,371,13,66.5,0.12,0.4,2.396,169.3,82.12,13,740,N/A
2017,3,15,17,30,56,86,69,41,448,108,14,81.43,0.12,0.2,2.3970000000000002,174.8,91.13,12,740,N/A
2017,3,15,18,30,0,0,0,0,0,0,14,96.38,0.12,0.1,2.404,161.8,91.60000000000001,11,740,N/A
2017,3,15,19,30,0,0,0,0,0,0,14,111.33,0.12,0.1,2.414,136.4,97.64,11,740,N/A
2017,3,15,20,30,0,0,0,0,0,0,14,126.28,0.12,0.2,2.419,107.60000000000001,96.92,11,740,N/A
2017,3,15,21,30,0,0,0,0,0,0,14,141.22,0.12,0.1,2.419,94.4,95.56,11,740,N/A
2017,3,15,22,30,0,0,0,0,0,0,14,156.13,0.12,0,2.414,91.9,94.41,10,740,N/A
2017,3,15,23,30,0,0,0,0,0,0,13,170.81,0.12,0,2.4050000000000002,147.20000000000002,93.08,10,740,N/A
2017,3,16,0,30,0,0,0,0,0,0,13,173.07,0.12,0.1,2.395,223.4,98.09,10,740,N/A
2017,3,16,1,30,0,0,0,0,0,0,13,158.54,0.12,0.2,2.3850000000000002,200.5,97.12,10,740,N/A
2017,3,16,2,30,0,0,0,0,0,0,13,143.65,0.12,0.2,2.37,142.3,96.38,10,740,N/A
2017,3,16,3,30,0,0,0,0,0,0,13,128.7,0.12,0.30000000000000004,2.342,139.3,95.63,9,740,N/A
2017,3,16,4,30,0,0,0,0,0,0,13,113.75,0.12,0.30000000000000004,2.301,139.5,94.8,9,740,N/A
2017,3,16,5,30,0,0,0,0,0,0,12,98.8,0.12,0.4,2.2640000000000002,136.1,93.69,9,740,N/A
2017,3,16,6,30,32,351,70,32,351,70,13,83.84,0.12,0.8,2.241,108.7,90.01,10,740,N/A
2017,3,16,7,30,132,408,279,74,704,327,13,68.91,0.12,1.2000000000000002,2.227,98.7,86.60000000000001,11,740,N/A
2017,3,16,8,30,99,835,591,99,835,591,13,53.99,0.12,1.3,2.215,94.10000000000001,79.75,13,740,N/A
2017,3,16,9,30,416,227,592,111,913,820,13,39.14,0.12,1.2000000000000002,2.213,101.9,68.92,14,740,N/A
2017,3,16,10,30,514,158,658,142,916,976,13,24.44,0.12,1.1,2.229,111.10000000000001,65.11,15,740,N/A
2017,3,16,11,30,216,18,234,145,938,1067,13,10.6,0.12,1,2.251,116.10000000000001,66.08,16,740,N/A
2017,3,16,12,30,173,15,188,140,946,1076,13,8.76,0.12,0.8,2.275,117,62.81,16,740,N/A
2017,3,16,13,30,124,948,1003,124,948,1003,13,22.14,0.12,0.8,2.301,118.80000000000001,67.61,16,740,N/A
2017,3,16,14,30,387,83,454,117,912,848,13,36.79,0.12,0.8,2.326,123.5,72.37,15,740,N/A
2017,3,16,15,30,104,846,629,104,846,629,13,51.63,0.12,0.8,2.347,125.5,77.28,14,740,N/A
2017,3,16,16,30,87,704,367,87,704,367,14,66.53,0.12,0.7000000000000001,2.357,120,83,13,740,N/A
2017,3,16,17,30,47,386,104,47,386,104,14,81.47,0.12,0.5,2.359,108.80000000000001,91.42,12,740,N/A
2017,3,16,18,30,0,0,0,0,0,0,14,96.42,0.12,0.30000000000000004,2.356,104.30000000000001,92.08,11,740,N/A
2017,3,16,19,30,0,0,0,0,0,0,14,111.37,0.12,0.30000000000000004,2.352,105.2,97.24000000000001,11,740,N/A
2017,3,16,20,30,0,0,0,0,0,0,14,126.32000000000001,0.12,0.30000000000000004,2.348,112.4,96.28,11,740,N/A
2017,3,16,21,30,0,0,0,0,0,0,14,141.26,0.12,0.30000000000000004,2.348,123.5,94.96000000000001,10,740,N/A
2017,3,16,22,30,0,0,0,0,0,0,13,156.15,0.12,0.30000000000000004,2.351,131.3,99.8,10,740,N/A
2017,3,16,23,30,0,0,0,0,0,0,13,170.74,0.12,0.30000000000000004,2.352,138.9,98.42,10,740,N/A
2017,3,17,0,30,0,0,0,0,0,0,13,172.82,0.12,0.30000000000000004,2.349,143.6,96.98,10,740,N/A
2017,3,17,1,30,0,0,0,0,0,0,13,158.41,0.12,0.30000000000000004,2.341,133.70000000000002,95.38,9,740,N/A
2017,3,17,2,30,0,0,0,0,0,0,13,143.53,0.12,0.30000000000000004,2.328,126.4,93.93,9,740,N/A
2017,3,17,3,30,0,0,0,0,0,0,12,128.6,0.12,0.4,2.312,128.1,98.68,9,740,N/A
2017,3,17,4,30,0,0,0,0,0,0,12,113.65,0.12,0.4,2.291,125.2,97.45,9,740,N/A
2017,3,17,5,30,0,0,0,0,0,0,12,98.69,0.12,0.5,2.263,124,96.46000000000001,9,740,N/A
2017,3,17,6,30,36,325,71,36,325,71,12,83.74,0.12,1,2.232,120.4,87.37,10,740,N/A
2017,3,17,7,30,80,687,328,80,687,328,13,68.8,0.12,1.6,2.198,106.9,84.3,12,740,N/A
2017,3,17,8,30,169,9,175,105,828,593,13,53.88,0.12,1.8,2.162,102.80000000000001,74.29,14,740,N/A
2017,3,17,9,30,158,11,167,117,906,822,13,39,0.12,1.6,2.136,104.80000000000001,69.14,15,740,N/A
2017,3,17,10,30,515,159,660,181,861,967,13,24.27,0.12,1.4000000000000001,2.134,110.80000000000001,65.67,16,740,N/A
2017,3,17,11,30,257,20,277,185,886,1057,13,10.32,0.12,1.2000000000000002,2.1510000000000002,117.9,62.800000000000004,17,740,N/A
2017,3,17,12,30,282,20,303,185,887,1063,13,8.540000000000001,0.12,1,2.177,124.7,59.86,17,740,N/A
2017,3,17,13,30,522,235,741,178,871,985,13,22.11,0.12,0.9,2.212,128.9,64,17,740,N/A
2017,3,17,14,30,150,10,159,171,819,827,13,36.79,0.12,0.8,2.251,132.4,68.01,16,740,N/A
2017,3,17,15,30,41,0,41,156,726,607,13,51.65,0.12,0.7000000000000001,2.289,134.20000000000002,72.5,15,740,N/A
2017,3,17,16,30,130,542,346,130,542,346,14,66.57000000000001,0.12,0.6000000000000001,2.32,124.5,78.28,14,740,N/A
2017,3,17,17,30,63,193,92,63,193,92,14,81.51,0.12,0.5,2.334,114.30000000000001,85.94,12,740,N/A
2017,3,17,18,30,0,0,0,0,0,0,14,96.46000000000001,0.12,0.5,2.324,109.80000000000001,93.09,12,740,N/A
2017,3,17,19,30,0,0,0,0,0,0,14,111.41,0.12,0.4,2.291,108.2,92.28,11,740,N/A
2017,3,17,20,30,0,0,0,0,0,0,14,126.36,0.12,0.4,2.241,101.2,96.87,11,740,N/A
2017,3,17,21,30,0,0,0,0,0,0,14,141.29,0.12,0.4,2.189,95.4,94.72,10,740,N/A
2017,3,17,22,30,0,0,0,0,0,0,13,156.16,0.12,0.30000000000000004,2.16,91.30000000000001,92.98,10,740,N/A
2017,3,17,23,30,0,0,0,0,0,0,13,170.65,0.12,0.2,2.16,85.10000000000001,97.54,10,740,N/A
2017,3,18,0,30,0,0,0,0,0,0,13,172.57,0.12,0.1,2.174,45.5,95.92,10,740,N/A
2017,3,18,1,30,0,0,0,0,0,0,13,158.27,0.12,0.1,2.186,285.2,95.03,10,740,N/A
2017,3,18,2,30,0,0,0,0,0,0,13,143.42000000000002,0.12,0.1,2.203,263.1,94.34,10,740,N/A
2017,3,18,3,30,0,0,0,0,0,0,13,128.49,0.12,0.1,2.227,153.4,93.81,9,740,N/A
2017,3,18,4,30,0,0,0,0,0,0,12,113.55,0.12,0.1,2.251,151.3,93.29,9,740,N/A
2017,3,18,5,30,0,0,0,0,0,0,12,98.59,0.12,0.4,2.275,146,92.79,9,740,N/A
2017,3,18,6,30,46,151,63,46,151,63,13,83.64,0.12,1,2.299,133.4,89.02,10,740,N/A
2017,3,18,7,30,114,545,312,114,545,312,13,68.69,0.12,1.8,2.316,123,84.16,12,740,N/A
2017,3,18,8,30,142,731,574,142,731,574,13,53.76,0.12,2.1,2.325,112.9,77.81,13,740,N/A
2017,3,18,9,30,155,831,802,155,831,802,13,38.87,0.12,2.1,2.338,112.60000000000001,72.59,14,740,N/A
2017,3,18,10,30,191,837,956,191,837,956,13,24.11,0.12,2,2.364,112.4,68.41,14,740,N/A
2017,3,18,11,30,473,262,732,182,881,1050,13,10.040000000000001,0.12,1.8,2.394,111.5,69.04,15,740,N/A
2017,3,18,12,30,518,62,580,173,894,1058,13,8.34,0.12,1.5,2.4210000000000003,111.30000000000001,69.79,15,740,N/A
2017,3,18,13,30,525,148,662,238,769,951,13,22.080000000000002,0.12,1.2000000000000002,2.449,112.2,70.38,15,740,N/A
2017,3,18,14,30,429,256,634,207,743,802,13,36.800000000000004,0.12,1.1,2.475,114.5,71.17,14,740,N/A
2017,3,18,15,30,298,313,492,172,674,590,13,51.68,0.12,1.1,2.497,116,76.54,14,740,N/A
2017,3,18,16,30,149,21,157,129,526,338,14,66.6,0.12,1,2.5140000000000002,115.4,82.73,13,740,N/A
2017,3,18,17,30,57,225,90,57,225,90,14,81.55,0.12,0.8,2.523,112.10000000000001,90.76,11,740,N/A
2017,3,18,18,30,0,0,0,0,0,0,14,96.5,0.12,0.7000000000000001,2.521,107.9,97.49000000000001,11,740,N/A
2017,3,18,19,30,0,0,0,0,0,0,14,111.45,0.12,0.7000000000000001,2.5,103.5,96.79,11,740,N/A
2017,3,18,20,30,0,0,0,0,0,0,14,126.4,0.12,0.6000000000000001,2.46,94.5,95.39,10,740,N/A
2017,3,18,21,30,0,0,0,0,0,0,13,141.32,0.12,0.5,2.407,81.80000000000001,93.28,10,740,N/A
2017,3,18,22,30,0,0,0,0,0,0,13,156.16,0.12,0.5,2.363,75.3,96.65,10,740,N/A
2017,3,18,23,30,0,0,0,0,0,0,13,170.55,0.12,0.4,2.346,76.4,94.44,10,740,N/A
2017,3,19,0,30,0,0,0,0,0,0,12,172.3,0.12,0.4,2.354,71.8,93.41,10,740,N/A
2017,3,19,1,30,0,0,0,0,0,0,12,158.12,0.12,0.4,2.373,66.4,92.94,10,740,N/A
2017,3,19,2,30,0,0,0,0,0,0,12,143.3,0.12,0.4,2.39,63.5,92.16,10,740,N/A
2017,3,19,3,30,0,0,0,0,0,0,12,128.38,0.12,0.4,2.4010000000000002,73.9,91.34,9,740,N/A
2017,3,19,4,30,0,0,0,0,0,0,12,113.44,0.12,0.4,2.4050000000000002,87.2,97.45,9,740,N/A
2017,3,19,5,30,0,0,0,0,0,0,12,98.49000000000001,0.12,0.4,2.4010000000000002,91.2,97.42,9,740,N/A
2017,3,19,6,30,37,309,72,37,309,72,13,83.53,0.12,0.7000000000000001,2.3930000000000002,96.2,94.08,10,740,N/A
2017,3,19,7,30,80,678,328,80,678,328,13,68.58,0.12,1.1,2.3850000000000002,103.7,90.26,11,740,N/A
2017,3,19,8,30,292,114,360,106,816,590,13,53.65,0.12,1.3,2.378,99.5,83.88,12,740,N/A
2017,3,19,9,30,215,15,227,126,882,814,13,38.75,0.12,1.2000000000000002,2.38,102.4,78.51,13,740,N/A
2017,3,19,10,30,483,76,553,143,909,975,13,23.95,0.12,1,2.4010000000000002,106.60000000000001,74.36,14,740,N/A
2017,3,19,11,30,268,20,288,148,928,1063,13,9.77,0.12,0.8,2.436,111.60000000000001,70.47,14,740,N/A
2017,3,19,12,30,330,34,364,148,930,1069,13,8.15,0.12,0.6000000000000001,2.474,121.7,71.04,14,740,N/A
2017,3,19,13,30,362,40,400,212,811,964,13,22.05,0.12,0.6000000000000001,2.5060000000000002,130.8,71.47,14,740,N/A
2017,3,19,14,30,431,124,530,193,771,811,13,36.82,0.12,0.5,2.528,130.4,76.39,14,740,N/A
2017,3,19,15,30,313,201,438,159,710,599,13,51.71,0.12,0.5,2.537,119.10000000000001,81.47,13,740,N/A
2017,3,19,16,30,176,85,210,117,575,346,13,66.64,0.12,0.5,2.535,106.10000000000001,87.38,12,740,N/A
2017,3,19,17,30,53,26,57,54,279,95,14,81.59,0.12,0.4,2.5220000000000002,92,89.65,11,740,N/A
2017,3,19,18,30,0,0,0,0,0,0,14,96.54,0.12,0.30000000000000004,2.497,78.9,95.21000000000001,11,740,N/A
2017,3,19,19,30,0,0,0,0,0,0,14,111.49000000000001,0.12,0.4,2.464,73.5,93.9,11,740,N/A
2017,3,19,20,30,0,0,0,0,0,0,13,126.43,0.12,0.4,2.432,70.2,92.60000000000001,11,740,N/A
2017,3,19,21,30,0,0,0,0,0,0,13,141.34,0.12,0.4,2.404,59.2,91.14,10,740,N/A
2017,3,19,22,30,0,0,0,0,0,0,13,156.16,0.12,0.4,2.374,55,95.8,10,740,N/A
2017,3,19,23,30,0,0,0,0,0,0,13,170.44,0.12,0.4,2.34,62.800000000000004,94.47,10,740,N/A
2017,3,20,0,30,0,0,0,0,0,0,12,172.02,0.12,0.4,2.308,72.9,93.06,10,740,N/A
2017,3,20,1,30,0,0,0,0,0,0,12,157.97,0.12,0.4,2.289,77.4,91.56,10,740,N/A
2017,3,20,2,30,0,0,0,0,0,0,12,143.18,0.12,0.4,2.285,75,90.85000000000001,9,740,N/A
2017,3,20,3,30,0,0,0,0,0,0,12,128.27,0.12,0.4,2.287,73.5,90.29,9,740,N/A
2017,3,20,4,30,0,0,0,0,0,0,12,113.33,0.12,0.4,2.2880000000000003,74.5,95.45,9,740,N/A
2017,3,20,5,30,0,0,0,0,0,0,12,98.38,0.12,0.5,2.29,79,94.7,9,740,N/A
2017,3,20,6,30,38,314,74,38,314,74,12,83.42,0.12,0.7000000000000001,2.293,88,91.71000000000001,10,740,N/A
2017,3,20,7,30,120,3,121,80,682,330,13,68.47,0.12,1,2.301,94.4,83.37,12,740,N/A
2017,3,20,8,30,296,208,420,104,823,593,13,53.53,0.12,1.1,2.315,102.5,74.27,13,740,N/A
2017,3,20,9,30,422,169,555,118,897,819,13,38.62,0.12,1.2000000000000002,2.337,114.60000000000001,69.45,14,740,N/A
2017,3,20,10,30,141,10,150,193,835,957,13,23.8,0.12,1.3,2.371,124.2,65.08,15,740,N/A
2017,3,20,11,30,187,16,203,203,852,1043,13,9.52,0.12,1.3,2.41,129.5,65.34,16,740,N/A
2017,3,20,12,30,192,17,209,199,857,1048,13,7.98,0.12,1.2000000000000002,2.453,132.5,65.98,16,740,N/A
2017,3,20,13,30,256,19,274,228,785,956,13,22.04,0.12,1,2.5,135.20000000000002,66.46000000000001,15,740,N/A
2017,3,20,14,30,262,19,278,210,738,801,13,36.84,0.12,0.8,2.545,140.70000000000002,71.53,15,740,N/A
2017,3,20,15,30,190,13,198,177,662,587,13,51.74,0.12,0.6000000000000001,2.589,146.8,77.18,14,740,N/A
2017,3,20,16,30,133,509,334,133,509,334,14,66.68,0.12,0.5,2.628,147.4,83.69,13,740,N/A
2017,3,20,17,30,56,218,88,56,218,88,14,81.63,0.12,0.30000000000000004,2.657,142.4,92.3,12,740,N/A
2017,3,20,18,30,0,0,0,0,0,0,15,96.58,0.12,0.2,2.6750000000000003,131.3,93.91,12,740,N/A
2017,3,20,19,30,0,0,0,0,0,0,15,111.53,0.12,0.2,2.6790000000000003,122.5,93.95,11,740,N/A
2017,3,20,20,30,0,0,0,0,0,0,14,126.46000000000001,0.12,0.2,2.669,127.10000000000001,99.45,11,740,N/A
2017,3,20,21,30,0,0,0,0,0,0,14,141.36,0.12,0.2,2.646,138.3,98.79,11,740,N/A
2017,3,20,22,30,0,0,0,0,0,0,14,156.15,0.12,0.2,2.615,150.20000000000002,97.62,10,740,N/A
2017,3,20,23,30,0,0,0,0,0,0,14,170.31,0.12,0.30000000000000004,2.583,160.3,96.28,10,740,N/A
2017,3,21,0,30,0,0,0,0,0,0,14,171.73,0.12,0.30000000000000004,2.5580000000000003,167,100,10,740,N/A
2017,3,21,1,30,0,0,0,0,0,0,13,157.81,0.12,0.30000000000000004,2.543,165.4,99.77,10,740,N/A
2017,3,21,2,30,0,0,0,0,0,0,13,143.05,0.12,0.4,2.5380000000000003,157.8,98.63,10,740,N/A
2017,3,21,3,30,0,0,0,0,0,0,13,128.16,0.12,0.4,2.537,148.9,97.73,10,740,N/A
2017,3,21,4,30,0,0,0,0,0,0,13,113.22,0.12,0.5,2.539,143.1,97.17,9,740,N/A
2017,3,21,5,30,0,0,0,0,0,0,13,98.27,0.12,0.6000000000000001,2.543,138.70000000000002,96.96000000000001,9,740,N/A
2017,3,21,6,30,18,0,18,36,314,73,13,83.32000000000001,0.12,1,2.548,136,98.33,10,740,N/A
2017,3,21,7,30,85,0,85,77,684,329,14,68.37,0.12,1.5,2.551,137.5,94.35000000000001,11,740,N/A
2017,3,21,8,30,78,0,78,99,825,591,14,53.42,0.12,1.7000000000000002,2.552,128,89.73,12,740,N/A
2017,3,21,9,30,293,22,311,118,888,813,14,38.5,0.12,1.7000000000000002,2.552,120.7,84.09,13,740,N/A
2017,3,21,10,30,448,49,493,132,918,973,14,23.650000000000002,0.12,1.6,2.56,117.2,78.25,14,740,N/A
2017,3,21,11,30,146,11,157,143,927,1058,14,9.27,0.12,1.5,2.581,117.60000000000001,73.32000000000001,14,740,N/A
2017,3,21,12,30,151,916,1059,151,916,1059,14,7.83,0.12,1.4000000000000001,2.609,119,73.59,15,740,N/A
2017,3,21,13,30,152,12,163,153,890,978,14,22.03,0.12,1.3,2.6390000000000002,119.9,74.07000000000001,14,740,N/A
2017,3,21,14,30,230,16,243,146,844,821,14,36.86,0.12,1.2000000000000002,2.666,119.4,79.43,14,740,N/A
2017,3,21,15,30,234,23,249,130,766,604,14,51.78,0.12,1.1,2.688,118.2,85.31,13,740,N/A
2017,3,21,16,30,111,0,111,103,617,346,14,66.72,0.12,0.9,2.706,119.60000000000001,86.96000000000001,12,740,N/A
2017,3,21,17,30,30,0,30,48,318,94,15,81.67,0.12,0.6000000000000001,2.716,121.5,95.3,12,740,N/A
2017,3,21,18,30,0,0,0,0,0,0,15,96.62,0.12,0.6000000000000001,2.715,121.7,94.93,11,740,N/A
2017,3,21,19,30,0,0,0,0,0,0,15,111.57000000000001,0.11900000000000001,0.7000000000000001,2.703,123,100,11,740,N/A
2017,3,21,20,30,0,0,0,0,0,0,14,126.5,0.11900000000000001,0.8,2.6790000000000003,125.80000000000001,99.03,11,740,N/A
2017,3,21,21,30,0,0,0,0,0,0,14,141.38,0.11900000000000001,0.8,2.64,127.60000000000001,97.66,11,740,N/A
2017,3,21,22,30,0,0,0,0,0,0,14,156.14000000000001,0.11900000000000001,0.7000000000000001,2.59,125.2,96.25,10,740,N/A
2017,3,21,23,30,0,0,0,0,0,0,14,170.17000000000002,0.11900000000000001,0.6000000000000001,2.5380000000000003,118.60000000000001,100,10,740,N/A
2017,3,22,0,30,0,0,0,0,0,0,13,171.43,0.11900000000000001,0.5,2.484,107.7,98.75,10,740,N/A
2017,3,22,1,30,0,0,0,0,0,0,13,157.65,0.11900000000000001,0.5,2.4290000000000003,93.9,96.67,10,740,N/A
2017,3,22,2,30,0,0,0,0,0,0,13,142.92000000000002,0.11900000000000001,0.5,2.374,77.2,94.64,9,740,N/A
2017,3,22,3,30,0,0,0,0,0,0,12,128.04,0.11900000000000001,0.5,2.321,69,98.61,9,740,N/A
2017,3,22,4,30,0,0,0,0,0,0,12,113.11,0.11900000000000001,0.5,2.2720000000000002,64.2,96.62,9,740,N/A
2017,3,22,5,30,0,0,0,0,0,0,12,98.17,0.11900000000000001,0.5,2.228,58.800000000000004,95.07000000000001,9,740,N/A
2017,3,22,6,30,7,0,7,39,310,76,12,83.21000000000001,0.11900000000000001,1,2.215,60.800000000000004,87.17,10,740,N/A
2017,3,22,7,30,87,0,87,86,662,332,13,68.26,0.11900000000000001,1.8,2.247,91.30000000000001,86.25,12,740,N/A
2017,3,22,8,30,130,4,133,116,795,591,13,53.31,0.11900000000000001,2.3000000000000003,2.289,104.30000000000001,75.28,14,740,N/A
2017,3,22,9,30,220,16,233,131,873,816,13,38.38,0.11900000000000001,2.5,2.315,108,69.53,15,740,N/A
2017,3,22,10,30,212,17,228,128,933,984,13,23.51,0.11900000000000001,2.7,2.34,109.10000000000001,65.96000000000001,16,740,N/A
2017,3,22,11,30,532,75,606,131,952,1071,13,9.03,0.11900000000000001,2.8000000000000003,2.3810000000000002,108.9,62.78,17,740,N/A
2017,3,22,12,30,368,489,853,129,955,1075,13,7.69,0.11900000000000001,2.8000000000000003,2.439,110.10000000000001,63.5,17,740,N/A
2017,3,22,13,30,403,31,432,125,938,995,14,22.04,0.11900000000000001,2.5,2.5,111.9,68.61,16,740,N/A
2017,3,22,14,30,406,73,465,117,901,838,14,36.89,0.11900000000000001,2,2.549,112.80000000000001,73.88,15,740,N/A
2017,3,22,15,30,255,32,275,102,837,620,14,51.82,0.11900000000000001,1.6,2.583,112.2,79.72,14,740,N/A
2017,3,22,16,30,111,578,339,83,704,360,14,66.76,0.11900000000000001,1.2000000000000002,2.604,110,87.07000000000001,13,740,N/A
2017,3,22,17,30,47,324,94,44,387,100,15,81.71000000000001,0.11900000000000001,0.8,2.614,109.10000000000001,89.98,12,740,N/A
2017,3,22,18,30,0,0,0,0,0,0,15,96.67,0.11900000000000001,0.6000000000000001,2.614,105.9,97.2,12,740,N/A
2017,3,22,19,30,0,0,0,0,0,0,15,111.61,0.11900000000000001,0.6000000000000001,2.61,101.2,95.4,12,740,N/A
2017,3,22,20,30,0,0,0,0,0,0,15,126.53,0.11900000000000001,0.5,2.599,99.2,94.36,11,740,N/A
2017,3,22,21,30,0,0,0,0,0,0,14,141.4,0.11900000000000001,0.5,2.578,108.10000000000001,98.81,11,740,N/A
2017,3,22,22,30,0,0,0,0,0,0,14,156.12,0.11900000000000001,0.6000000000000001,2.5460000000000003,108.30000000000001,96.46000000000001,10,740,N/A
2017,3,22,23,30,0,0,0,0,0,0,14,170.01,0.11900000000000001,0.5,2.5020000000000002,106.60000000000001,100,10,740,N/A
2017,3,23,0,30,0,0,0,0,0,0,13,171.12,0.11900000000000001,0.4,2.453,97.4,97.7,10,740,N/A
2017,3,23,1,30,0,0,0,0,0,0,13,157.48,0.11900000000000001,0.30000000000000004,2.402,84.9,94.95,9,740,N/A
2017,3,23,2,30,0,0,0,0,0,0,12,142.78,0.11900000000000001,0.30000000000000004,2.352,77.9,92.9,9,740,N/A
2017,3,23,3,30,0,0,0,0,0,0,12,127.92,0.11900000000000001,0.4,2.313,90.7,91.44,9,740,N/A
2017,3,23,4,30,0,0,0,0,0,0,12,113,0.11900000000000001,0.5,2.2960000000000003,94.10000000000001,96.43,9,740,N/A
2017,3,23,5,30,0,0,0,0,0,0,12,98.06,0.11900000000000001,0.5,2.298,90.2,95.58,9,740,N/A
2017,3,23,6,30,41,10,42,34,411,83,12,83.11,0.11900000000000001,1,2.306,93.30000000000001,87.53,10,740,N/A
2017,3,23,7,30,121,4,123,64,758,346,13,68.15,0.11900000000000001,1.5,2.31,106.4,87.16,12,740,N/A
2017,3,23,8,30,186,12,193,77,891,611,13,53.2,0.11900000000000001,1.8,2.312,108.30000000000001,76.78,14,740,N/A
2017,3,23,9,30,424,159,549,84,958,837,13,38.26,0.11900000000000001,1.9000000000000001,2.316,116.10000000000001,70.32000000000001,15,740,N/A
2017,3,23,10,30,512,248,739,88,994,1000,13,23.38,0.11900000000000001,2,2.327,124.7,66.54,16,740,N/A
2017,3,23,11,30,552,280,829,90,1009,1087,13,8.81,0.11900000000000001,1.9000000000000001,2.355,131.1,63.43,17,740,N/A
2017,3,23,12,30,558,109,667,90,1007,1090,14,7.58,0.11900000000000001,1.7000000000000002,2.403,135.9,64.31,17,740,N/A
2017,3,23,13,30,277,19,295,91,988,1008,14,22.04,0.11900000000000001,1.4000000000000001,2.461,140.9,69.02,16,740,N/A
2017,3,23,14,30,155,11,165,88,952,850,14,36.92,0.11900000000000001,1.2000000000000002,2.5220000000000002,146,74.24,15,740,N/A
2017,3,23,15,30,244,27,261,81,888,629,14,51.86,0.11900000000000001,1.1,2.581,151.3,80.38,14,740,N/A
2017,3,23,16,30,159,41,175,68,759,367,14,66.81,0.11900000000000001,1.1,2.6310000000000002,151.3,87.22,13,740,N/A
2017,3,23,17,30,37,461,103,37,461,103,15,81.76,0.11900000000000001,0.9,2.666,148.5,95.99000000000001,12,740,N/A
2017,3,23,18,30,0,0,0,0,0,0,15,96.71000000000001,0.11900000000000001,0.8,2.684,145.70000000000002,97.95,12,740,N/A
2017,3,23,19,30,0,0,0,0,0,0,15,111.64,0.11900000000000001,0.9,2.689,142.8,96.97,11,740,N/A
2017,3,23,20,30,0,0,0,0,0,0,15,126.56,0.11900000000000001,1,2.685,139.6,95.63,11,740,N/A
2017,3,23,21,30,0,0,0,0,0,0,15,141.41,0.11900000000000001,1.1,2.669,137.4,100,11,740,N/A
2017,3,23,22,30,0,0,0,0,0,0,14,156.09,0.11900000000000001,1,2.64,137.5,98.95,11,740,N/A
2017,3,23,23,30,0,0,0,0,0,0,14,169.84,0.11900000000000001,0.7000000000000001,2.605,141.6,96.88,10,740,N/A
2017,3,24,0,30,0,0,0,0,0,0,14,170.81,0.11900000000000001,0.5,2.568,146.3,100,10,740,N/A
2017,3,24,1,30,0,0,0,0,0,0,13,157.3,0.11900000000000001,0.30000000000000004,2.5300000000000002,145.4,98.84,10,740,N/A
2017,3,24,2,30,0,0,0,0,0,0,13,142.64000000000001,0.11900000000000001,0.30000000000000004,2.496,141.8,97.15,10,740,N/A
2017,3,24,3,30,0,0,0,0,0,0,13,127.8,0.11900000000000001,0.30000000000000004,2.464,141.4,95.58,10,740,N/A
2017,3,24,4,30,0,0,0,0,0,0,13,112.89,0.11900000000000001,0.2,2.439,145.8,94.04,9,740,N/A
2017,3,24,5,30,0,0,0,0,0,0,12,97.95,0.11900000000000001,0.2,2.42,153.3,92.55,9,740,N/A
2017,3,24,6,30,42,180,64,31,457,87,13,83,0.11900000000000001,0.5,2.407,159.4,89.24,10,740,N/A
2017,3,24,7,30,137,18,144,59,780,351,13,68.05,0.11900000000000001,0.9,2.404,150.1,87.08,12,740,N/A
2017,3,24,8,30,300,161,397,73,901,614,14,53.09,0.11900000000000001,1.2000000000000002,2.414,149.3,83.15,13,740,N/A
2017,3,24,9,30,204,15,216,82,961,838,13,38.15,0.11900000000000001,1.3,2.438,147.4,77.14,14,740,N/A
2017,3,24,10,30,496,89,579,91,987,998,14,23.240000000000002,0.11900000000000001,1.4000000000000001,2.472,147.5,72.9,15,740,N/A
2017,3,24,11,30,198,17,215,97,996,1083,14,8.59,0.11900000000000001,1.2000000000000002,2.507,149.1,68.84,15,740,N/A
2017,3,24,12,30,571,161,732,99,995,1085,14,7.48,0.11900000000000001,1.1,2.5380000000000003,151.9,73.54,15,740,N/A
2017,3,24,13,30,37,0,37,109,960,1000,14,22.06,0.11900000000000001,0.9,2.567,156.20000000000002,74.10000000000001,14,740,N/A
2017,3,24,14,30,229,16,242,104,924,843,14,36.96,0.11900000000000001,0.7000000000000001,2.589,163.60000000000002,79.78,14,740,N/A
2017,3,24,15,30,133,5,137,91,863,624,14,51.9,0.11900000000000001,0.6000000000000001,2.606,173.3,86.19,13,740,N/A
2017,3,24,16,30,74,738,364,74,738,364,15,66.85,0.11900000000000001,0.4,2.621,180.9,88.05,12,740,N/A
2017,3,24,17,30,40,437,102,40,437,102,15,81.8,0.11900000000000001,0.2,2.6350000000000002,204.3,95.76,11,740,N/A
2017,3,24,18,30,0,0,0,0,0,0,15,96.75,0.11900000000000001,0.2,2.6470000000000002,208.60000000000002,95.06,11,740,N/A
2017,3,24,19,30,0,0,0,0,0,0,15,111.68,0.11900000000000001,0.2,2.6550000000000002,210.5,100,11,740,N/A
2017,3,24,20,30,0,0,0,0,0,0,14,126.58,0.11900000000000001,0.2,2.6550000000000002,209.3,99.05,11,740,N/A
2017,3,24,21,30,0,0,0,0,0,0,14,141.42000000000002,0.11900000000000001,0.2,2.652,212.20000000000002,97.74000000000001,10,740,N/A
2017,3,24,22,30,0,0,0,0,0,0,14,156.06,0.11900000000000001,0.2,2.644,206.3,96.28,10,740,N/A
2017,3,24,23,30,0,0,0,0,0,0,14,169.66,0.11900000000000001,0.2,2.633,190.5,100,10,740,N/A
2017,3,25,0,30,0,0,0,0,0,0,13,170.49,0.11900000000000001,0.2,2.619,175.3,98.79,10,740,N/A
2017,3,25,1,30,0,0,0,0,0,0,13,157.12,0.11900000000000001,0.2,2.604,165.3,97.31,10,740,N/A
2017,3,25,2,30,0,0,0,0,0,0,13,142.5,0.11900000000000001,0.2,2.589,162.10000000000002,96.17,9,740,N/A
2017,3,25,3,30,0,0,0,0,0,0,13,127.67,0.11900000000000001,0.30000000000000004,2.569,160.10000000000002,95.48,9,740,N/A
2017,3,25,4,30,0,0,0,0,0,0,13,112.77,0.11900000000000001,0.4,2.547,162.10000000000002,95.38,9,740,N/A
2017,3,25,5,30,0,0,0,0,0,0,13,97.84,0.11900000000000001,0.5,2.529,163.5,94.74,9,740,N/A
2017,3,25,6,30,29,0,29,31,471,89,13,82.9,0.11900000000000001,0.6000000000000001,2.516,164.5,96.37,10,740,N/A
2017,3,25,7,30,138,19,145,57,789,353,14,67.94,0.11900000000000001,0.9,2.5060000000000002,155.4,88.26,11,740,N/A
2017,3,25,8,30,299,220,431,69,910,617,14,52.99,0.11900000000000001,1.2000000000000002,2.496,153.70000000000002,83.85000000000001,13,740,N/A
2017,3,25,9,30,257,18,272,75,970,840,14,38.04,0.11900000000000001,1.5,2.49,151.5,78.11,14,740,N/A
2017,3,25,10,30,381,28,407,82,999,1001,14,23.12,0.11900000000000001,1.6,2.494,147.70000000000002,73.13,15,740,N/A
2017,3,25,11,30,70,0,70,86,1010,1086,14,8.39,0.11900000000000001,1.6,2.5060000000000002,147.8,69.02,16,740,N/A
2017,3,25,12,30,269,20,289,85,1012,1089,14,7.41,0.11900000000000001,1.4000000000000001,2.5220000000000002,152.20000000000002,69.60000000000001,16,740,N/A
2017,3,25,13,30,168,14,181,87,992,1007,14,22.080000000000002,0.11900000000000001,1.2000000000000002,2.543,160,70.13,15,740,N/A
2017,3,25,14,30,312,25,332,83,960,850,14,37,0.11900000000000001,1.1,2.572,168.5,74.96000000000001,15,740,N/A
2017,3,25,15,30,192,13,200,75,901,630,14,51.94,0.11900000000000001,0.9,2.61,173.8,80.44,14,740,N/A
2017,3,25,16,30,75,0,75,63,777,368,14,66.9,0.11900000000000001,0.7000000000000001,2.6470000000000002,171.5,87.3,13,740,N/A
2017,3,25,17,30,21,0,21,35,488,104,15,81.85000000000001,0.11900000000000001,0.4,2.678,165.9,96.36,12,740,N/A
2017,3,25,18,30,0,0,0,0,0,0,15,96.79,0.11900000000000001,0.30000000000000004,2.702,158.8,95.73,12,740,N/A
2017,3,25,19,30,0,0,0,0,0,0,15,111.72,0.11900000000000001,0.30000000000000004,2.719,164.9,94.97,11,740,N/A
2017,3,25,20,30,0,0,0,0,0,0,15,126.61,0.11900000000000001,0.30000000000000004,2.73,171.3,100,11,740,N/A
2017,3,25,21,30,0,0,0,0,0,0,14,141.42000000000002,0.11900000000000001,0.30000000000000004,2.73,171.20000000000002,99.2,11,740,N/A
2017,3,25,22,30,0,0,0,0,0,0,14,156.02,0.11900000000000001,0.30000000000000004,2.717,163.60000000000002,98.04,10,740,N/A
2017,3,25,23,30,0,0,0,0,0,0,14,169.46,0.11900000000000001,0.2,2.6870000000000003,160,100,10,740,N/A
2017,3,26,0,30,0,0,0,0,0,0,14,170.16,0.11900000000000001,0.2,2.644,141.3,100,10,740,N/A
2017,3,26,1,30,0,0,0,0,0,0,13,156.93,0.11900000000000001,0.2,2.601,115.10000000000001,99.55,10,740,N/A
2017,3,26,2,30,0,0,0,0,0,0,13,142.36,0.11900000000000001,0.4,2.57,123.2,98.72,10,740,N/A
2017,3,26,3,30,0,0,0,0,0,0,13,127.55,0.11900000000000001,0.5,2.551,134.1,97.35000000000001,9,740,N/A
2017,3,26,4,30,0,0,0,0,0,0,13,112.66,0.11900000000000001,0.5,2.54,138.9,96.26,9,740,N/A
2017,3,26,5,30,0,0,0,0,0,0,13,97.74000000000001,0.11900000000000001,0.4,2.535,143.70000000000002,95.41,9,740,N/A
2017,3,26,6,30,43,187,67,30,487,91,13,82.79,0.11900000000000001,0.5,2.532,171.70000000000002,96.47,10,740,N/A
2017,3,26,7,30,166,168,230,54,798,355,13,67.84,0.11900000000000001,0.6000000000000001,2.532,174.20000000000002,93.18,11,740,N/A
2017,3,26,8,30,302,186,414,67,912,618,14,52.89,0.11900000000000001,0.7000000000000001,2.5340000000000003,168.20000000000002,88.02,11,740,N/A
2017,3,26,9,30,332,31,356,75,969,840,13,37.93,0.11900000000000001,0.9,2.537,153.3,82.36,13,740,N/A
2017,3,26,10,30,190,16,205,82,997,1000,13,23,0.11900000000000001,1.1,2.5420000000000003,136.70000000000002,76.99,14,740,N/A
2017,3,26,11,30,538,81,619,87,1007,1084,13,8.21,0.11900000000000001,1.1,2.553,131.4,72.58,14,740,N/A
2017,3,26,12,30,215,18,234,90,1003,1085,14,7.3500000000000005,0.11900000000000001,1.1,2.572,134.20000000000002,73.11,14,740,N/A
2017,3,26,13,30,205,17,221,91,984,1004,14,22.11,0.11900000000000001,1,2.595,139.20000000000002,78.37,14,740,N/A
2017,3,26,14,30,222,16,235,88,949,846,14,37.04,0.11900000000000001,0.9,2.617,143.1,78.69,13,740,N/A
2017,3,26,15,30,283,58,319,80,887,626,14,51.99,0.11900000000000001,0.7000000000000001,2.63,144,84.4,13,740,N/A
2017,3,26,16,30,163,55,184,66,764,365,14,66.94,0.11900000000000001,0.4,2.6310000000000002,140.5,91.18,12,740,N/A
2017,3,26,17,30,49,14,51,36,465,102,14,81.89,0.11900000000000001,0.2,2.622,137.70000000000002,93.05,11,740,N/A
2017,3,26,18,30,0,0,0,0,0,0,14,96.83,0.11900000000000001,0.2,2.603,121.60000000000001,99.69,11,740,N/A
2017,3,26,19,30,0,0,0,0,0,0,14,111.75,0.11900000000000001,0.2,2.577,117.60000000000001,98.85000000000001,11,740,N/A
2017,3,26,20,30,0,0,0,0,0,0,14,126.63000000000001,0.11900000000000001,0.2,2.547,117.9,97.63,11,740,N/A
2017,3,26,21,30,0,0,0,0,0,0,14,141.43,0.11900000000000001,0.1,2.512,110.9,96.4,11,740,N/A
2017,3,26,22,30,0,0,0,0,0,0,14,155.98,0.11900000000000001,0.1,2.478,59,94.7,10,740,N/A
2017,3,26,23,30,0,0,0,0,0,0,13,169.26,0.11900000000000001,0.2,2.447,325.40000000000003,98.73,10,740,N/A
2017,3,27,0,30,0,0,0,0,0,0,13,169.83,0.11900000000000001,0.30000000000000004,2.416,310.6,96.37,10,740,N/A
2017,3,27,1,30,0,0,0,0,0,0,13,156.74,0.11900000000000001,0.2,2.391,307.70000000000005,94.38,10,740,N/A
2017,3,27,2,30,0,0,0,0,0,0,12,142.21,0.11900000000000001,0.1,2.371,253.4,93.08,10,740,N/A
2017,3,27,3,30,0,0,0,0,0,0,12,127.42,0.11900000000000001,0.2,2.357,153.60000000000002,91.97,9,740,N/A
2017,3,27,4,30,0,0,0,0,0,0,12,112.54,0.11900000000000001,0.30000000000000004,2.345,144.20000000000002,91,9,740,N/A
2017,3,27,5,30,0,0,0,0,0,0,12,97.63,0.11900000000000001,0.2,2.334,144.20000000000002,89.99,9,740,N/A
2017,3,27,6,30,24,0,24,32,471,92,12,82.69,0.11900000000000001,0.30000000000000004,2.329,134.4,87.18,10,740,N/A
2017,3,27,7,30,153,42,169,60,780,356,13,67.74,0.11900000000000001,0.5,2.333,111.4,85.34,12,740,N/A
2017,3,27,8,30,266,47,295,76,896,618,13,52.78,0.11900000000000001,0.7000000000000001,2.343,88.10000000000001,75.68,14,740,N/A
2017,3,27,9,30,411,291,642,85,957,841,13,37.83,0.11900000000000001,0.8,2.353,85.7,70.56,15,740,N/A
2017,3,27,10,30,99,976,999,99,976,999,13,22.89,0.11900000000000001,0.7000000000000001,2.369,95.5,66.14,16,740,N/A
2017,3,27,11,30,101,991,1083,101,991,1083,13,8.040000000000001,0.11900000000000001,0.7000000000000001,2.4010000000000002,110.60000000000001,63.4,17,740,N/A
2017,3,27,12,30,416,45,461,102,990,1084,14,7.32,0.11900000000000001,0.7000000000000001,2.452,130.4,64.46000000000001,17,740,N/A
2017,3,27,13,30,273,19,292,115,951,996,14,22.150000000000002,0.11900000000000001,0.8,2.5100000000000002,147.4,69.43,16,740,N/A
2017,3,27,14,30,395,64,446,111,909,837,14,37.09,0.11900000000000001,0.8,2.564,161.10000000000002,74.87,15,740,N/A
2017,3,27,15,30,301,99,362,99,841,617,14,52.04,0.11900000000000001,0.7000000000000001,2.605,174.3,80.73,14,740,N/A
2017,3,27,16,30,168,74,197,83,697,355,15,66.99,0.11900000000000001,0.6000000000000001,2.624,182.5,88.07000000000001,13,740,N/A
2017,3,27,17,30,50,26,54,42,392,97,15,81.94,0.11900000000000001,0.4,2.624,185,96.98,12,740,N/A
2017,3,27,18,30,0,0,0,0,0,0,15,96.87,0.11900000000000001,0.2,2.608,170.9,97.04,12,740,N/A
2017,3,27,19,30,0,0,0,0,0,0,15,111.78,0.11900000000000001,0.2,2.582,166.5,96.13,11,740,N/A
2017,3,27,20,30,0,0,0,0,0,0,15,126.65,0.11900000000000001,0.2,2.556,155.8,94.68,11,740,N/A
2017,3,27,21,30,0,0,0,0,0,0,14,141.43,0.11900000000000001,0.30000000000000004,2.5300000000000002,146.70000000000002,99.23,11,740,N/A
2017,3,27,22,30,0,0,0,0,0,0,14,155.93,0.11900000000000001,0.4,2.493,144.4,97.67,11,740,N/A
2017,3,27,23,30,0,0,0,0,0,0,14,169.04,0.11900000000000001,0.5,2.442,136.8,95.46000000000001,10,740,N/A
2017,3,28,0,30,0,0,0,0,0,0,13,169.49,0.11900000000000001,0.6000000000000001,2.379,127.9,98.62,10,740,N/A
2017,3,28,1,30,0,0,0,0,0,0,13,156.54,0.11900000000000001,0.6000000000000001,2.315,118.7,95.44,9,740,N/A
2017,3,28,2,30,0,0,0,0,0,0,12,142.06,0.11900000000000001,0.7000000000000001,2.261,114.80000000000001,92.07000000000001,9,740,N/A
2017,3,28,3,30,0,0,0,0,0,0,12,127.29,0.11900000000000001,0.6000000000000001,2.221,103.7,95.47,9,740,N/A
2017,3,28,4,30,0,0,0,0,0,0,11,112.43,0.11900000000000001,0.4,2.197,93.5,92.84,9,740,N/A
2017,3,28,5,30,0,0,0,0,0,0,11,97.52,0.11900000000000001,0.4,2.19,91.7,90.05,9,740,N/A
2017,3,28,6,30,14,0,14,29,529,97,11,82.58,0.11900000000000001,0.5,2.208,100.7,82.25,10,740,N/A
2017,3,28,7,30,85,0,85,51,823,364,12,67.64,0.11900000000000001,0.7000000000000001,2.238,87.7,74.53,13,740,N/A
2017,3,28,8,30,249,33,270,62,930,626,12,52.69,0.11900000000000001,0.7000000000000001,2.2640000000000002,89.2,65.17,15,740,N/A
2017,3,28,9,30,70,984,849,70,984,849,12,37.730000000000004,0.11900000000000001,1,2.29,113.7,61.57,16,740,N/A
2017,3,28,10,30,98,979,1001,98,979,1001,12,22.78,0.11900000000000001,1.2000000000000002,2.328,129.8,59.94,17,740,N/A
2017,3,28,11,30,549,95,643,104,988,1083,13,7.890000000000001,0.11900000000000001,1.4000000000000001,2.3770000000000002,138.1,58.1,18,740,N/A
2017,3,28,12,30,178,15,194,107,983,1083,13,7.3100000000000005,0.11900000000000001,1.4000000000000001,2.434,140.5,63.08,17,740,N/A
2017,3,28,13,30,84,0,84,109,959,998,14,22.19,0.11900000000000001,1.3,2.496,141,64.35,16,740,N/A
2017,3,28,14,30,408,81,473,106,917,838,14,37.14,0.11900000000000001,1.2000000000000002,2.557,140.5,69.8,16,740,N/A
2017,3,28,15,30,240,492,542,96,848,617,14,52.09,0.11900000000000001,1.1,2.609,138.4,75.45,15,740,N/A
2017,3,28,16,30,173,174,241,80,708,356,15,67.04,0.11900000000000001,0.9,2.649,133.9,82.81,13,740,N/A
2017,3,28,17,30,52,93,65,42,389,96,15,81.99,0.11900000000000001,0.6000000000000001,2.6790000000000003,128.6,91.51,12,740,N/A
2017,3,28,18,30,0,0,0,0,0,0,15,96.91,0.11900000000000001,0.5,2.7,127.10000000000001,93.39,12,740,N/A
2017,3,28,19,30,0,0,0,0,0,0,15,111.82000000000001,0.11900000000000001,0.6000000000000001,2.714,126.4,99.65,12,740,N/A
2017,3,28,20,30,0,0,0,0,0,0,15,126.67,0.11900000000000001,0.7000000000000001,2.727,128.3,99.09,12,740,N/A
2017,3,28,21,30,0,0,0,0,0,0,15,141.42000000000002,0.11900000000000001,0.9,2.741,128.70000000000002,98.34,12,740,N/A
2017,3,28,22,30,0,0,0,0,0,0,15,155.88,0.11900000000000001,1,2.747,129.1,97.29,12,740,N/A
2017,3,28,23,30,0,0,0,0,0,0,15,168.82,0.11900000000000001,1,2.738,131.6,95.79,11,740,N/A
2017,3,29,0,30,0,0,0,0,0,0,15,169.16,0.11900000000000001,1,2.708,134,100,11,740,N/A
2017,3,29,1,30,0,0,0,0,0,0,14,156.34,0.11900000000000001,0.9,2.656,131.6,98.29,11,740,N/A
2017,3,29,2,30,0,0,0,0,0,0,14,141.91,0.11900000000000001,0.7000000000000001,2.597,127.7,96,10,740,N/A
2017,3,29,3,30,0,0,0,0,0,0,14,127.16,0.11900000000000001,0.5,2.541,124,100,10,740,N/A
2017,3,29,4,30,0,0,0,0,0,0,13,112.31,0.11900000000000001,0.5,2.495,124,98.68,10,740,N/A
2017,3,29,5,30,0,0,0,0,0,0,13,97.41,0.11900000000000001,0.5,2.463,120.10000000000001,97.18,10,740,N/A
2017,3,29,6,30,32,489,96,32,489,96,13,82.48,0.11900000000000001,0.9,2.443,105.7,92.41,10,740,N/A
2017,3,29,7,30,57,792,360,57,792,360,14,67.54,0.11900000000000001,1.4000000000000001,2.432,99.60000000000001,88.09,12,740,N/A
2017,3,29,8,30,287,312,477,71,906,622,13,52.59,0.11900000000000001,1.8,2.428,98.9,77.29,13,740,N/A
2017,3,29,9,30,421,119,516,81,962,843,13,37.63,0.11900000000000001,2,2.432,104.10000000000001,70.29,14,740,N/A
2017,3,29,10,30,520,179,686,106,964,995,13,22.68,0.11900000000000001,2,2.445,109,66.19,15,740,N/A
2017,3,29,11,30,569,203,771,110,977,1078,13,7.76,0.11900000000000001,1.9000000000000001,2.468,113.7,66.83,16,740,N/A
2017,3,29,12,30,458,64,522,111,975,1079,13,7.32,0.11900000000000001,1.8,2.5,117.7,67.48,15,740,N/A
2017,3,29,13,30,403,31,432,135,918,986,13,22.240000000000002,0.11900000000000001,1.7000000000000002,2.535,119.9,72.45,15,740,N/A
2017,3,29,14,30,303,24,322,127,879,828,14,37.19,0.11900000000000001,1.4000000000000001,2.57,120.80000000000001,72.9,14,740,N/A
2017,3,29,15,30,164,9,170,113,806,608,14,52.15,0.11900000000000001,1.2000000000000002,2.601,122,78.62,13,740,N/A
2017,3,29,16,30,25,0,25,91,660,349,14,67.09,0.11900000000000001,1,2.622,124.7,85.62,12,740,N/A
2017,3,29,17,30,6,0,6,46,336,93,14,82.03,0.11900000000000001,0.8,2.63,127.80000000000001,93.56,12,740,N/A
2017,3,29,18,30,0,0,0,0,0,0,15,96.95,0.11900000000000001,0.6000000000000001,2.6310000000000002,130.20000000000002,94.82000000000001,11,740,N/A
2017,3,29,19,30,0,0,0,0,0,0,15,111.85000000000001,0.12,0.5,2.624,125.7,100,11,740,N/A
2017,3,29,20,30,0,0,0,0,0,0,14,126.69,0.12,0.4,2.607,128.8,98.92,11,740,N/A
2017,3,29,21,30,0,0,0,0,0,0,14,141.41,0.12,0.4,2.584,132.20000000000002,97.54,11,740,N/A
2017,3,29,22,30,0,0,0,0,0,0,14,155.82,0.12,0.30000000000000004,2.556,130.70000000000002,96.05,10,740,N/A
2017,3,29,23,30,0,0,0,0,0,0,14,168.59,0.12,0.30000000000000004,2.5260000000000002,126.7,94.34,10,740,N/A
2017,3,30,0,30,0,0,0,0,0,0,13,168.82,0.12,0.30000000000000004,2.498,123.30000000000001,98.69,10,740,N/A
2017,3,30,1,30,0,0,0,0,0,0,13,156.14000000000001,0.12,0.30000000000000004,2.474,120.5,96.63,10,740,N/A
2017,3,30,2,30,0,0,0,0,0,0,13,141.75,0.12,0.30000000000000004,2.456,114.2,94.72,10,740,N/A
2017,3,30,3,30,0,0,0,0,0,0,12,127.03,0.12,0.2,2.441,109.10000000000001,92.88,9,740,N/A
2017,3,30,4,30,0,0,0,0,0,0,12,112.19,0.12,0.2,2.432,110.5,91.41,9,740,N/A
2017,3,30,5,30,0,0,0,0,0,0,12,97.3,0.12,0.2,2.427,107.5,90.01,9,740,N/A
2017,3,30,6,30,18,0,18,38,419,93,12,82.38,0.12,0.5,2.431,101.4,87.23,10,740,N/A
2017,3,30,7,30,118,1,118,70,742,355,13,67.44,0.12,1,2.444,109.60000000000001,86.05,12,740,N/A
2017,3,30,8,30,207,16,217,87,867,615,13,52.49,0.12,1.2000000000000002,2.461,109.10000000000001,77.07000000000001,13,740,N/A
2017,3,30,9,30,157,11,166,95,935,837,13,37.54,0.12,1.4000000000000001,2.484,115.60000000000001,72.34,14,740,N/A
2017,3,30,10,30,369,26,393,116,947,990,14,22.59,0.12,1.5,2.5100000000000002,117.60000000000001,69.35000000000001,15,740,N/A
2017,3,30,11,30,303,21,323,120,961,1073,14,7.640000000000001,0.12,1.6,2.5420000000000003,118.10000000000001,70.27,16,740,N/A
2017,3,30,12,30,184,16,200,119,961,1073,14,7.3500000000000005,0.12,1.6,2.585,119,71,15,740,N/A
2017,3,30,13,30,100,0,100,122,935,988,14,22.3,0.12,1.5,2.636,121.30000000000001,76.22,15,740,N/A
2017,3,30,14,30,247,17,261,116,896,829,14,37.25,0.12,1.5,2.6830000000000003,122.4,81.89,14,740,N/A
2017,3,30,15,30,212,17,223,102,829,610,14,52.2,0.12,1.4000000000000001,2.716,121.4,87.77,13,740,N/A
2017,3,30,16,30,161,54,183,82,693,351,15,67.15,0.12,1.2000000000000002,2.729,118.60000000000001,88.55,12,740,N/A
2017,3,30,17,30,43,371,94,43,371,94,15,82.08,0.12,1.1,2.723,117.30000000000001,95.52,12,740,N/A
2017,3,30,18,30,0,0,0,0,0,0,15,96.99000000000001,0.12,0.9,2.7,115.10000000000001,95.8,11,740,N/A
2017,3,30,19,30,0,0,0,0,0,0,15,111.88,0.12,0.8,2.668,113.5,100,11,740,N/A
2017,3,30,20,30,0,0,0,0,0,0,14,126.7,0.12,0.7000000000000001,2.6270000000000002,112.10000000000001,98.65,11,740,N/A
2017,3,30,21,30,0,0,0,0,0,0,14,141.4,0.12,0.6000000000000001,2.579,111.9,96.01,10,740,N/A
2017,3,30,22,30,0,0,0,0,0,0,13,155.75,0.12,0.5,2.535,110.7,99.43,10,740,N/A
2017,3,30,23,30,0,0,0,0,0,0,13,168.35,0.12,0.4,2.498,104.80000000000001,97.46000000000001,9,740,N/A
2017,3,31,0,30,0,0,0,0,0,0,13,168.47,0.12,0.4,2.463,85.2,100,9,740,N/A
2017,3,31,1,30,0,0,0,0,0,0,12,155.93,0.12,0.4,2.43,66.7,99.09,9,740,N/A
2017,3,31,2,30,0,0,0,0,0,0,12,141.59,0.12,0.4,2.4010000000000002,53.400000000000006,96.67,9,740,N/A
2017,3,31,3,30,0,0,0,0,0,0,12,126.89,0.12,0.5,2.376,47.7,94.44,9,740,N/A
2017,3,31,4,30,0,0,0,0,0,0,11,112.07000000000001,0.12,0.6000000000000001,2.353,54.2,92.56,8,740,N/A
2017,3,31,5,30,0,0,0,0,0,0,11,97.19,0.12,0.7000000000000001,2.332,63.400000000000006,91.13,8,740,N/A
2017,3,31,6,30,49,72,59,38,430,96,12,82.28,0.12,1.2000000000000002,2.307,80.9,84.82000000000001,10,740,N/A
2017,3,31,7,30,98,0,98,69,752,359,13,67.34,0.12,1.8,2.279,88.60000000000001,79.46000000000001,12,740,N/A
2017,3,31,8,30,299,105,363,84,880,621,13,52.4,0.12,2.2,2.2600000000000002,89.80000000000001,74.66,14,740,N/A
2017,3,31,9,30,290,22,308,93,944,843,13,37.45,0.12,2.5,2.258,94.5,64.64,15,740,N/A
2017,3,31,10,30,431,40,468,124,940,993,13,22.5,0.12,2.6,2.2760000000000002,99.7,61.86,16,740,N/A
2017,3,31,11,30,563,129,691,130,951,1074,13,7.55,0.12,2.7,2.312,102.9,63.49,17,740,N/A
2017,3,31,12,30,565,234,798,131,949,1073,14,7.41,0.12,2.8000000000000003,2.357,104.60000000000001,64.38,17,740,N/A
2017,3,31,13,30,521,187,694,128,930,989,14,22.36,0.12,2.8000000000000003,2.408,106.2,64.92,16,740,N/A
2017,3,31,14,30,279,20,295,121,891,830,14,37.31,0.12,2.6,2.458,107.80000000000001,69.45,15,740,N/A
2017,3,31,15,30,307,190,423,107,821,610,14,52.26,0.12,2.3000000000000003,2.5,109.9,74.3,14,740,N/A
2017,3,31,16,30,169,224,256,85,684,350,14,67.2,0.12,1.8,2.528,110.7,80.73,13,740,N/A
2017,3,31,17,30,51,124,68,43,369,94,14,82.12,0.12,1.2000000000000002,2.545,111.4,93.04,12,740,N/A
2017,3,31,18,30,0,0,0,0,0,0,15,97.03,0.12,1,2.549,114.5,95.25,12,740,N/A
2017,3,31,19,30,0,0,0,0,0,0,14,111.9,0.12,1,2.527,113.9,93.64,11,740,N/A
2017,3,31,20,30,0,0,0,0,0,0,14,126.71000000000001,0.12,0.9,2.482,113.80000000000001,97.59,11,740,N/A
2017,3,31,21,30,0,0,0,0,0,0,14,141.39000000000001,0.12,0.9,2.4290000000000003,117,95.62,10,740,N/A
2017,3,31,22,30,0,0,0,0,0,0,14,155.68,0.12,1.1,2.3770000000000002,119.10000000000001,93.86,10,740,N/A
2017,3,31,23,30,0,0,0,0,0,0,13,168.1,0.12,1.2000000000000002,2.327,115.5,98.39,10,740,N/A
2017,4,1,0,30,0,0,0,0,0,0,13,168.13,0.12,1.3,2.279,111.2,95.83,10,740,N/A
2017,4,1,1,30,0,0,0,0,0,0,12,155.72,0.12,1.2000000000000002,2.237,105.60000000000001,93.36,10,740,N/A
2017,4,1,2,30,0,0,0,0,0,0,12,141.43,0.12,1.2000000000000002,2.204,101.10000000000001,91,9,740,N/A
2017,4,1,3,30,0,0,0,0,0,0,12,126.76,0.12,1.1,2.176,99.10000000000001,94.73,9,740,N/A
2017,4,1,4,30,0,0,0,0,0,0,11,111.95,0.12,1,2.152,98.60000000000001,92.56,9,740,N/A
2017,4,1,5,30,0,0,0,0,0,0,11,97.08,0.12,1.1,2.136,98.80000000000001,91.13,9,740,N/A
2017,4,1,6,30,18,0,18,33,497,101,12,82.17,0.12,1.6,2.134,98.2,85.29,11,740,N/A
2017,4,1,7,30,161,57,184,58,797,367,13,67.25,0.12,2,2.154,94,79.54,13,740,N/A
2017,4,1,8,30,303,220,438,72,910,628,13,52.31,0.12,2.4000000000000004,2.197,91.4,71.28,14,740,N/A
2017,4,1,9,30,235,17,249,81,965,848,13,37.37,0.12,2.6,2.247,90.60000000000001,67.14,15,740,N/A
2017,4,1,10,30,270,27,295,87,992,1005,13,22.42,0.12,2.9000000000000004,2.285,88.7,63.65,16,740,N/A
2017,4,1,11,30,568,210,776,91,1003,1087,13,7.47,0.12,3.1,2.309,88.5,63.95,17,740,N/A
2017,4,1,12,30,471,307,776,92,1002,1086,13,7.48,0.12,3.2,2.327,89.30000000000001,64.09,17,740,N/A
2017,4,1,13,30,539,348,862,105,966,998,13,22.43,0.12,3.1,2.338,90.2,64.08,16,740,N/A
2017,4,1,14,30,40,0,40,95,938,841,13,37.38,0.12,2.9000000000000004,2.339,91.7,68.27,16,740,N/A
2017,4,1,15,30,236,494,539,81,884,622,14,52.32,0.12,2.5,2.327,92.4,72.99,15,740,N/A
2017,4,1,16,30,170,154,230,63,773,362,14,67.25,0.12,2,2.307,91.7,78.88,14,740,N/A
2017,4,1,17,30,50,95,63,34,477,99,14,82.17,0.12,1.3,2.291,90.10000000000001,86.93,12,740,N/A
2017,4,1,18,30,0,0,0,0,0,0,14,97.07000000000001,0.12,0.9,2.285,84.9,90.64,11,740,N/A
2017,4,1,19,30,0,0,0,0,0,0,14,111.93,0.12,0.8,2.2920000000000003,83.9,94.87,11,740,N/A
2017,4,1,20,30,0,0,0,0,0,0,13,126.72,0.12,0.7000000000000001,2.306,85.4,93.59,10,740,N/A
2017,4,1,21,30,0,0,0,0,0,0,13,141.37,0.12,0.6000000000000001,2.319,88.9,98.16,10,740,N/A
2017,4,1,22,30,0,0,0,0,0,0,13,155.6,0.12,0.6000000000000001,2.322,95.7,96.02,10,740,N/A
2017,4,1,23,30,0,0,0,0,0,0,13,167.84,0.12,0.7000000000000001,2.313,103.80000000000001,94.32000000000001,9,740,N/A
2017,4,2,0,30,0,0,0,0,0,0,12,167.78,0.12,0.8,2.295,104.7,93.03,9,740,N/A
2017,4,2,1,30,0,0,0,0,0,0,12,155.5,0.12,0.9,2.275,100.2,92.16,9,740,N/A
2017,4,2,2,30,0,0,0,0,0,0,12,141.27,0.12,0.9,2.255,93.9,91.58,9,740,N/A
2017,4,2,3,30,0,0,0,0,0,0,12,126.62,0.12,0.8,2.229,88.5,91.09,9,740,N/A
2017,4,2,4,30,0,0,0,0,0,0,12,111.83,0.12,0.7000000000000001,2.193,85.2,90.38,9,740,N/A
2017,4,2,5,30,0,0,0,0,0,0,12,96.97,0.12,0.7000000000000001,2.152,83.2,89.5,9,740,N/A
2017,4,2,6,30,33,507,103,33,507,103,13,82.07000000000001,0.12,1.2000000000000002,2.107,90.10000000000001,88.53,11,740,N/A
2017,4,2,7,30,58,804,370,58,804,370,14,67.16,0.12,2.1,2.068,96.5,82.97,13,740,N/A
2017,4,2,8,30,269,46,298,71,917,633,13,52.230000000000004,0.12,2.7,2.045,99.2,72.11,15,740,N/A
2017,4,2,9,30,427,217,600,79,974,854,13,37.29,0.12,2.9000000000000004,2.039,102.5,66.38,16,740,N/A
2017,4,2,10,30,259,19,277,100,981,1007,13,22.35,0.12,3,2.041,103.4,62.730000000000004,17,740,N/A
2017,4,2,11,30,163,13,177,101,997,1090,13,7.41,0.12,2.9000000000000004,2.044,102.30000000000001,59.47,18,740,N/A
2017,4,2,12,30,517,63,580,99,1000,1091,13,7.57,0.12,2.8000000000000003,2.045,100.60000000000001,59.63,18,740,N/A
2017,4,2,13,30,131,934,994,131,934,994,13,22.5,0.12,2.7,2.057,99.60000000000001,60.120000000000005,18,740,N/A
2017,4,2,14,30,334,31,359,122,896,834,14,37.44,0.12,2.6,2.082,99,64.59,17,740,N/A
2017,4,2,15,30,61,0,61,108,824,612,14,52.38,0.12,2.2,2.123,98.2,69.16,16,740,N/A
2017,4,2,16,30,87,681,350,87,681,350,14,67.3,0.12,1.6,2.173,97.80000000000001,75.28,15,740,N/A
2017,4,2,17,30,45,335,91,45,335,91,15,82.22,0.12,0.9,2.226,100,88.99,13,740,N/A
2017,4,2,18,30,0,0,0,0,0,0,15,97.11,0.12,0.6000000000000001,2.2800000000000002,96.5,89.15,12,740,N/A
2017,4,2,19,30,0,0,0,0,0,0,14,111.96000000000001,0.12,0.5,2.325,89.2,93.77,12,740,N/A
2017,4,2,20,30,0,0,0,0,0,0,14,126.73,0.12,0.5,2.348,89.7,92.93,12,740,N/A
2017,4,2,21,30,0,0,0,0,0,0,14,141.35,0.12,0.5,2.333,89.10000000000001,92.23,11,740,N/A
2017,4,2,22,30,0,0,0,0,0,0,14,155.51,0.12,0.5,2.277,89.5,96.82000000000001,11,740,N/A
2017,4,2,23,30,0,0,0,0,0,0,14,167.58,0.12,0.6000000000000001,2.197,84.2,94.74,10,740,N/A
2017,4,3,0,30,0,0,0,0,0,0,13,167.43,0.12,0.6000000000000001,2.107,78.5,98.35000000000001,10,740,N/A
2017,4,3,1,30,0,0,0,0,0,0,13,155.29,0.12,0.6000000000000001,2.016,74,95.54,10,740,N/A
2017,4,3,2,30,0,0,0,0,0,0,12,141.11,0.12,0.6000000000000001,1.928,71,92.96000000000001,9,740,N/A
2017,4,3,3,30,0,0,0,0,0,0,12,126.49000000000001,0.12,0.5,1.839,67.7,96.82000000000001,9,740,N/A
2017,4,3,4,30,0,0,0,0,0,0,12,111.71000000000001,0.12,0.5,1.747,58.5,94.93,8,740,N/A
2017,4,3,5,30,0,0,0,0,0,0,11,96.86,0.12,0.7000000000000001,1.6540000000000001,56.300000000000004,92.86,9,740,N/A
2017,4,3,6,30,43,396,98,43,396,98,12,81.98,0.12,1.4000000000000001,1.573,72.4,85.27,11,740,N/A
2017,4,3,7,30,76,745,366,76,745,366,12,67.07000000000001,0.12,2.2,1.516,81.4,74.67,13,740,N/A
2017,4,3,8,30,90,885,633,90,885,633,12,52.14,0.12,2.5,1.483,85.5,64.46000000000001,15,740,N/A
2017,4,3,9,30,98,954,858,98,954,858,12,37.21,0.12,2.5,1.459,88.10000000000001,60.35,16,740,N/A
2017,4,3,10,30,97,999,1022,97,999,1022,12,22.28,0.12,2.3000000000000003,1.433,88.60000000000001,54.160000000000004,17,740,N/A
2017,4,3,11,30,97,1017,1107,97,1017,1107,12,7.38,0.12,2.3000000000000003,1.425,88.4,51.43,18,740,N/A
2017,4,3,12,30,96,1018,1106,96,1018,1106,12,7.68,0.12,2.5,1.454,93.4,51.980000000000004,19,740,N/A
2017,4,3,13,30,99,994,1018,99,994,1018,12,22.580000000000002,0.12,2.8000000000000003,1.492,99.7,52.660000000000004,19,740,N/A
2017,4,3,14,30,96,957,855,96,957,855,12,37.51,0.12,2.8000000000000003,1.5050000000000001,101.4,56.54,18,740,N/A
2017,4,3,15,30,87,891,630,87,891,630,13,52.44,0.12,2.5,1.497,100.10000000000001,60.49,17,740,N/A
2017,4,3,16,30,72,756,363,72,756,363,13,67.36,0.12,2,1.491,98,66.03,16,740,N/A
2017,4,3,17,30,42,395,95,42,395,95,14,82.26,0.12,1.4000000000000001,1.5030000000000001,97,80.54,14,740,N/A
2017,4,3,18,30,0,0,0,0,0,0,14,97.14,0.12,1.1,1.539,94.30000000000001,90.69,12,740,N/A
2017,4,3,19,30,0,0,0,0,0,0,14,111.98,0.12,1,1.588,89.9,89.72,11,740,N/A
2017,4,3,20,30,0,0,0,0,0,0,14,126.74000000000001,0.12,0.9,1.624,88,94.62,11,740,N/A
2017,4,3,21,30,0,0,0,0,0,0,13,141.32,0.12,0.8,1.6460000000000001,86.9,93.08,11,740,N/A
2017,4,3,22,30,0,0,0,0,0,0,13,155.42000000000002,0.12,0.8,1.655,86.5,91.48,10,740,N/A
2017,4,3,23,30,0,0,0,0,0,0,13,167.32,0.12,0.7000000000000001,1.6480000000000001,82.5,95.56,10,740,N/A
2017,4,4,0,30,0,0,0,0,0,0,12,167.08,0.12,0.7000000000000001,1.633,81,93.18,10,740,N/A
2017,4,4,1,30,0,0,0,0,0,0,12,155.06,0.12,0.7000000000000001,1.62,79.2,97.32000000000001,9,740,N/A
2017,4,4,2,30,0,0,0,0,0,0,12,140.94,0.12,0.7000000000000001,1.604,77,95.55,9,740,N/A
2017,4,4,3,30,0,0,0,0,0,0,12,126.35000000000001,0.12,0.7000000000000001,1.58,76.3,93.75,8,740,N/A
2017,4,4,4,30,0,0,0,0,0,0,11,111.59,0.12,0.7000000000000001,1.553,71.5,97.92,8,740,N/A
2017,4,4,5,30,0,0,0,0,0,0,11,96.76,0.12,1,1.5290000000000001,74.5,89.34,8,740,N/A
2017,4,4,6,30,43,416,101,43,416,101,11,81.88,0.12,1.7000000000000002,1.502,89.2,81.71000000000001,10,740,N/A
2017,4,4,7,30,74,758,370,74,758,370,11,66.98,0.12,2.4000000000000004,1.472,88.5,71.84,13,740,N/A
2017,4,4,8,30,89,890,637,89,890,637,11,52.06,0.12,2.8000000000000003,1.446,89.2,62.59,14,740,N/A
2017,4,4,9,30,420,294,655,100,954,860,11,37.14,0.12,2.9000000000000004,1.426,91.80000000000001,58.64,16,740,N/A
2017,4,4,10,30,515,130,636,132,948,1010,11,22.22,0.12,3,1.413,92.9,55.82,17,740,N/A
2017,4,4,11,30,134,967,1093,134,967,1093,12,7.36,0.12,2.9000000000000004,1.416,92.2,53.24,18,740,N/A
2017,4,4,12,30,131,969,1092,131,969,1092,12,7.8,0.12,2.7,1.438,91.10000000000001,50.83,18,740,N/A
2017,4,4,13,30,133,943,1004,133,943,1004,12,22.66,0.12,2.6,1.474,90.30000000000001,51.54,18,740,N/A
2017,4,4,14,30,123,906,842,123,906,842,12,37.58,0.12,2.5,1.5150000000000001,89.9,55.47,18,740,N/A
2017,4,4,15,30,109,835,617,109,835,617,12,52.5,0.12,2.3000000000000003,1.554,89.4,60.01,17,740,N/A
2017,4,4,16,30,85,698,354,85,698,354,13,67.41,0.12,1.7000000000000002,1.584,88.80000000000001,66.46000000000001,15,740,N/A
2017,4,4,17,30,44,350,91,44,350,91,14,82.31,0.12,1.1,1.591,89.2,80.8,13,740,N/A
2017,4,4,18,30,0,0,0,0,0,0,14,97.18,0.12,0.7000000000000001,1.58,83.80000000000001,90.47,11,740,N/A
2017,4,4,19,30,0,0,0,0,0,0,14,112,0.12,0.7000000000000001,1.559,77.10000000000001,94.95,11,740,N/A
2017,4,4,20,30,0,0,0,0,0,0,13,126.74000000000001,0.12,0.6000000000000001,1.53,73.2,92.49,10,740,N/A
2017,4,4,21,30,0,0,0,0,0,0,13,141.29,0.12,0.6000000000000001,1.492,72.2,95.41,10,740,N/A
2017,4,4,22,30,0,0,0,0,0,0,12,155.33,0.12,0.6000000000000001,1.442,73.3,98.44,9,740,N/A
2017,4,4,23,30,0,0,0,0,0,0,12,167.04,0.12,0.6000000000000001,1.399,74.60000000000001,95.48,9,740,N/A
2017,4,5,0,30,0,0,0,0,0,0,11,166.74,0.12,0.7000000000000001,1.3820000000000001,76.5,93.14,8,740,N/A
2017,4,5,1,30,0,0,0,0,0,0,11,154.84,0.12,0.7000000000000001,1.3840000000000001,76.9,91.43,8,740,N/A
2017,4,5,2,30,0,0,0,0,0,0,11,140.77,0.12,0.7000000000000001,1.391,76.9,95.98,8,740,N/A
2017,4,5,3,30,0,0,0,0,0,0,11,126.21000000000001,0.12,0.7000000000000001,1.401,71.5,94.16,8,740,N/A
2017,4,5,4,30,0,0,0,0,0,0,10,111.47,0.12,0.7000000000000001,1.421,67.7,92.45,7,740,N/A
2017,4,5,5,30,0,0,0,0,0,0,10,96.65,0.12,0.8,1.455,68.4,90.99,8,740,N/A
2017,4,5,6,30,41,445,104,41,445,104,11,81.78,0.12,1.3,1.5030000000000001,81.80000000000001,84.7,10,740,N/A
2017,4,5,7,30,73,760,371,73,760,371,11,66.89,0.12,2,1.555,77.5,75.62,12,740,N/A
2017,4,5,8,30,93,874,632,93,874,632,11,51.980000000000004,0.12,2.4000000000000004,1.601,80.2,62.82,14,740,N/A
2017,4,5,9,30,430,168,565,110,927,850,11,37.07,0.12,2.6,1.6420000000000001,84,59.69,16,740,N/A
2017,4,5,10,30,120,958,1007,120,958,1007,12,22.17,0.12,2.7,1.683,88.10000000000001,58.1,17,740,N/A
2017,4,5,11,30,124,972,1088,124,972,1088,12,7.37,0.12,2.8000000000000003,1.724,91.10000000000001,56.63,18,740,N/A
2017,4,5,12,30,124,971,1085,124,971,1085,13,7.95,0.12,2.7,1.762,92.7,54.78,18,740,N/A
2017,4,5,13,30,165,885,982,165,885,982,13,22.75,0.12,2.5,1.7910000000000001,94.2,55.82,18,740,N/A
2017,4,5,14,30,156,838,820,156,838,820,13,37.660000000000004,0.12,2.4000000000000004,1.807,95.9,59.92,18,740,N/A
2017,4,5,15,30,183,668,589,137,760,599,13,52.57,0.12,2.2,1.802,97.10000000000001,64,17,740,N/A
2017,4,5,16,30,150,394,301,107,605,340,14,67.47,0.12,1.7000000000000002,1.7730000000000001,96.5,69.35000000000001,16,740,N/A
2017,4,5,17,30,52,246,85,52,246,85,15,82.35000000000001,0.12,1,1.734,96.30000000000001,82.88,14,740,N/A
2017,4,5,18,30,0,0,0,0,0,0,14,97.21000000000001,0.12,0.7000000000000001,1.694,91.5,86.24,12,740,N/A
2017,4,5,19,30,0,0,0,0,0,0,14,112.02,0.12,0.6000000000000001,1.6480000000000001,86.2,90.5,11,740,N/A
2017,4,5,20,30,0,0,0,0,0,0,14,126.74000000000001,0.12,0.6000000000000001,1.593,80.30000000000001,95.5,11,740,N/A
2017,4,5,21,30,0,0,0,0,0,0,13,141.26,0.12,0.6000000000000001,1.532,73.7,93.67,10,740,N/A
2017,4,5,22,30,0,0,0,0,0,0,13,155.23,0.12,0.6000000000000001,1.473,70.10000000000001,97.56,10,740,N/A
2017,4,5,23,30,0,0,0,0,0,0,13,166.77,0.12,0.6000000000000001,1.422,69.7,94.96000000000001,9,740,N/A
2017,4,6,0,30,0,0,0,0,0,0,12,166.39000000000001,0.12,0.6000000000000001,1.3800000000000001,69.3,98.23,9,740,N/A
2017,4,6,1,30,0,0,0,0,0,0,12,154.62,0.12,0.6000000000000001,1.352,69,94.85000000000001,8,740,N/A
2017,4,6,2,30,0,0,0,0,0,0,11,140.61,0.12,0.6000000000000001,1.338,70.3,98.32000000000001,8,740,N/A
2017,4,6,3,30,0,0,0,0,0,0,11,126.08,0.12,0.6000000000000001,1.34,73.9,96.42,8,740,N/A
2017,4,6,4,30,0,0,0,0,0,0,11,111.35000000000001,0.12,0.6000000000000001,1.358,80.4,95.03,8,740,N/A
2017,4,6,5,30,0,0,0,0,0,0,11,96.54,0.12,0.9,1.3820000000000001,88.4,94.33,8,740,N/A
2017,4,6,6,30,30,0,30,47,384,102,11,81.69,0.12,1.7000000000000002,1.401,91.7,87.21000000000001,10,740,N/A
2017,4,6,7,30,165,59,189,81,734,370,12,66.8,0.12,2.4000000000000004,1.418,87.5,73.17,12,740,N/A
2017,4,6,8,30,277,53,309,95,877,636,12,51.910000000000004,0.12,2.8000000000000003,1.447,88.60000000000001,64.48,14,740,N/A
2017,4,6,9,30,429,208,595,105,942,857,12,37.01,0.12,2.9000000000000004,1.498,93.10000000000001,61.19,16,740,N/A
2017,4,6,10,30,510,263,754,149,917,999,12,22.12,0.12,2.8000000000000003,1.571,98,58.97,17,740,N/A
2017,4,6,11,30,560,250,808,154,930,1077,13,7.4,0.12,2.7,1.663,102.4,57.1,17,740,N/A
2017,4,6,12,30,565,208,772,155,926,1072,13,8.1,0.12,2.5,1.7650000000000001,106.5,58.480000000000004,18,740,N/A
2017,4,6,13,30,400,31,429,160,891,981,13,22.85,0.12,2.3000000000000003,1.854,109.10000000000001,59.230000000000004,18,740,N/A
2017,4,6,14,30,150,845,819,150,845,819,13,37.730000000000004,0.12,2,1.9160000000000001,108.9,59.47,17,740,N/A
2017,4,6,15,30,133,764,597,133,764,597,13,52.63,0.12,1.7000000000000002,1.956,108.10000000000001,63.49,16,740,N/A
2017,4,6,16,30,105,606,337,105,606,337,14,67.52,0.12,1.3,1.987,103.80000000000001,73.69,15,740,N/A
2017,4,6,17,30,52,242,84,52,242,84,15,82.4,0.12,0.8,2.004,99.4,83.18,14,740,N/A
2017,4,6,18,30,0,0,0,0,0,0,14,97.25,0.12,0.6000000000000001,2.003,92.9,87.45,12,740,N/A
2017,4,6,19,30,0,0,0,0,0,0,14,112.04,0.121,0.5,1.991,80.80000000000001,90.75,12,740,N/A
2017,4,6,20,30,0,0,0,0,0,0,14,126.74000000000001,0.121,0.5,1.978,73.2,95.94,11,740,N/A
2017,4,6,21,30,0,0,0,0,0,0,14,141.22,0.121,0.5,1.971,68.60000000000001,94.29,10,740,N/A
2017,4,6,22,30,0,0,0,0,0,0,13,155.12,0.121,0.5,1.967,65.10000000000001,98.36,10,740,N/A
2017,4,6,23,30,0,0,0,0,0,0,13,166.49,0.121,0.4,1.963,65.2,96.12,10,740,N/A
2017,4,7,0,30,0,0,0,0,0,0,13,166.04,0.121,0.4,1.955,61,94.27,9,740,N/A
2017,4,7,1,30,0,0,0,0,0,0,12,154.39000000000001,0.121,0.5,1.952,59,92.43,9,740,N/A
2017,4,7,2,30,0,0,0,0,0,0,12,140.44,0.121,0.5,1.967,63.7,91.10000000000001,9,740,N/A
2017,4,7,3,30,0,0,0,0,0,0,12,125.94,0.121,0.5,2.007,74.60000000000001,96.44,9,740,N/A
2017,4,7,4,30,0,0,0,0,0,0,12,111.24000000000001,0.121,0.5,2.057,76.5,95.98,9,740,N/A
2017,4,7,5,30,0,0,0,0,0,0,12,96.44,0.121,0.6000000000000001,2.098,72.2,96.13,9,740,N/A
2017,4,7,6,30,53,306,97,53,306,97,13,81.59,0.121,1.1,2.128,82.10000000000001,88.04,11,740,N/A
2017,4,7,7,30,95,657,355,95,657,355,13,66.72,0.121,1.8,2.152,87.30000000000001,78.17,13,740,N/A
2017,4,7,8,30,115,806,614,115,806,614,12,51.83,0.121,2.1,2.179,89.30000000000001,68.04,15,740,N/A
2017,4,7,9,30,428,212,598,127,881,832,13,36.95,0.121,2.3000000000000003,2.205,95.2,60.870000000000005,16,740,N/A
2017,4,7,10,30,133,922,988,133,922,988,13,22.080000000000002,0.121,2.4000000000000004,2.235,101.2,58.9,17,740,N/A
2017,4,7,11,30,499,52,551,138,936,1066,13,7.45,0.121,2.3000000000000003,2.286,105.5,60.26,18,740,N/A
2017,4,7,12,30,188,16,205,141,929,1061,14,8.27,0.121,2.2,2.357,107.5,61.11,18,740,N/A
2017,4,7,13,30,218,26,243,188,834,956,14,22.95,0.121,1.9000000000000001,2.432,109.2,65.5,17,740,N/A
2017,4,7,14,30,183,772,793,183,772,793,14,37.81,0.121,1.5,2.501,109.80000000000001,70.4,16,740,N/A
2017,4,7,15,30,164,676,574,164,676,574,14,52.7,0.121,1.1,2.557,109.10000000000001,75.46000000000001,15,740,N/A
2017,4,7,16,30,130,495,319,130,495,319,14,67.58,0.121,0.9,2.602,106.2,82.03,14,740,N/A
2017,4,7,17,30,56,152,76,56,152,76,15,82.44,0.121,0.7000000000000001,2.637,103.4,90.49,13,740,N/A
2017,4,7,18,30,0,0,0,0,0,0,15,97.28,0.121,0.6000000000000001,2.661,107.60000000000001,93.24,12,740,N/A
2017,4,7,19,30,0,0,0,0,0,0,15,112.06,0.121,0.8,2.6710000000000003,111.4,93.16,12,740,N/A
2017,4,7,20,30,0,0,0,0,0,0,15,126.73,0.121,0.9,2.661,109.7,98.32000000000001,12,740,N/A
2017,4,7,21,30,0,0,0,0,0,0,15,141.18,0.121,0.9,2.638,107.5,96.9,12,740,N/A
2017,4,7,22,30,0,0,0,0,0,0,15,155.01,0.121,0.8,2.618,108.5,94.85000000000001,11,740,N/A
2017,4,7,23,30,0,0,0,0,0,0,14,166.20000000000002,0.121,0.6000000000000001,2.594,102.4,98.63,11,740,N/A
2017,4,8,0,30,0,0,0,0,0,0,14,165.69,0.121,0.4,2.555,91.9,95.75,10,740,N/A
2017,4,8,1,30,0,0,0,0,0,0,13,154.16,0.121,0.4,2.509,77.9,99.41,10,740,N/A
2017,4,8,2,30,0,0,0,0,0,0,13,140.27,0.121,0.4,2.457,66.10000000000001,97.29,10,740,N/A
2017,4,8,3,30,0,0,0,0,0,0,13,125.8,0.121,0.4,2.3970000000000002,63.800000000000004,95.74000000000001,10,740,N/A
2017,4,8,4,30,0,0,0,0,0,0,13,111.12,0.121,0.4,2.337,68.8,94.66,10,740,N/A
2017,4,8,5,30,0,0,0,0,0,0,13,96.34,0.121,0.4,2.29,74.4,93.84,10,740,N/A
2017,4,8,6,30,56,162,79,49,333,98,13,81.5,0.121,0.9,2.254,86.30000000000001,90.72,11,740,N/A
2017,4,8,7,30,172,230,264,88,680,358,14,66.64,0.121,1.5,2.224,87.2,82.66,13,740,N/A
2017,4,8,8,30,281,361,505,104,830,618,13,51.76,0.121,2,2.205,90.7,72.48,15,740,N/A
2017,4,8,9,30,421,292,656,113,906,838,13,36.89,0.121,2.3000000000000003,2.21,100.2,62.99,16,740,N/A
2017,4,8,10,30,511,349,835,153,892,980,13,22.05,0.121,2.5,2.251,106.30000000000001,60.22,17,740,N/A
2017,4,8,11,30,199,17,216,159,905,1057,14,7.51,0.121,2.4000000000000004,2.321,109.10000000000001,61.36,18,740,N/A
2017,4,8,12,30,127,7,134,164,895,1051,14,8.45,0.121,2,2.4050000000000002,111.9,65.53,17,740,N/A
2017,4,8,13,30,286,20,304,165,865,962,14,23.05,0.121,1.6,2.488,117.60000000000001,66.22,16,740,N/A
2017,4,8,14,30,416,114,507,161,809,799,14,37.89,0.121,1.2000000000000002,2.564,124.2,71.46000000000001,15,740,N/A
2017,4,8,15,30,285,310,473,146,715,579,14,52.76,0.121,1,2.6270000000000002,131.5,77.28,14,740,N/A
2017,4,8,16,30,155,328,280,117,538,322,15,67.63,0.121,0.8,2.677,136.3,84.56,13,740,N/A
2017,4,8,17,30,52,122,68,52,201,78,15,82.49,0.121,0.7000000000000001,2.71,139.5,92.03,13,740,N/A
2017,4,8,18,30,0,0,0,0,0,0,15,97.31,0.121,0.6000000000000001,2.731,143.9,93.42,12,740,N/A
2017,4,8,19,30,0,0,0,0,0,0,15,112.07000000000001,0.121,0.6000000000000001,2.753,144.1,99.60000000000001,12,740,N/A
2017,4,8,20,30,0,0,0,0,0,0,15,126.73,0.121,0.8,2.785,140.20000000000002,98.88,12,740,N/A
2017,4,8,21,30,0,0,0,0,0,0,15,141.14000000000001,0.121,0.9,2.81,134.6,97.54,12,740,N/A
2017,4,8,22,30,0,0,0,0,0,0,15,154.9,0.121,1,2.8040000000000003,130.6,96.26,11,740,N/A
2017,4,8,23,30,0,0,0,0,0,0,15,165.91,0.121,1.1,2.7560000000000002,123.4,100,11,740,N/A
2017,4,9,0,30,0,0,0,0,0,0,14,165.34,0.121,1,2.6710000000000003,114.4,97.74000000000001,10,740,N/A
2017,4,9,1,30,0,0,0,0,0,0,14,153.93,0.121,0.8,2.572,105.9,100,10,740,N/A
2017,4,9,2,30,0,0,0,0,0,0,13,140.1,0.121,0.6000000000000001,2.479,94.10000000000001,96.89,9,740,N/A
2017,4,9,3,30,0,0,0,0,0,0,12,125.66,0.121,0.4,2.394,80.80000000000001,99.24000000000001,9,740,N/A
2017,4,9,4,30,0,0,0,0,0,0,12,111,0.121,0.2,2.324,88,96.58,9,740,N/A
2017,4,9,5,30,0,0,0,0,0,0,12,96.23,0.121,0.2,2.283,76.9,94.78,9,740,N/A
2017,4,9,6,30,46,349,98,40,437,106,12,81.41,0.121,0.6000000000000001,2.2560000000000002,65.2,91.44,10,740,N/A
2017,4,9,7,30,171,245,269,70,749,368,13,66.56,0.121,1.2000000000000002,2.223,73.60000000000001,88.22,11,740,N/A
2017,4,9,8,30,212,17,223,85,875,628,12,51.7,0.121,1.5,2.187,74.2,76.13,13,740,N/A
2017,4,9,9,30,415,290,648,94,940,847,11,36.84,0.121,1.6,2.1630000000000003,77.30000000000001,66.79,14,740,N/A
2017,4,9,10,30,503,286,768,136,919,988,11,22.03,0.121,1.7000000000000002,2.164,80.9,60.63,15,740,N/A
2017,4,9,11,30,390,490,877,142,931,1066,11,7.6000000000000005,0.121,1.7000000000000002,2.189,85.7,57.54,16,740,N/A
2017,4,9,12,30,95,0,95,144,927,1061,11,8.64,0.121,1.6,2.229,89.80000000000001,55.33,16,740,N/A
2017,4,9,13,30,201,16,216,156,884,969,12,23.16,0.121,1.3,2.279,92.10000000000001,60.300000000000004,16,740,N/A
2017,4,9,14,30,265,19,280,153,828,806,12,37.97,0.121,1,2.329,91.4,65.48,15,740,N/A
2017,4,9,15,30,108,0,109,139,737,584,12,52.83,0.121,0.6000000000000001,2.368,87.60000000000001,70.8,14,740,N/A
2017,4,9,16,30,130,10,134,110,573,328,13,67.69,0.121,0.2,2.3930000000000002,83.4,77.9,13,740,N/A
2017,4,9,17,30,32,0,32,51,220,80,14,82.53,0.121,0.2,2.407,15.200000000000001,88.23,11,740,N/A
2017,4,9,18,30,0,0,0,0,0,0,14,97.34,0.121,0.4,2.415,302,96.13,11,740,N/A
2017,4,9,19,30,0,0,0,0,0,0,14,112.09,0.121,0.5,2.418,297.2,95.16,11,740,N/A
2017,4,9,20,30,0,0,0,0,0,0,13,126.72,0.121,0.6000000000000001,2.422,295.8,93.36,10,740,N/A
2017,4,9,21,30,0,0,0,0,0,0,13,141.09,0.121,0.6000000000000001,2.428,292.40000000000003,92.16,10,740,N/A
2017,4,9,22,30,0,0,0,0,0,0,13,154.77,0.121,0.5,2.431,287.6,96.77,10,740,N/A
2017,4,9,23,30,0,0,0,0,0,0,13,165.62,0.121,0.5,2.428,283.1,95.21000000000001,10,740,N/A
2017,4,10,0,30,0,0,0,0,0,0,12,164.99,0.121,0.5,2.418,286.5,93.55,10,740,N/A
2017,4,10,1,30,0,0,0,0,0,0,12,153.70000000000002,0.121,0.4,2.4050000000000002,295.7,91.73,10,740,N/A
2017,4,10,2,30,0,0,0,0,0,0,12,139.93,0.121,0.4,2.391,303,90.47,10,740,N/A
2017,4,10,3,30,0,0,0,0,0,0,12,125.52,0.121,0.30000000000000004,2.379,314.90000000000003,89.28,9,740,N/A
2017,4,10,4,30,0,0,0,0,0,0,12,110.88,0.121,0.30000000000000004,2.373,341.6,87.91,9,740,N/A
2017,4,10,5,30,0,0,0,0,0,0,11,96.13,0.121,0.2,2.368,10.700000000000001,86.89,9,740,N/A
2017,4,10,6,30,46,391,105,46,391,105,12,81.32000000000001,0.121,0.30000000000000004,2.365,42.900000000000006,85.73,10,740,N/A
2017,4,10,7,30,81,709,364,81,709,364,13,66.48,0.121,0.6000000000000001,2.37,77.80000000000001,83.35000000000001,12,740,N/A
2017,4,10,8,30,308,217,443,100,837,620,13,51.63,0.121,0.9,2.384,90.9,72.64,14,740,N/A
2017,4,10,9,30,297,517,712,112,901,834,13,36.79,0.121,1.1,2.406,106.5,68.18,15,740,N/A
2017,4,10,10,30,514,241,738,129,921,984,13,22.01,0.121,1,2.431,112.60000000000001,65.18,16,740,N/A
2017,4,10,11,30,471,41,512,133,936,1061,13,7.7,0.121,0.8,2.466,125.80000000000001,62.57,16,740,N/A
2017,4,10,12,30,338,34,372,134,934,1057,13,8.85,0.121,0.7000000000000001,2.5140000000000002,147.4,67.72,16,740,N/A
2017,4,10,13,30,417,37,451,192,821,947,14,23.27,0.121,0.7000000000000001,2.566,165.5,69.08,15,740,N/A
2017,4,10,14,30,56,0,56,183,766,786,14,38.06,0.121,0.7000000000000001,2.614,175.20000000000002,74.64,15,740,N/A
2017,4,10,15,30,11,0,11,162,675,569,14,52.9,0.121,0.7000000000000001,2.6510000000000002,180.20000000000002,80.62,14,740,N/A
2017,4,10,16,30,6,0,6,127,499,316,14,67.74,0.121,0.6000000000000001,2.6750000000000003,174,87.49,13,740,N/A
2017,4,10,17,30,1,0,1,53,172,76,15,82.57000000000001,0.121,0.4,2.685,162.5,90.23,12,740,N/A
2017,4,10,18,30,0,0,0,0,0,0,15,97.37,0.121,0.30000000000000004,2.684,153.5,96.24000000000001,12,740,N/A
2017,4,10,19,30,0,0,0,0,0,0,15,112.10000000000001,0.121,0.30000000000000004,2.669,152.6,95.22,12,740,N/A
2017,4,10,20,30,0,0,0,0,0,0,15,126.7,0.121,0.30000000000000004,2.644,149.20000000000002,94.53,11,740,N/A
2017,4,10,21,30,0,0,0,0,0,0,14,141.04,0.121,0.5,2.611,144.1,93.54,11,740,N/A
2017,4,10,22,30,0,0,0,0,0,0,14,154.65,0.121,0.8,2.573,136,92.08,11,740,N/A
2017,4,10,23,30,0,0,0,0,0,0,14,165.33,0.121,1.1,2.544,128.5,96.63,11,740,N/A
2017,4,11,0,30,0,0,0,0,0,0,14,164.65,0.121,1.1,2.543,122.4,94.75,11,740,N/A
2017,4,11,1,30,0,0,0,0,0,0,13,153.47,0.121,0.9,2.5460000000000003,117.5,92.8,10,740,N/A
2017,4,11,2,30,0,0,0,0,0,0,13,139.75,0.121,0.7000000000000001,2.5300000000000002,113.5,97.94,10,740,N/A
2017,4,11,3,30,0,0,0,0,0,0,13,125.38000000000001,0.121,0.7000000000000001,2.501,111.30000000000001,96.54,10,740,N/A
2017,4,11,4,30,0,0,0,0,0,0,13,110.76,0.121,0.7000000000000001,2.463,104.2,100,9,740,N/A
2017,4,11,5,30,0,0,0,0,0,0,12,96.03,0.121,0.8,2.432,97.30000000000001,98,9,740,N/A
2017,4,11,6,30,38,0,38,54,312,102,13,81.24,0.121,1.1,2.4210000000000003,89.60000000000001,94.33,10,740,N/A
2017,4,11,7,30,119,0,119,109,608,352,13,66.41,0.121,1.4000000000000001,2.426,84.10000000000001,89.27,11,740,N/A
2017,4,11,8,30,292,318,490,146,732,601,13,51.57,0.121,1.5,2.433,84.7,78.2,12,740,N/A
2017,4,11,9,30,370,45,406,166,809,814,13,36.75,0.121,1.4000000000000001,2.445,92.9,72.7,13,740,N/A
2017,4,11,10,30,250,28,277,187,836,963,13,22,0.121,1.3,2.465,106.10000000000001,69.13,14,740,N/A
2017,4,11,11,30,181,16,197,195,851,1039,13,7.82,0.121,1.3,2.484,120.80000000000001,70.5,15,740,N/A
2017,4,11,12,30,555,121,676,185,863,1038,13,9.06,0.121,1.3,2.505,131.4,67.74,16,740,N/A
2017,4,11,13,30,469,64,529,235,760,932,14,23.38,0.121,1.3,2.535,135,68.68,15,740,N/A
2017,4,11,14,30,128,7,134,213,715,776,14,38.14,0.121,1.3,2.574,134.5,73.96000000000001,14,740,N/A
2017,4,11,15,30,129,4,132,177,642,563,14,52.97,0.121,1.3,2.614,134,79.55,14,740,N/A
2017,4,11,16,30,103,0,103,132,479,314,14,67.8,0.121,1.2000000000000002,2.645,132.9,86.21000000000001,13,740,N/A
2017,4,11,17,30,24,0,24,53,174,75,15,82.61,0.121,0.9,2.6630000000000003,133.6,94.54,12,740,N/A
2017,4,11,18,30,0,0,0,0,0,0,15,97.39,0.121,0.8,2.668,132.9,95.02,11,740,N/A
2017,4,11,19,30,0,0,0,0,0,0,15,112.11,0.121,1,2.662,132.3,94.23,11,740,N/A
2017,4,11,20,30,0,0,0,0,0,0,14,126.69,0.121,1.1,2.645,132.5,99.36,11,740,N/A
2017,4,11,21,30,0,0,0,0,0,0,14,140.99,0.121,1.1,2.618,132.20000000000002,97.89,11,740,N/A
2017,4,11,22,30,0,0,0,0,0,0,14,154.52,0.121,1.2000000000000002,2.588,124.7,95.42,10,740,N/A
2017,4,11,23,30,0,0,0,0,0,0,13,165.03,0.121,1,2.563,119.9,99.69,10,740,N/A
2017,4,12,0,30,0,0,0,0,0,0,13,164.31,0.121,0.7000000000000001,2.5460000000000003,115.5,97.65,10,740,N/A
2017,4,12,1,30,0,0,0,0,0,0,13,153.24,0.121,0.5,2.5260000000000002,110.9,95.45,9,740,N/A
2017,4,12,2,30,0,0,0,0,0,0,12,139.58,0.121,0.5,2.508,105.80000000000001,93.60000000000001,9,740,N/A
2017,4,12,3,30,0,0,0,0,0,0,12,125.24000000000001,0.121,0.4,2.497,103.30000000000001,98.25,9,740,N/A
2017,4,12,4,30,0,0,0,0,0,0,12,110.65,0.121,0.4,2.493,107.5,96.97,9,740,N/A
2017,4,12,5,30,0,0,0,0,0,0,12,95.93,0.121,0.5,2.491,116.60000000000001,96.38,9,740,N/A
2017,4,12,6,30,50,352,104,50,352,104,13,81.15,0.121,1,2.49,125.60000000000001,94.03,10,740,N/A
2017,4,12,7,30,138,469,326,87,684,361,13,66.34,0.121,1.5,2.493,127.60000000000001,85.87,11,740,N/A
2017,4,12,8,30,309,219,445,103,825,617,13,51.52,0.121,1.7000000000000002,2.503,125.30000000000001,81.59,12,740,N/A
2017,4,12,9,30,355,38,385,114,894,831,13,36.71,0.121,1.8,2.517,128.4,76.25,13,740,N/A
2017,4,12,10,30,518,201,705,125,924,982,13,22,0.121,1.8,2.541,132.4,71.9,14,740,N/A
2017,4,12,11,30,131,8,140,127,940,1059,13,7.95,0.121,1.7000000000000002,2.575,136.4,72.3,15,740,N/A
2017,4,12,12,30,520,69,589,128,938,1054,14,9.28,0.121,1.6,2.615,140.3,72.82000000000001,15,740,N/A
2017,4,12,13,30,180,15,195,136,902,963,14,23.5,0.121,1.5,2.658,144.8,73.42,14,740,N/A
2017,4,12,14,30,30,0,30,126,862,804,14,38.230000000000004,0.121,1.3,2.699,149.70000000000002,79.35000000000001,14,740,N/A
2017,4,12,15,30,74,0,74,107,799,588,14,53.04,0.121,1.2000000000000002,2.735,153.20000000000002,85.88,13,740,N/A
2017,4,12,16,30,164,117,208,81,670,334,14,67.85,0.121,1,2.767,152.5,87.74,12,740,N/A
2017,4,12,17,30,46,49,52,39,351,84,15,82.65,0.121,0.7000000000000001,2.793,151.70000000000002,95.76,12,740,N/A
2017,4,12,18,30,0,0,0,0,0,0,15,97.42,0.121,0.6000000000000001,2.806,146.6,96.29,11,740,N/A
2017,4,12,19,30,0,0,0,0,0,0,15,112.11,0.121,0.8,2.794,149.5,95.48,11,740,N/A
2017,4,12,20,30,0,0,0,0,0,0,14,126.67,0.121,1.2000000000000002,2.755,151.5,99.86,11,740,N/A
2017,4,12,21,30,0,0,0,0,0,0,14,140.93,0.121,1.4000000000000001,2.695,148.70000000000002,97.57000000000001,10,740,N/A
2017,4,12,22,30,0,0,0,0,0,0,14,154.39000000000001,0.121,1.2000000000000002,2.628,149.5,100,10,740,N/A
2017,4,12,23,30,0,0,0,0,0,0,13,164.74,0.121,0.7000000000000001,2.561,145.70000000000002,96.95,9,740,N/A
2017,4,13,0,30,0,0,0,0,0,0,13,163.96,0.121,0.30000000000000004,2.503,135.3,100,9,740,N/A
2017,4,13,1,30,0,0,0,0,0,0,12,153,0.121,0.2,2.453,114.30000000000001,97.17,9,740,N/A
2017,4,13,2,30,0,0,0,0,0,0,12,139.41,0.121,0.1,2.408,95.2,95.03,8,740,N/A
2017,4,13,3,30,0,0,0,0,0,0,11,125.11,0.121,0.1,2.37,92.80000000000001,93.04,8,740,N/A
2017,4,13,4,30,0,0,0,0,0,0,11,110.53,0.121,0.1,2.35,93.80000000000001,96.83,8,740,N/A
2017,4,13,5,30,0,0,0,0,0,0,11,95.83,0.121,0.2,2.349,100.4,95.25,8,740,N/A
2017,4,13,6,30,51,0,51,38,491,115,11,81.07000000000001,0.121,0.6000000000000001,2.36,117.5,86.96000000000001,9,740,N/A
2017,4,13,7,30,171,66,198,66,769,376,12,66.27,0.121,1.2000000000000002,2.3810000000000002,122.80000000000001,79.44,11,740,N/A
2017,4,13,8,30,259,35,281,82,879,630,12,51.46,0.121,1.6,2.4130000000000003,117.4,76.37,13,740,N/A
2017,4,13,9,30,408,82,475,92,935,842,12,36.68,0.121,1.9000000000000001,2.447,115,67.75,14,740,N/A
2017,4,13,10,30,519,164,671,104,956,991,13,22,0.121,2.2,2.475,116.10000000000001,65.28,15,740,N/A
2017,4,13,11,30,557,244,799,105,972,1068,13,8.1,0.121,2.4000000000000004,2.504,118.30000000000001,62.89,16,740,N/A
2017,4,13,12,30,430,31,461,104,973,1064,13,9.5,0.121,2.3000000000000003,2.536,119.7,63.870000000000005,16,740,N/A
2017,4,13,13,30,193,16,208,113,938,973,14,23.62,0.121,2.1,2.57,121.10000000000001,68.65,16,740,N/A
2017,4,13,14,30,105,903,814,105,903,814,14,38.32,0.121,1.9000000000000001,2.606,122.30000000000001,69.28,15,740,N/A
2017,4,13,15,30,93,835,595,93,835,595,14,53.1,0.121,1.7000000000000002,2.638,122.2,74.48,14,740,N/A
2017,4,13,16,30,122,485,305,76,695,338,14,67.91,0.121,1.4000000000000001,2.665,120.80000000000001,81.17,13,740,N/A
2017,4,13,17,30,43,260,76,39,354,85,15,82.69,0.121,1,2.6830000000000003,117.5,94.87,12,740,N/A
2017,4,13,18,30,0,0,0,0,0,0,15,97.44,0.121,0.7000000000000001,2.691,114.7,95.54,12,740,N/A
2017,4,13,19,30,0,0,0,0,0,0,14,112.12,0.121,0.8,2.6830000000000003,116.2,93.60000000000001,12,740,N/A
2017,4,13,20,30,0,0,0,0,0,0,14,126.65,0.121,0.9,2.652,115.60000000000001,98.76,11,740,N/A
2017,4,13,21,30,0,0,0,0,0,0,14,140.87,0.121,0.9,2.601,114,97.32000000000001,11,740,N/A
2017,4,13,22,30,0,0,0,0,0,0,14,154.25,0.121,0.9,2.5580000000000003,114.2,94.49,10,740,N/A
2017,4,13,23,30,0,0,0,0,0,0,13,164.44,0.121,0.8,2.537,111.30000000000001,97.73,10,740,N/A
2017,4,14,0,30,0,0,0,0,0,0,13,163.62,0.121,0.6000000000000001,2.519,105.4,96.39,10,740,N/A
2017,4,14,1,30,0,0,0,0,0,0,13,152.77,0.121,0.4,2.494,101.80000000000001,94.15,9,740,N/A
2017,4,14,2,30,0,0,0,0,0,0,12,139.24,0.121,0.4,2.474,102.10000000000001,91.71000000000001,9,740,N/A
2017,4,14,3,30,0,0,0,0,0,0,12,124.97,0.121,0.5,2.464,108.9,96.26,9,740,N/A
2017,4,14,4,30,0,0,0,0,0,0,12,110.42,0.121,0.6000000000000001,2.463,112,95.41,9,740,N/A
2017,4,14,5,30,0,0,0,0,0,0,12,95.74000000000001,0.121,0.6000000000000001,2.463,113.9,94.99,9,740,N/A
2017,4,14,6,30,32,0,32,38,497,116,12,80.99,0.121,0.9,2.459,115.5,92.53,10,740,N/A
2017,4,14,7,30,125,3,126,64,776,377,13,66.2,0.121,1.2000000000000002,2.451,122,89.16,11,740,N/A
2017,4,14,8,30,158,8,163,77,889,632,13,51.410000000000004,0.121,1.4000000000000001,2.446,122.5,79.7,12,740,N/A
2017,4,14,9,30,259,18,274,85,947,845,13,36.65,0.121,1.6,2.453,126.4,74.51,13,740,N/A
2017,4,14,10,30,410,33,442,90,976,996,13,22.01,0.121,1.8,2.469,130.5,71,14,740,N/A
2017,4,14,11,30,231,19,250,93,989,1072,13,8.26,0.121,1.9000000000000001,2.493,133,67.58,15,740,N/A
2017,4,14,12,30,559,149,706,93,987,1066,14,9.73,0.121,1.8,2.521,135.70000000000002,68.43,16,740,N/A
2017,4,14,13,30,503,122,616,91,971,980,14,23.75,0.121,1.7000000000000002,2.552,139.3,69.28,15,740,N/A
2017,4,14,14,30,409,264,616,85,939,821,14,38.410000000000004,0.121,1.5,2.581,142.5,74.23,15,740,N/A
2017,4,14,15,30,207,17,217,75,880,602,14,53.17,0.121,1.3,2.608,146.3,79.7,14,740,N/A
2017,4,14,16,30,143,29,153,61,754,345,14,67.96000000000001,0.121,1.2000000000000002,2.636,148.3,86.26,13,740,N/A
2017,4,14,17,30,39,0,39,33,437,88,15,82.73,0.121,0.9,2.6550000000000002,147.4,94.92,12,740,N/A
2017,4,14,18,30,0,0,0,0,0,0,15,97.47,0.121,0.9,2.6550000000000002,143,94.24,12,740,N/A
2017,4,14,19,30,0,0,0,0,0,0,14,112.12,0.121,1.1,2.6390000000000002,141.3,92.57000000000001,11,740,N/A
2017,4,14,20,30,0,0,0,0,0,0,14,126.63000000000001,0.121,1.1,2.615,140.3,96.51,11,740,N/A
2017,4,14,21,30,0,0,0,0,0,0,14,140.8,0.121,0.9,2.583,139.3,94.65,10,740,N/A
2017,4,14,22,30,0,0,0,0,0,0,13,154.11,0.121,0.7000000000000001,2.549,136.8,98.94,10,740,N/A
2017,4,14,23,30,0,0,0,0,0,0,13,164.14000000000001,0.121,0.7000000000000001,2.515,132.1,96.5,10,740,N/A
2017,4,15,0,30,0,0,0,0,0,0,13,163.28,0.121,0.7000000000000001,2.479,126.60000000000001,94.25,10,740,N/A
2017,4,15,1,30,0,0,0,0,0,0,12,152.54,0.121,0.7000000000000001,2.444,122.2,92.51,9,740,N/A
2017,4,15,2,30,0,0,0,0,0,0,12,139.07,0.121,0.7000000000000001,2.4130000000000003,116.10000000000001,91.13,9,740,N/A
2017,4,15,3,30,0,0,0,0,0,0,12,124.83,0.121,0.8,2.391,113.4,90.10000000000001,9,740,N/A
2017,4,15,4,30,0,0,0,0,0,0,12,110.31,0.121,0.8,2.375,116.5,94.57000000000001,9,740,N/A
2017,4,15,5,30,0,0,0,0,0,0,11,95.64,0.121,0.9,2.362,117.30000000000001,93.16,9,740,N/A
2017,4,15,6,30,55,17,58,32,569,122,12,80.91,0.121,1.5,2.35,117.7,86.07000000000001,10,740,N/A
2017,4,15,7,30,180,163,246,52,826,386,13,66.14,0.121,2,2.346,115.4,83.56,12,740,N/A
2017,4,15,8,30,109,1,110,62,926,641,13,51.36,0.121,2.4000000000000004,2.354,113.30000000000001,73.97,14,740,N/A
2017,4,15,9,30,373,47,412,68,977,853,13,36.62,0.121,2.6,2.374,114.60000000000001,65.59,15,740,N/A
2017,4,15,10,30,435,42,474,71,1004,1002,13,22.03,0.121,2.8000000000000003,2.404,115.9,63.160000000000004,16,740,N/A
2017,4,15,11,30,457,37,494,73,1014,1077,14,8.44,0.121,2.9000000000000004,2.439,116.10000000000001,60.86,17,740,N/A
2017,4,15,12,30,555,131,684,74,1012,1071,14,9.97,0.121,2.8000000000000003,2.474,116,61.65,17,740,N/A
2017,4,15,13,30,334,22,355,75,994,985,14,23.87,0.121,2.7,2.5020000000000002,116.80000000000001,65.73,17,740,N/A
2017,4,15,14,30,193,14,204,72,962,825,14,38.5,0.121,2.6,2.5180000000000002,117.60000000000001,69.78,16,740,N/A
2017,4,15,15,30,272,342,477,64,906,607,14,53.24,0.121,2.3000000000000003,2.519,117.5,74.36,15,740,N/A
2017,4,15,16,30,52,794,350,52,794,350,14,68.01,0.121,1.8,2.498,115.4,80.42,14,740,N/A
2017,4,15,17,30,29,493,91,29,493,91,15,82.77,0.121,1.1,2.452,113.2,88.18,12,740,N/A
2017,4,15,18,30,0,0,0,0,0,0,14,97.49000000000001,0.121,0.7000000000000001,2.392,107.5,91.89,11,740,N/A
2017,4,15,19,30,0,0,0,0,0,0,14,112.12,0.121,0.5,2.33,104.60000000000001,94.72,11,740,N/A
2017,4,15,20,30,0,0,0,0,0,0,13,126.60000000000001,0.121,0.4,2.265,104.60000000000001,91.72,11,740,N/A
2017,4,15,21,30,0,0,0,0,0,0,13,140.74,0.121,0.4,2.2,106.10000000000001,94.5,10,740,N/A
2017,4,15,22,30,0,0,0,0,0,0,12,153.96,0.121,0.4,2.1470000000000002,111.2,90.89,10,740,N/A
2017,4,15,23,30,0,0,0,0,0,0,11,163.84,0.121,0.4,2.108,116.10000000000001,93.25,9,740,N/A
2017,4,16,0,30,0,0,0,0,0,0,11,162.95000000000002,0.121,0.4,2.081,113.7,90.06,9,740,N/A
2017,4,16,1,30,0,0,0,0,0,0,10,152.3,0.121,0.30000000000000004,2.069,102.10000000000001,92.96000000000001,8,740,N/A
2017,4,16,2,30,0,0,0,0,0,0,10,138.89000000000001,0.121,0.30000000000000004,2.065,86.30000000000001,90.24,8,740,N/A
2017,4,16,3,30,0,0,0,0,0,0,10,124.7,0.121,0.30000000000000004,2.058,79.80000000000001,88.42,7,740,N/A
2017,4,16,4,30,0,0,0,0,0,0,9,110.19,0.121,0.2,2.044,77.10000000000001,87.12,7,740,N/A
2017,4,16,5,30,0,0,0,0,0,0,9,95.55,0.121,0.30000000000000004,2.029,81.10000000000001,86.13,8,740,N/A
2017,4,16,6,30,59,85,73,32,585,126,11,80.83,0.121,0.9,2.02,107.2,82.28,10,740,N/A
2017,4,16,7,30,178,208,263,51,838,391,12,66.08,0.121,1.8,2.021,122.2,72.59,12,740,N/A
2017,4,16,8,30,309,228,451,62,936,647,12,51.32,0.121,2.4000000000000004,2.039,127.4,64.73,15,740,N/A
2017,4,16,9,30,380,393,697,68,984,859,12,36.6,0.121,2.9000000000000004,2.088,129.5,62.800000000000004,16,740,N/A
2017,4,16,10,30,233,18,250,73,1008,1007,13,22.05,0.121,3.1,2.166,128.4,61.31,17,740,N/A
2017,4,16,11,30,364,23,387,76,1016,1081,13,8.620000000000001,0.121,3.1,2.244,125.9,59.24,17,740,N/A
2017,4,16,12,30,473,43,516,76,1013,1074,13,10.21,0.121,3.1,2.306,123.60000000000001,60.31,18,740,N/A
2017,4,16,13,30,279,19,297,75,997,986,14,24,0.121,3.1,2.359,122,60.89,17,740,N/A
2017,4,16,14,30,358,45,393,71,965,826,14,38.59,0.121,3,2.416,120.60000000000001,65.05,17,740,N/A
2017,4,16,15,30,292,217,422,64,908,607,14,53.31,0.121,2.6,2.473,118.80000000000001,69.91,16,740,N/A
2017,4,16,16,30,153,268,253,53,789,348,14,68.06,0.121,2,2.523,116.9,76.32000000000001,14,740,N/A
2017,4,16,17,30,43,173,65,30,474,90,15,82.81,0.121,1.2000000000000002,2.561,114.5,89.5,13,740,N/A
2017,4,16,18,30,0,0,0,0,0,0,15,97.51,0.121,0.8,2.584,111.4,91.19,12,740,N/A
2017,4,16,19,30,0,0,0,0,0,0,15,112.12,0.121,0.7000000000000001,2.594,109.9,95.56,12,740,N/A
2017,4,16,20,30,0,0,0,0,0,0,15,126.57000000000001,0.121,0.7000000000000001,2.596,107.9,93.89,12,740,N/A
2017,4,16,21,30,0,0,0,0,0,0,14,140.67000000000002,0.121,0.6000000000000001,2.591,104.9,92.53,11,740,N/A
2017,4,16,22,30,0,0,0,0,0,0,14,153.81,0.121,0.5,2.579,106.7,97.12,11,740,N/A
2017,4,16,23,30,0,0,0,0,0,0,14,163.54,0.121,0.5,2.562,109.4,95.36,10,740,N/A
2017,4,17,0,30,0,0,0,0,0,0,13,162.61,0.121,0.5,2.543,110.7,93.25,10,740,N/A
2017,4,17,1,30,0,0,0,0,0,0,13,152.07,0.121,0.5,2.5220000000000002,112.4,97.33,10,740,N/A
2017,4,17,2,30,0,0,0,0,0,0,13,138.72,0.121,0.6000000000000001,2.5060000000000002,115.10000000000001,95.69,10,740,N/A
2017,4,17,3,30,0,0,0,0,0,0,13,124.56,0.121,0.6000000000000001,2.495,115.10000000000001,94.33,10,740,N/A
2017,4,17,4,30,0,0,0,0,0,0,12,110.08,0.121,0.6000000000000001,2.486,113.30000000000001,93.52,10,740,N/A
2017,4,17,5,30,0,0,0,0,0,0,12,95.46000000000001,0.121,0.8,2.478,112.9,93.11,10,740,N/A
2017,4,17,6,30,37,0,37,33,570,124,13,80.75,0.121,1.3,2.475,115.7,91.39,11,740,N/A
2017,4,17,7,30,142,14,148,52,824,387,14,66.02,0.121,1.7000000000000002,2.477,119.2,88.43,12,740,N/A
2017,4,17,8,30,305,102,369,62,922,640,14,51.28,0.121,1.8,2.482,122.4,78.12,13,740,N/A
2017,4,17,9,30,416,96,493,69,973,850,13,36.59,0.121,1.9000000000000001,2.49,124.5,71.59,14,740,N/A
2017,4,17,10,30,431,40,468,73,998,999,13,22.080000000000002,0.121,2.2,2.501,124.7,70.66,15,740,N/A
2017,4,17,11,30,465,40,505,75,1010,1073,13,8.82,0.121,2.3000000000000003,2.515,124.10000000000001,66.37,16,740,N/A
2017,4,17,12,30,452,36,489,74,1010,1067,13,10.46,0.121,2.3000000000000003,2.531,123,66.75,16,740,N/A
2017,4,17,13,30,459,60,514,72,996,981,13,24.13,0.121,2.2,2.548,121.5,71.28,15,740,N/A
2017,4,17,14,30,376,60,423,68,966,822,13,38.68,0.121,2,2.565,120.4,71.61,14,740,N/A
2017,4,17,15,30,212,549,540,60,912,605,13,53.38,0.121,1.9000000000000001,2.575,119.30000000000001,76.87,14,740,N/A
2017,4,17,16,30,139,364,275,50,799,348,14,68.12,0.121,1.5,2.575,118.5,83.12,13,740,N/A
2017,4,17,17,30,40,250,71,28,501,91,14,82.84,0.121,1,2.559,117.2,90.82000000000001,12,740,N/A
2017,4,17,18,30,0,0,0,0,0,0,14,97.52,0.121,0.7000000000000001,2.533,115.30000000000001,98.27,11,740,N/A
2017,4,17,19,30,0,0,0,0,0,0,14,112.12,0.121,0.7000000000000001,2.5060000000000002,112.7,96,10,740,N/A
2017,4,17,20,30,0,0,0,0,0,0,13,126.54,0.121,0.6000000000000001,2.482,108.9,99.99000000000001,10,740,N/A
2017,4,17,21,30,0,0,0,0,0,0,13,140.59,0.121,0.6000000000000001,2.456,102.10000000000001,97.91,10,740,N/A
2017,4,17,22,30,0,0,0,0,0,0,13,153.66,0.121,0.5,2.424,93.7,95.65,9,740,N/A
2017,4,17,23,30,0,0,0,0,0,0,12,163.24,0.121,0.4,2.383,83.7,99.59,9,740,N/A
2017,4,18,0,30,0,0,0,0,0,0,12,162.28,0.121,0.30000000000000004,2.338,71.7,96.92,9,740,N/A
2017,4,18,1,30,0,0,0,0,0,0,12,151.84,0.121,0.30000000000000004,2.291,59.900000000000006,94.62,8,740,N/A
2017,4,18,2,30,0,0,0,0,0,0,11,138.55,0.121,0.30000000000000004,2.246,44.1,98.78,8,740,N/A
2017,4,18,3,30,0,0,0,0,0,0,11,124.43,0.121,0.30000000000000004,2.205,33.9,96.10000000000001,8,740,N/A
2017,4,18,4,30,0,0,0,0,0,0,10,109.98,0.121,0.4,2.174,38.7,93.36,8,740,N/A
2017,4,18,5,30,0,0,0,0,0,0,10,95.37,0.121,0.6000000000000001,2.157,54.1,85.35000000000001,8,740,N/A
2017,4,18,6,30,57,216,92,31,597,128,11,80.68,0.121,1.1,2.158,82.7,80.33,10,740,N/A
2017,4,18,7,30,133,499,336,50,840,392,12,65.96000000000001,0.121,1.7000000000000002,2.174,98.60000000000001,74.91,13,740,N/A
2017,4,18,8,30,60,934,645,60,934,645,12,51.24,0.121,1.9000000000000001,2.2,102.60000000000001,65.76,15,740,N/A
2017,4,18,9,30,333,30,357,67,981,855,12,36.58,0.121,1.9000000000000001,2.235,104.30000000000001,62.47,16,740,N/A
2017,4,18,10,30,459,54,510,86,985,999,13,22.12,0.121,1.9000000000000001,2.2840000000000003,103.4,60.78,17,740,N/A
2017,4,18,11,30,139,10,149,91,993,1072,13,9.02,0.121,1.8,2.339,101.4,59.04,18,740,N/A
2017,4,18,12,30,443,34,478,92,989,1064,13,10.700000000000001,0.121,1.7000000000000002,2.3970000000000002,101.2,60.19,17,740,N/A
2017,4,18,13,30,484,88,564,120,926,965,14,24.26,0.121,1.6,2.457,103.4,65.42,17,740,N/A
2017,4,18,14,30,402,99,480,114,885,804,14,38.77,0.121,1.5,2.516,105.60000000000001,70.78,16,740,N/A
2017,4,18,15,30,232,465,509,101,811,584,14,53.45,0.121,1.3,2.564,108.30000000000001,76.42,15,740,N/A
2017,4,18,16,30,6,0,6,84,657,328,15,68.17,0.121,1.2000000000000002,2.593,111.4,82.95,14,740,N/A
2017,4,18,17,30,1,0,1,42,306,80,15,82.87,0.121,0.8,2.601,114.60000000000001,90.42,12,740,N/A
2017,4,18,18,30,0,0,0,0,0,0,15,97.54,0.121,0.6000000000000001,2.591,117,97.93,12,740,N/A
2017,4,18,19,30,0,0,0,0,0,0,15,112.11,0.121,0.6000000000000001,2.561,118.2,96.04,12,740,N/A
2017,4,18,20,30,0,0,0,0,0,0,15,126.51,0.121,0.8,2.517,117.10000000000001,94.42,11,740,N/A
2017,4,18,21,30,0,0,0,0,0,0,14,140.51,0.121,0.8,2.474,111.80000000000001,98.36,11,740,N/A
2017,4,18,22,30,0,0,0,0,0,0,14,153.5,0.121,0.6000000000000001,2.443,109.80000000000001,95.97,11,740,N/A
2017,4,18,23,30,0,0,0,0,0,0,13,162.94,0.121,0.4,2.418,107.4,99.62,10,740,N/A
2017,4,19,0,30,0,0,0,0,0,0,13,161.95000000000002,0.121,0.2,2.39,107,96.39,10,740,N/A
2017,4,19,1,30,0,0,0,0,0,0,12,151.61,0.121,0.2,2.36,111.80000000000001,93.43,10,740,N/A
2017,4,19,2,30,0,0,0,0,0,0,12,138.38,0.121,0.2,2.341,93.7,91.18,9,740,N/A
2017,4,19,3,30,0,0,0,0,0,0,12,124.29,0.121,0.4,2.335,62.6,89.78,9,740,N/A
2017,4,19,4,30,0,0,0,0,0,0,12,109.87,0.121,0.5,2.341,59.300000000000004,94.99,9,740,N/A
2017,4,19,5,30,0,0,0,0,0,0,12,95.28,0.121,0.6000000000000001,2.342,67.10000000000001,94.13,9,740,N/A
2017,4,19,6,30,58,25,62,45,448,118,13,80.61,0.121,1.1,2.334,85.7,87.85000000000001,11,740,N/A
2017,4,19,7,30,181,121,230,74,742,377,13,65.91,0.121,1.7000000000000002,2.329,103,82.36,13,740,N/A
2017,4,19,8,30,269,42,296,90,861,629,14,51.21,0.121,2,2.334,104.30000000000001,77.48,14,740,N/A
2017,4,19,9,30,206,15,219,101,918,839,13,36.57,0.121,2.3000000000000003,2.346,104.4,66.52,15,740,N/A
2017,4,19,10,30,409,34,440,110,946,987,13,22.16,0.121,2.4000000000000004,2.367,104.5,63.230000000000004,16,740,N/A
2017,4,19,11,30,428,30,458,116,955,1059,14,9.23,0.121,2.5,2.404,105.9,64.63,17,740,N/A
2017,4,19,12,30,466,41,507,117,951,1051,14,10.950000000000001,0.121,2.4000000000000004,2.458,107.80000000000001,65.81,17,740,N/A
2017,4,19,13,30,501,234,714,117,928,962,14,24.400000000000002,0.121,2.2,2.5220000000000002,109.30000000000001,70.73,16,740,N/A
2017,4,19,14,30,361,49,400,111,886,801,14,38.86,0.121,2,2.582,109.7,75.9,15,740,N/A
2017,4,19,15,30,99,813,583,99,813,583,14,53.52,0.121,1.7000000000000002,2.626,107.7,81.67,14,740,N/A
2017,4,19,16,30,81,662,327,81,662,327,15,68.21000000000001,0.121,1.3,2.648,106.5,88.08,13,740,N/A
2017,4,19,17,30,41,312,79,41,312,79,15,82.91,0.121,0.7000000000000001,2.649,105.2,95.85000000000001,12,740,N/A
2017,4,19,18,30,0,0,0,0,0,0,15,97.55,0.121,0.30000000000000004,2.642,107.10000000000001,97,12,740,N/A
2017,4,19,19,30,0,0,0,0,0,0,15,112.11,0.121,0.2,2.633,102.30000000000001,95.73,11,740,N/A
2017,4,19,20,30,0,0,0,0,0,0,15,126.47,0.121,0.1,2.619,77.60000000000001,94.44,11,740,N/A
2017,4,19,21,30,0,0,0,0,0,0,14,140.43,0.121,0.1,2.599,22.3,93.26,11,740,N/A
2017,4,19,22,30,0,0,0,0,0,0,14,153.34,0.121,0.2,2.575,359.8,97.83,11,740,N/A
2017,4,19,23,30,0,0,0,0,0,0,14,162.64000000000001,0.121,0.30000000000000004,2.552,32.6,96.02,11,740,N/A
2017,4,20,0,30,0,0,0,0,0,0,14,161.63,0.121,0.2,2.5300000000000002,65.3,94.35000000000001,10,740,N/A
2017,4,20,1,30,0,0,0,0,0,0,13,151.38,0.121,0.2,2.5100000000000002,106,92.85000000000001,10,740,N/A
2017,4,20,2,30,0,0,0,0,0,0,13,138.21,0.121,0.2,2.487,181.3,97.79,10,740,N/A
2017,4,20,3,30,0,0,0,0,0,0,13,124.16,0.121,0.30000000000000004,2.466,204.10000000000002,96.61,10,740,N/A
2017,4,20,4,30,0,0,0,0,0,0,13,109.76,0.121,0.2,2.45,202.20000000000002,95.22,10,740,N/A
2017,4,20,5,30,0,0,0,0,0,0,13,95.19,0.121,0.2,2.439,177.4,93.76,10,740,N/A
2017,4,20,6,30,44,455,119,44,455,119,13,80.54,0.121,0.5,2.432,155.4,88.98,10,740,N/A
2017,4,20,7,30,178,91,215,73,743,377,13,65.86,0.121,1,2.4290000000000003,131,85.34,12,740,N/A
2017,4,20,8,30,250,30,269,88,862,629,13,51.18,0.121,1.2000000000000002,2.432,127.7,79.73,13,740,N/A
2017,4,20,9,30,98,0,98,97,923,839,13,36.56,0.121,1.4000000000000001,2.441,128.3,75.13,14,740,N/A
2017,4,20,10,30,147,11,158,108,947,985,13,22.21,0.121,1.4000000000000001,2.454,128.9,72.17,15,740,N/A
2017,4,20,11,30,208,18,226,111,960,1058,14,9.450000000000001,0.121,1.3,2.473,130.6,68.84,16,740,N/A
2017,4,20,12,30,218,18,236,111,958,1051,14,11.21,0.121,1.2000000000000002,2.504,135.20000000000002,69.78,16,740,N/A
2017,4,20,13,30,186,15,200,113,932,962,14,24.53,0.121,1,2.5500000000000003,142.70000000000002,70.83,15,740,N/A
2017,4,20,14,30,60,0,60,108,891,801,14,38.96,0.121,0.9,2.602,150.1,76.34,14,740,N/A
2017,4,20,15,30,142,6,146,95,823,583,14,53.58,0.121,0.9,2.649,156,82.01,13,740,N/A
2017,4,20,16,30,79,0,79,76,684,329,15,68.26,0.121,0.8,2.6870000000000003,159.60000000000002,88.8,12,740,N/A
2017,4,20,17,30,19,0,19,37,359,81,15,82.94,0.121,0.6000000000000001,2.714,161.9,96.72,12,740,N/A
2017,4,20,18,30,0,0,0,0,0,0,15,97.57000000000001,0.121,0.4,2.728,154.20000000000002,97.45,12,740,N/A
2017,4,20,19,30,0,0,0,0,0,0,15,112.10000000000001,0.121,0.4,2.733,148.8,96.85000000000001,11,740,N/A
2017,4,20,20,30,0,0,0,0,0,0,15,126.43,0.121,0.5,2.73,146.70000000000002,95.92,11,740,N/A
2017,4,20,21,30,0,0,0,0,0,0,15,140.35,0.121,0.5,2.721,142.5,100,11,740,N/A
2017,4,20,22,30,0,0,0,0,0,0,14,153.18,0.121,0.5,2.706,140.9,99.96000000000001,11,740,N/A
2017,4,20,23,30,0,0,0,0,0,0,14,162.34,0.121,0.5,2.685,138,98.60000000000001,11,740,N/A
2017,4,21,0,30,0,0,0,0,0,0,14,161.3,0.121,0.4,2.6590000000000003,136.1,96.72,10,740,N/A
2017,4,21,1,30,0,0,0,0,0,0,14,151.15,0.121,0.30000000000000004,2.626,132.8,100,10,740,N/A
2017,4,21,2,30,0,0,0,0,0,0,13,138.05,0.121,0.2,2.586,119.10000000000001,98.12,10,740,N/A
2017,4,21,3,30,0,0,0,0,0,0,13,124.03,0.121,0.1,2.536,95,95.06,9,740,N/A
2017,4,21,4,30,0,0,0,0,0,0,12,109.66,0.121,0.1,2.48,92.30000000000001,97.74000000000001,9,740,N/A
2017,4,21,5,30,0,0,0,0,0,0,12,95.11,0.121,0.1,2.428,146.1,95.86,9,740,N/A
2017,4,21,6,30,53,0,53,40,505,123,12,80.48,0.121,0.1,2.39,173.20000000000002,91.49,9,740,N/A
2017,4,21,7,30,180,208,265,65,774,382,12,65.81,0.121,0.1,2.369,170,91.75,10,740,N/A
2017,4,21,8,30,313,167,417,83,875,632,12,51.15,0.121,0.2,2.359,12.9,85.74,11,740,N/A
2017,4,21,9,30,421,113,513,96,926,840,12,36.56,0.121,0.2,2.357,358.40000000000003,79.05,12,740,N/A
2017,4,21,10,30,404,33,435,108,948,986,12,22.26,0.121,0.2,2.365,335,73.82000000000001,13,740,N/A
2017,4,21,11,30,247,29,276,120,949,1056,12,9.68,0.121,0.30000000000000004,2.379,238.8,70.17,14,740,N/A
2017,4,21,12,30,504,62,566,125,940,1047,12,11.46,0.121,0.5,2.394,206.20000000000002,67.15,14,740,N/A
2017,4,21,13,30,484,93,569,180,832,937,12,24.67,0.121,0.6000000000000001,2.412,198.60000000000002,68.03,14,740,N/A
2017,4,21,14,30,384,72,440,173,776,776,13,39.050000000000004,0.121,0.6000000000000001,2.427,199.70000000000002,73.02,14,740,N/A
2017,4,21,15,30,254,395,488,150,694,561,13,53.65,0.121,0.5,2.436,206.5,73.59,13,740,N/A
2017,4,21,16,30,52,0,52,111,546,313,13,68.31,0.121,0.30000000000000004,2.435,207.60000000000002,79.81,12,740,N/A
2017,4,21,17,30,12,0,12,48,216,74,14,82.97,0.121,0.1,2.424,193.8,88.16,12,740,N/A
2017,4,21,18,30,0,0,0,0,0,0,13,97.58,0.121,0.1,2.403,113.4,86.7,11,740,N/A
2017,4,21,19,30,0,0,0,0,0,0,13,112.09,0.121,0.2,2.376,46.300000000000004,90.38,11,740,N/A
2017,4,21,20,30,0,0,0,0,0,0,13,126.39,0.121,0.2,2.349,64.10000000000001,88.59,10,740,N/A
2017,4,21,21,30,0,0,0,0,0,0,12,140.27,0.121,0.2,2.324,80.4,92.88,10,740,N/A
2017,4,21,22,30,0,0,0,0,0,0,12,153.01,0.121,0.1,2.2960000000000003,92.80000000000001,91.36,10,740,N/A
2017,4,21,23,30,0,0,0,0,0,0,12,162.04,0.121,0.1,2.271,126.80000000000001,89.76,10,740,N/A
2017,4,22,0,30,0,0,0,0,0,0,12,160.98,0.121,0.1,2.248,134.20000000000002,88.27,9,740,N/A
2017,4,22,1,30,0,0,0,0,0,0,11,150.92000000000002,0.121,0.1,2.224,96.4,92.75,9,740,N/A
2017,4,22,2,30,0,0,0,0,0,0,11,137.88,0.121,0.2,2.202,75.4,91.4,9,740,N/A
2017,4,22,3,30,0,0,0,0,0,0,11,123.9,0.121,0.4,2.181,69.3,90.23,8,740,N/A
2017,4,22,4,30,0,0,0,0,0,0,11,109.56,0.121,0.5,2.1590000000000003,68,95.05,8,740,N/A
2017,4,22,5,30,0,0,0,0,0,0,10,95.03,0.121,0.6000000000000001,2.136,64.4,87.59,8,740,N/A
2017,4,22,6,30,48,433,120,48,433,120,11,80.41,0.121,1,2.116,72.2,81.88,10,740,N/A
2017,4,22,7,30,81,724,378,81,724,378,12,65.76,0.121,1.4000000000000001,2.106,89.4,74.19,13,740,N/A
2017,4,22,8,30,99,845,629,99,845,629,12,51.13,0.121,1.6,2.107,97.7,66.59,15,740,N/A
2017,4,22,9,30,338,32,363,112,903,838,13,36.57,0.121,1.7000000000000002,2.122,107,64.75,16,740,N/A
2017,4,22,10,30,504,111,607,121,933,985,13,22.32,0.121,1.8,2.152,115.60000000000001,63.11,17,740,N/A
2017,4,22,11,30,556,210,763,132,937,1055,14,9.91,0.121,1.9000000000000001,2.189,120,60.77,17,740,N/A
2017,4,22,12,30,136,927,1045,136,927,1045,14,11.71,0.121,2,2.233,121.9,61.25,17,740,N/A
2017,4,22,13,30,212,17,228,135,903,955,14,24.810000000000002,0.121,2.1,2.283,122.30000000000001,65.82000000000001,17,740,N/A
2017,4,22,14,30,133,850,792,133,850,792,14,39.14,0.121,2.1,2.329,121.80000000000001,70.54,16,740,N/A
2017,4,22,15,30,290,165,388,120,767,574,14,53.72,0.121,2,2.364,120.5,75.55,15,740,N/A
2017,4,22,16,30,115,1,115,96,606,320,14,68.36,0.121,1.6,2.388,118.80000000000001,81.97,14,740,N/A
2017,4,22,17,30,27,0,27,45,251,76,15,82.99,0.121,1.1,2.4,115.7,90.29,13,740,N/A
2017,4,22,18,30,0,0,0,0,0,0,15,97.59,0.121,0.8,2.398,112.9,89.88,12,740,N/A
2017,4,22,19,30,0,0,0,0,0,0,14,112.07000000000001,0.117,0.8,2.383,111,93.57000000000001,12,740,N/A
2017,4,22,20,30,0,0,0,0,0,0,14,126.35000000000001,0.117,0.7000000000000001,2.353,103.9,91.33,12,740,N/A
2017,4,22,21,30,0,0,0,0,0,0,14,140.18,0.117,0.7000000000000001,2.312,97.9,96.14,11,740,N/A
2017,4,22,22,30,0,0,0,0,0,0,14,152.84,0.117,0.8,2.2720000000000002,94.80000000000001,93.95,11,740,N/A
2017,4,22,23,30,0,0,0,0,0,0,13,161.74,0.117,0.7000000000000001,2.246,94,91.76,10,740,N/A
2017,4,23,0,30,0,0,0,0,0,0,13,160.67000000000002,0.117,0.6000000000000001,2.234,93.30000000000001,96.22,10,740,N/A
2017,4,23,1,30,0,0,0,0,0,0,13,150.69,0.117,0.4,2.227,88.60000000000001,93.93,10,740,N/A
2017,4,23,2,30,0,0,0,0,0,0,12,137.71,0.117,0.30000000000000004,2.216,75,92.41,9,740,N/A
2017,4,23,3,30,0,0,0,0,0,0,12,123.78,0.117,0.30000000000000004,2.195,58.2,90.18,9,740,N/A
2017,4,23,4,30,0,0,0,0,0,0,12,109.45,0.117,0.30000000000000004,2.168,44.5,93.85000000000001,9,740,N/A
2017,4,23,5,30,0,0,0,0,0,0,11,94.95,0.117,0.6000000000000001,2.1390000000000002,47.5,91.41,9,740,N/A
2017,4,23,6,30,57,1,57,53,399,119,12,80.35000000000001,0.117,1.1,2.11,80.7,83.11,11,740,N/A
2017,4,23,7,30,179,224,271,86,708,377,12,65.72,0.117,1.7000000000000002,2.086,103.5,73.02,12,740,N/A
2017,4,23,8,30,312,152,408,100,844,630,11,51.1,0.117,2.1,2.068,114,67.74,14,740,N/A
2017,4,23,9,30,414,94,490,107,914,841,12,36.58,0.117,2.4000000000000004,2.066,118.7,66.04,15,740,N/A
2017,4,23,10,30,421,38,456,137,909,979,13,22.39,0.117,2.6,2.088,120.7,64.66,16,740,N/A
2017,4,23,11,30,137,929,1052,137,929,1052,13,10.14,0.117,2.6,2.125,121.4,62.63,17,740,N/A
2017,4,23,12,30,550,217,763,134,931,1045,13,11.97,0.117,2.4000000000000004,2.1710000000000003,122.2,60.08,17,740,N/A
2017,4,23,13,30,498,225,702,113,937,963,14,24.95,0.117,2.3000000000000003,2.227,122.7,64.6,17,740,N/A
2017,4,23,14,30,104,903,803,104,903,803,14,39.24,0.117,2,2.2880000000000003,122.60000000000001,65,16,740,N/A
2017,4,23,15,30,90,838,586,90,838,586,14,53.78,0.117,1.7000000000000002,2.344,122.4,69.71000000000001,15,740,N/A
2017,4,23,16,30,72,701,331,72,701,331,14,68.4,0.117,1.2000000000000002,2.386,122.80000000000001,75.93,14,740,N/A
2017,4,23,17,30,37,356,81,37,356,81,15,83.02,0.117,0.7000000000000001,2.4130000000000003,120.30000000000001,89.52,13,740,N/A
2017,4,23,18,30,0,0,0,0,0,0,15,97.59,0.117,0.5,2.431,116.80000000000001,90.17,12,740,N/A
2017,4,23,19,30,0,0,0,0,0,0,15,112.06,0.117,0.5,2.438,117.80000000000001,94.64,12,740,N/A
2017,4,23,20,30,0,0,0,0,0,0,14,126.3,0.117,0.6000000000000001,2.43,118.30000000000001,93.18,12,740,N/A
2017,4,23,21,30,0,0,0,0,0,0,14,140.09,0.117,0.6000000000000001,2.404,118.9,91.42,11,740,N/A
2017,4,23,22,30,0,0,0,0,0,0,14,152.67000000000002,0.117,0.7000000000000001,2.361,117.9,95.52,11,740,N/A
2017,4,23,23,30,0,0,0,0,0,0,13,161.45000000000002,0.117,0.8,2.32,116.10000000000001,93.39,10,740,N/A
2017,4,24,0,30,0,0,0,0,0,0,13,160.35,0.117,0.7000000000000001,2.303,113.7,90.81,10,740,N/A
2017,4,24,1,30,0,0,0,0,0,0,13,150.47,0.117,0.5,2.312,114.4,95.18,10,740,N/A
2017,4,24,2,30,0,0,0,0,0,0,12,137.55,0.117,0.30000000000000004,2.32,122.10000000000001,93.17,10,740,N/A
2017,4,24,3,30,0,0,0,0,0,0,12,123.65,0.117,0.30000000000000004,2.312,139.4,91.19,9,740,N/A
2017,4,24,4,30,0,0,0,0,0,0,12,109.36,0.117,0.30000000000000004,2.311,148.6,89.49,9,740,N/A
2017,4,24,5,30,0,0,0,0,0,0,12,94.87,0.117,0.4,2.326,146.5,88.04,9,740,N/A
2017,4,24,6,30,53,0,53,40,518,127,12,80.29,0.117,0.8,2.354,135.4,86.96000000000001,11,740,N/A
2017,4,24,7,30,176,75,208,65,778,385,13,65.68,0.117,1.1,2.387,138.6,85.83,12,740,N/A
2017,4,24,8,30,306,106,373,79,883,634,13,51.09,0.117,1.2000000000000002,2.415,129.5,76.33,13,740,N/A
2017,4,24,9,30,428,151,549,86,940,841,13,36.59,0.117,1.5,2.42,120.7,71.12,14,740,N/A
2017,4,24,10,30,499,102,593,90,971,988,13,22.46,0.117,1.6,2.404,125.9,71.06,15,740,N/A
2017,4,24,11,30,555,152,705,92,985,1060,13,10.38,0.117,1.5,2.4010000000000002,134,67.42,16,740,N/A
2017,4,24,12,30,550,213,759,92,982,1052,13,12.22,0.117,1.5,2.424,129.20000000000002,68.29,16,740,N/A
2017,4,24,13,30,492,272,739,91,964,964,14,25.09,0.117,1.4000000000000001,2.451,124.9,69.27,15,740,N/A
2017,4,24,14,30,390,313,632,86,929,805,14,39.33,0.117,1.4000000000000001,2.473,126.5,74.7,15,740,N/A
2017,4,24,15,30,272,310,455,76,867,588,14,53.85,0.117,1.3,2.49,126,80.43,14,740,N/A
2017,4,24,16,30,137,25,146,62,741,334,14,68.45,0.117,1.1,2.498,123,82.35000000000001,13,740,N/A
2017,4,24,17,30,36,0,36,32,422,83,15,83.05,0.117,0.7000000000000001,2.499,115.80000000000001,90.32000000000001,12,740,N/A
2017,4,24,18,30,0,0,0,0,0,0,15,97.60000000000001,0.117,0.6000000000000001,2.492,111.10000000000001,94.58,12,740,N/A
2017,4,24,19,30,0,0,0,0,0,0,14,112.04,0.117,0.6000000000000001,2.479,108.30000000000001,93.38,11,740,N/A
2017,4,24,20,30,0,0,0,0,0,0,14,126.26,0.117,0.6000000000000001,2.465,103.10000000000001,98.08,11,740,N/A
2017,4,24,21,30,0,0,0,0,0,0,14,139.99,0.117,0.5,2.449,99.2,96.01,11,740,N/A
2017,4,24,22,30,0,0,0,0,0,0,13,152.5,0.117,0.4,2.432,97.2,93.2,10,740,N/A
2017,4,24,23,30,0,0,0,0,0,0,13,161.15,0.117,0.30000000000000004,2.418,96.5,96.58,10,740,N/A
2017,4,25,0,30,0,0,0,0,0,0,13,160.04,0.117,0.30000000000000004,2.412,86.5,94,10,740,N/A
2017,4,25,1,30,0,0,0,0,0,0,12,150.25,0.117,0.30000000000000004,2.414,73.2,91.93,10,740,N/A
2017,4,25,2,30,0,0,0,0,0,0,12,137.39000000000001,0.117,0.30000000000000004,2.418,63.300000000000004,90.69,10,740,N/A
2017,4,25,3,30,0,0,0,0,0,0,12,123.53,0.117,0.30000000000000004,2.4170000000000003,55.300000000000004,89.94,10,740,N/A
2017,4,25,4,30,0,0,0,0,0,0,12,109.26,0.117,0.2,2.4130000000000003,52.7,89.12,10,740,N/A
2017,4,25,5,30,0,0,0,0,0,0,12,94.8,0.117,0.2,2.4090000000000003,55.7,87.94,10,740,N/A
2017,4,25,6,30,38,540,129,38,540,129,12,80.24,0.117,0.4,2.4130000000000003,76.2,81.39,11,740,N/A
2017,4,25,7,30,124,2,125,61,790,387,13,65.65,0.117,0.9,2.433,117.7,75.66,13,740,N/A
2017,4,25,8,30,298,80,349,74,891,635,14,51.07,0.117,1.4000000000000001,2.461,130.5,72.81,15,740,N/A
2017,4,25,9,30,378,80,443,82,945,841,14,36.61,0.117,1.7000000000000002,2.483,131.9,68.79,16,740,N/A
2017,4,25,10,30,286,20,305,99,956,982,14,22.54,0.117,1.8,2.499,131.9,66.28,16,740,N/A
2017,4,25,11,30,457,38,495,100,970,1054,14,10.620000000000001,0.117,1.8,2.523,130.6,67.53,17,740,N/A
2017,4,25,12,30,496,59,554,99,969,1046,14,12.48,0.117,1.7000000000000002,2.563,130.20000000000002,64.23,17,740,N/A
2017,4,25,13,30,104,940,955,104,940,955,15,25.23,0.117,1.6,2.618,129.1,68.69,17,740,N/A
2017,4,25,14,30,257,19,272,100,898,794,15,39.42,0.117,1.5,2.681,127.10000000000001,74.04,16,740,N/A
2017,4,25,15,30,56,0,56,91,824,577,15,53.910000000000004,0.117,1.4000000000000001,2.746,126.10000000000001,80.03,15,740,N/A
2017,4,25,16,30,76,672,323,76,672,323,15,68.49,0.117,1.2000000000000002,2.81,128.8,87.28,14,740,N/A
2017,4,25,17,30,38,330,78,38,330,78,16,83.07000000000001,0.117,1,2.862,135.5,95.31,13,740,N/A
2017,4,25,18,30,0,0,0,0,0,0,16,97.60000000000001,0.117,0.9,2.894,137.3,96.87,13,740,N/A
2017,4,25,19,30,0,0,0,0,0,0,16,112.02,0.117,1.2000000000000002,2.9050000000000002,128.70000000000002,95.58,12,740,N/A
2017,4,25,20,30,0,0,0,0,0,0,16,126.2,0.117,1.3,2.8930000000000002,117.9,100,12,740,N/A
2017,4,25,21,30,0,0,0,0,0,0,15,139.9,0.117,1.2000000000000002,2.849,108.30000000000001,97.96000000000001,11,740,N/A
2017,4,25,22,30,0,0,0,0,0,0,15,152.33,0.117,0.9,2.7640000000000002,97.80000000000001,100,11,740,N/A
2017,4,25,23,30,0,0,0,0,0,0,14,160.86,0.117,0.6000000000000001,2.6590000000000003,86.9,100,10,740,N/A
2017,4,26,0,30,0,0,0,0,0,0,13,159.74,0.117,0.30000000000000004,2.567,89.60000000000001,96.59,9,740,N/A
2017,4,26,1,30,0,0,0,0,0,0,12,150.03,0.117,0.2,2.5,97.9,99.02,9,740,N/A
2017,4,26,2,30,0,0,0,0,0,0,12,137.23,0.117,0.4,2.46,94.60000000000001,95.78,9,740,N/A
2017,4,26,3,30,0,0,0,0,0,0,12,123.41,0.117,0.5,2.434,85.7,94.81,9,740,N/A
2017,4,26,4,30,0,0,0,0,0,0,12,109.17,0.117,0.5,2.404,73.9,93.91,9,740,N/A
2017,4,26,5,30,0,0,0,0,0,0,11,94.72,0.117,0.5,2.362,71.3,93.09,9,740,N/A
2017,4,26,6,30,56,0,56,40,527,130,12,80.19,0.117,0.9,2.308,87.5,89.14,9,740,N/A
2017,4,26,7,30,127,4,129,66,778,387,12,65.61,0.117,1.6,2.2520000000000002,93.5,86.23,10,740,N/A
2017,4,26,8,30,221,19,233,80,884,636,12,51.06,0.117,2.1,2.199,92.4,77.22,12,740,N/A
2017,4,26,9,30,264,24,284,85,948,846,12,36.63,0.117,2.5,2.1550000000000002,93.80000000000001,67.24,14,740,N/A
2017,4,26,10,30,472,67,534,88,979,992,12,22.62,0.117,2.9000000000000004,2.119,94.7,62.300000000000004,15,740,N/A
2017,4,26,11,30,295,20,315,86,997,1066,12,10.870000000000001,0.117,3.1,2.088,95.5,58.5,16,740,N/A
2017,4,26,12,30,294,20,314,84,1000,1059,12,12.73,0.117,3.1,2.061,94.60000000000001,55.49,17,740,N/A
2017,4,26,13,30,81,986,972,81,986,972,12,25.36,0.117,3,2.037,93,55.68,17,740,N/A
2017,4,26,14,30,76,956,814,76,956,814,12,39.51,0.117,2.8000000000000003,2.027,91.80000000000001,59.300000000000004,17,740,N/A
2017,4,26,15,30,68,898,596,68,898,596,12,53.97,0.117,2.4000000000000004,2.028,91.10000000000001,63.96,16,740,N/A
2017,4,26,16,30,55,780,340,55,780,340,13,68.53,0.117,1.7000000000000002,2.032,89.2,70.03,15,740,N/A
2017,4,26,17,30,30,462,85,30,462,85,14,83.09,0.117,0.8,2.021,87.2,82.88,13,740,N/A
2017,4,26,18,30,0,0,0,0,0,0,13,97.60000000000001,0.117,0.4,1.995,69.4,90.97,11,740,N/A
2017,4,26,19,30,0,0,0,0,0,0,13,112,0.117,0.30000000000000004,1.959,51,88.43,10,740,N/A
2017,4,26,20,30,0,0,0,0,0,0,12,126.15,0.117,0.30000000000000004,1.927,44.6,92.11,10,740,N/A
2017,4,26,21,30,0,0,0,0,0,0,12,139.8,0.117,0.30000000000000004,1.891,49.1,95.58,9,740,N/A
2017,4,26,22,30,0,0,0,0,0,0,11,152.15,0.117,0.4,1.838,58.400000000000006,93.25,8,740,N/A
2017,4,26,23,30,0,0,0,0,0,0,11,160.57,0.117,0.5,1.776,63.800000000000004,96.63,8,740,N/A
2017,4,27,0,30,0,0,0,0,0,0,11,159.43,0.117,0.6000000000000001,1.718,69.3,94.69,8,740,N/A
2017,4,27,1,30,0,0,0,0,0,0,10,149.81,0.117,0.6000000000000001,1.668,73.5,93.36,7,740,N/A
2017,4,27,2,30,0,0,0,0,0,0,10,137.07,0.117,0.7000000000000001,1.625,71.9,92.27,7,740,N/A
2017,4,27,3,30,0,0,0,0,0,0,10,123.29,0.117,0.6000000000000001,1.602,66.4,91.62,7,740,N/A
2017,4,27,4,30,0,0,0,0,0,0,10,109.07000000000001,0.117,0.5,1.613,56.5,96.76,7,740,N/A
2017,4,27,5,30,0,0,0,0,0,0,10,94.65,0.117,0.6000000000000001,1.6500000000000001,45.7,89.19,7,740,N/A
2017,4,27,6,30,38,560,134,38,560,134,11,80.13,0.117,0.9,1.702,63.7,84.56,9,740,N/A
2017,4,27,7,30,61,808,395,61,808,395,12,65.58,0.117,1.4000000000000001,1.762,83.30000000000001,75.09,12,740,N/A
2017,4,27,8,30,74,906,644,74,906,644,12,51.050000000000004,0.117,1.8,1.827,94.30000000000001,66.25,15,740,N/A
2017,4,27,9,30,84,955,851,84,955,851,12,36.65,0.117,1.9000000000000001,1.883,99.4,58.89,16,740,N/A
2017,4,27,10,30,100,966,991,100,966,991,13,22.7,0.117,2.1,1.923,103.10000000000001,57.89,17,740,N/A
2017,4,27,11,30,104,976,1062,104,976,1062,13,11.11,0.117,2.2,1.961,104.9,59.81,18,740,N/A
2017,4,27,12,30,103,974,1053,103,974,1053,14,12.98,0.117,2.2,2.007,106.60000000000001,57.29,18,740,N/A
2017,4,27,13,30,107,946,961,107,946,961,14,25.5,0.117,2.1,2.058,108,61.7,18,740,N/A
2017,4,27,14,30,101,907,800,101,907,800,14,39.6,0.117,2,2.114,109.2,65.96000000000001,17,740,N/A
2017,4,27,15,30,280,101,340,90,836,582,14,54.04,0.117,1.8,2.179,111,70.66,16,740,N/A
2017,4,27,16,30,13,0,13,75,687,326,14,68.57000000000001,0.117,1.4000000000000001,2.248,112.60000000000001,77.23,15,740,N/A
2017,4,27,17,30,3,0,3,38,333,78,15,83.11,0.117,1,2.316,115.2,86.16,13,740,N/A
2017,4,27,18,30,0,0,0,0,0,0,15,97.60000000000001,0.117,0.8,2.38,119.10000000000001,93.54,13,740,N/A
2017,4,27,19,30,0,0,0,0,0,0,15,111.97,0.117,0.8,2.428,129.4,91.73,12,740,N/A
2017,4,27,20,30,0,0,0,0,0,0,15,126.10000000000001,0.117,0.8,2.449,138.20000000000002,95.96000000000001,12,740,N/A
2017,4,27,21,30,0,0,0,0,0,0,15,139.70000000000002,0.117,0.8,2.455,138.20000000000002,93.91,11,740,N/A
2017,4,27,22,30,0,0,0,0,0,0,14,151.98,0.117,0.8,2.458,138.6,97.21000000000001,11,740,N/A
2017,4,27,23,30,0,0,0,0,0,0,14,160.28,0.117,0.8,2.458,131.5,93.84,10,740,N/A
2017,4,28,0,30,0,0,0,0,0,0,13,159.13,0.117,1,2.431,119.2,97.86,10,740,N/A
2017,4,28,1,30,0,0,0,0,0,0,13,149.59,0.117,1,2.373,114.5,95.69,10,740,N/A
2017,4,28,2,30,0,0,0,0,0,0,13,136.91,0.117,0.9,2.316,120.2,94.06,9,740,N/A
2017,4,28,3,30,0,0,0,0,0,0,12,123.17,0.117,0.8,2.2760000000000002,129.1,93.22,9,740,N/A
2017,4,28,4,30,0,0,0,0,0,0,12,108.98,0.117,0.8,2.245,134.5,92.85000000000001,9,740,N/A
2017,4,28,5,30,0,0,0,0,0,0,12,94.59,0.117,0.9,2.223,136.70000000000002,92.15,9,740,N/A
2017,4,28,6,30,39,534,131,39,534,131,13,80.09,0.117,1.4000000000000001,2.21,133.1,89.76,10,740,N/A
2017,4,28,7,30,157,27,169,61,791,389,13,65.55,0.117,2,2.198,127.7,87.09,12,740,N/A
2017,4,28,8,30,153,8,158,73,897,638,14,51.050000000000004,0.117,2.7,2.176,120.80000000000001,78.61,14,740,N/A
2017,4,28,9,30,148,10,157,81,951,844,13,36.68,0.117,3.2,2.17,115.4,72.64,15,740,N/A
2017,4,28,10,30,299,20,318,91,971,987,13,22.79,0.117,3.4000000000000004,2.199,114.4,68.25,16,740,N/A
2017,4,28,11,30,243,19,262,92,984,1057,14,11.36,0.117,3.4000000000000004,2.243,115,64.77,17,740,N/A
2017,4,28,12,30,511,316,819,91,982,1048,14,13.23,0.117,3.2,2.293,114.4,61.160000000000004,17,740,N/A
2017,4,28,13,30,115,926,950,115,926,950,14,25.64,0.117,3,2.349,114.2,65.3,17,740,N/A
2017,4,28,14,30,361,54,403,107,887,790,14,39.69,0.117,2.8000000000000003,2.404,114.5,65.3,16,740,N/A
2017,4,28,15,30,236,37,258,94,818,574,14,54.1,0.117,2.7,2.449,114.9,69.37,15,740,N/A
2017,4,28,16,30,74,682,323,74,682,323,14,68.61,0.117,2.3000000000000003,2.48,115.4,75.10000000000001,14,740,N/A
2017,4,28,17,30,37,343,78,37,343,78,15,83.13,0.117,1.6,2.493,115.30000000000001,88.2,13,740,N/A
2017,4,28,18,30,0,0,0,0,0,0,15,97.60000000000001,0.117,1.2000000000000002,2.5,113.80000000000001,93.91,12,740,N/A
2017,4,28,19,30,0,0,0,0,0,0,14,111.95,0.117,1.1,2.508,109.2,91.14,11,740,N/A
2017,4,28,20,30,0,0,0,0,0,0,14,126.04,0.117,1.1,2.505,107.4,94.88,11,740,N/A
2017,4,28,21,30,0,0,0,0,0,0,13,139.59,0.117,1.2000000000000002,2.481,108.9,92.84,10,740,N/A
2017,4,28,22,30,0,0,0,0,0,0,13,151.8,0.117,1.2000000000000002,2.444,110.4,90.78,10,740,N/A
2017,4,28,23,30,0,0,0,0,0,0,13,159.99,0.117,1.2000000000000002,2.4130000000000003,110.80000000000001,94.54,10,740,N/A
2017,4,29,0,30,0,0,0,0,0,0,12,158.84,0.117,1.3,2.396,109.10000000000001,92.92,10,740,N/A
2017,4,29,1,30,0,0,0,0,0,0,12,149.38,0.117,1.2000000000000002,2.386,108.10000000000001,91.76,10,740,N/A
2017,4,29,2,30,0,0,0,0,0,0,12,136.76,0.117,1.2000000000000002,2.382,106.60000000000001,90.68,9,740,N/A
2017,4,29,3,30,0,0,0,0,0,0,12,123.05,0.117,1.1,2.384,102.7,89.97,9,740,N/A
2017,4,29,4,30,0,0,0,0,0,0,12,108.89,0.117,0.9,2.386,96.80000000000001,89.62,9,740,N/A
2017,4,29,5,30,0,0,0,0,0,0,12,94.52,0.117,0.9,2.3810000000000002,91.4,88.82000000000001,9,740,N/A
2017,4,29,6,30,40,0,40,36,565,134,13,80.04,0.117,1.4000000000000001,2.375,96.9,88,11,740,N/A
2017,4,29,7,30,148,18,156,56,811,392,13,65.53,0.117,1.9000000000000001,2.38,100.5,80.74,13,740,N/A
2017,4,29,8,30,297,80,347,66,909,638,13,51.050000000000004,0.117,2.2,2.403,101.10000000000001,74.69,14,740,N/A
2017,4,29,9,30,345,35,373,74,957,842,13,36.71,0.117,2.4000000000000004,2.442,101.2,70.01,15,740,N/A
2017,4,29,10,30,247,18,264,92,964,980,13,22.88,0.117,2.5,2.477,101.7,66.5,16,740,N/A
2017,4,29,11,30,424,31,455,93,977,1051,13,11.61,0.117,2.6,2.5,102.30000000000001,66.97,16,740,N/A
2017,4,29,12,30,434,34,468,90,979,1043,13,13.48,0.117,2.6,2.513,103.10000000000001,67.45,16,740,N/A
2017,4,29,13,30,483,105,579,97,949,952,13,25.78,0.117,2.5,2.524,104.10000000000001,67.93,16,740,N/A
2017,4,29,14,30,188,13,198,89,917,795,13,39.78,0.117,2.4000000000000004,2.536,104.60000000000001,68.34,15,740,N/A
2017,4,29,15,30,172,10,178,78,856,580,14,54.160000000000004,0.117,2.2,2.545,103.4,73.18,14,740,N/A
2017,4,29,16,30,156,118,199,63,730,329,14,68.64,0.117,1.7000000000000002,2.5460000000000003,101.60000000000001,79.5,13,740,N/A
2017,4,29,17,30,42,55,49,33,397,81,14,83.14,0.117,1.1,2.549,100.2,86.55,12,740,N/A
2017,4,29,18,30,0,0,0,0,0,0,14,97.60000000000001,0.117,0.7000000000000001,2.556,95.60000000000001,92.57000000000001,11,740,N/A
2017,4,29,19,30,0,0,0,0,0,0,14,111.92,0.117,0.7000000000000001,2.547,91.80000000000001,97.25,11,740,N/A
2017,4,29,20,30,0,0,0,0,0,0,14,125.98,0.117,0.7000000000000001,2.508,94.2,95.57000000000001,10,740,N/A
2017,4,29,21,30,0,0,0,0,0,0,13,139.49,0.117,0.7000000000000001,2.447,100.2,99.61,10,740,N/A
2017,4,29,22,30,0,0,0,0,0,0,13,151.62,0.117,0.8,2.383,103.7,96.21000000000001,10,740,N/A
2017,4,29,23,30,0,0,0,0,0,0,12,159.71,0.117,0.7000000000000001,2.344,105.60000000000001,93.64,9,740,N/A
2017,4,30,0,30,0,0,0,0,0,0,12,158.55,0.117,0.4,2.327,111.9,97.96000000000001,9,740,N/A
2017,4,30,1,30,0,0,0,0,0,0,12,149.17000000000002,0.117,0.2,2.312,115.2,96.31,9,740,N/A
2017,4,30,2,30,0,0,0,0,0,0,12,136.61,0.117,0.2,2.2960000000000003,109.60000000000001,94.39,8,740,N/A
2017,4,30,3,30,0,0,0,0,0,0,11,122.94,0.117,0.30000000000000004,2.289,78.30000000000001,98.38,8,740,N/A
2017,4,30,4,30,0,0,0,0,0,0,11,108.81,0.117,0.4,2.29,68.3,96.12,8,740,N/A
2017,4,30,5,30,0,0,0,0,0,0,11,94.46000000000001,0.117,0.6000000000000001,2.2880000000000003,81.2,88.59,8,740,N/A
2017,4,30,6,30,50,0,50,41,525,132,12,80,0.117,1.2000000000000002,2.283,93.60000000000001,83.66,10,740,N/A
2017,4,30,7,30,165,39,181,64,781,388,13,65.51,0.117,1.9000000000000001,2.282,106.4,78.43,13,740,N/A
2017,4,30,8,30,253,31,273,77,886,634,13,51.050000000000004,0.117,2.2,2.311,110.4,68.83,14,740,N/A
2017,4,30,9,30,345,35,373,86,937,837,13,36.75,0.117,2.2,2.365,110.9,65.29,15,740,N/A
2017,4,30,10,30,470,67,532,92,963,979,13,22.98,0.117,2.2,2.418,111.7,62.68,16,740,N/A
2017,4,30,11,30,523,83,604,96,973,1048,13,11.86,0.117,2.3000000000000003,2.47,113.7,63.79,17,740,N/A
2017,4,30,12,30,307,20,327,97,967,1038,14,13.73,0.117,2.2,2.527,114.80000000000001,64.71000000000001,16,740,N/A
2017,4,30,13,30,381,31,409,99,943,948,14,25.92,0.117,2.1,2.578,114.9,69.69,16,740,N/A
2017,4,30,14,30,252,18,266,96,901,788,14,39.87,0.117,2,2.617,116.7,74.79,15,740,N/A
2017,4,30,15,30,219,23,232,88,828,572,14,54.21,0.117,1.9000000000000001,2.6470000000000002,119.9,80.02,14,740,N/A
2017,4,30,16,30,147,56,168,73,680,321,14,68.68,0.117,1.6,2.6710000000000003,124.60000000000001,86.65,13,740,N/A
2017,4,30,17,30,39,2,40,38,317,76,15,83.16,0.117,1.1,2.6870000000000003,130.3,94.55,12,740,N/A
2017,4,30,18,30,0,0,0,0,0,0,15,97.59,0.117,0.8,2.697,134.8,96.71000000000001,12,740,N/A
2017,4,30,19,30,0,0,0,0,0,0,15,111.89,0.116,1,2.704,139.5,96.26,12,740,N/A
2017,4,30,20,30,0,0,0,0,0,0,15,125.92,0.116,1.1,2.706,143.1,94.45,11,740,N/A
2017,4,30,21,30,0,0,0,0,0,0,14,139.38,0.116,1.2000000000000002,2.704,142.1,99.66,11,740,N/A
2017,4,30,22,30,0,0,0,0,0,0,14,151.44,0.116,1.2000000000000002,2.702,134.9,98.21000000000001,11,740,N/A
2017,4,30,23,30,0,0,0,0,0,0,14,159.42000000000002,0.116,1.3,2.685,124.80000000000001,96.23,10,740,N/A
2017,5,1,0,30,0,0,0,0,0,0,13,158.26,0.116,1.1,2.644,116.80000000000001,99.57000000000001,10,740,N/A
2017,5,1,1,30,0,0,0,0,0,0,13,148.96,0.116,0.8,2.594,107.80000000000001,96.79,9,740,N/A
2017,5,1,2,30,0,0,0,0,0,0,13,136.46,0.116,0.5,2.549,92.9,94.37,9,740,N/A
2017,5,1,3,30,0,0,0,0,0,0,12,122.83,0.116,0.30000000000000004,2.515,87,93.15,9,740,N/A
2017,5,1,4,30,0,0,0,0,0,0,12,108.73,0.116,0.30000000000000004,2.489,111.30000000000001,92.41,9,740,N/A
2017,5,1,5,30,0,0,0,0,0,0,12,94.4,0.116,0.4,2.467,142.4,91.86,9,740,N/A
2017,5,1,6,30,52,0,52,47,465,128,12,79.96000000000001,0.116,0.8,2.447,140.1,93.35000000000001,10,740,N/A
2017,5,1,7,30,147,16,154,72,749,383,13,65.49,0.116,1.3,2.427,142.4,88.10000000000001,11,740,N/A
2017,5,1,8,30,243,26,260,83,870,630,13,51.050000000000004,0.116,1.7000000000000002,2.411,135.3,78.03,12,740,N/A
2017,5,1,9,30,304,24,323,88,932,835,13,36.79,0.116,2,2.399,128.8,74.24,14,740,N/A
2017,5,1,10,30,439,47,483,90,967,980,13,23.080000000000002,0.116,2.2,2.3970000000000002,120.4,70.79,15,740,N/A
2017,5,1,11,30,90,981,1050,90,981,1050,13,12.11,0.116,2.3000000000000003,2.41,117.9,67.24,16,740,N/A
2017,5,1,12,30,88,981,1041,88,981,1041,13,13.98,0.116,2.4000000000000004,2.439,119.5,63.61,17,740,N/A
2017,5,1,13,30,492,207,678,86,966,954,13,26.060000000000002,0.116,2.3000000000000003,2.472,118.9,67.76,16,740,N/A
2017,5,1,14,30,80,934,796,80,934,796,13,39.95,0.116,2,2.499,115.10000000000001,67.63,15,740,N/A
2017,5,1,15,30,71,874,581,71,874,581,13,54.27,0.116,1.8,2.52,110.4,72.59,15,740,N/A
2017,5,1,16,30,58,749,330,58,749,330,14,68.71000000000001,0.116,1.4000000000000001,2.532,108.10000000000001,79.42,14,740,N/A
2017,5,1,17,30,31,425,82,31,425,82,14,83.17,0.116,0.8,2.535,108.80000000000001,86.60000000000001,12,740,N/A
2017,5,1,18,30,0,0,0,0,0,0,14,97.58,0.116,0.6000000000000001,2.532,109.10000000000001,93,11,740,N/A
2017,5,1,19,30,0,0,0,0,0,0,14,111.86,0.116,0.5,2.519,107.4,98.56,11,740,N/A
2017,5,1,20,30,0,0,0,0,0,0,14,125.86,0.116,0.5,2.49,103.80000000000001,96.58,10,740,N/A
2017,5,1,21,30,0,0,0,0,0,0,14,139.27,0.116,0.5,2.447,102.4,100,10,740,N/A
2017,5,1,22,30,0,0,0,0,0,0,13,151.25,0.116,0.4,2.3970000000000002,98.5,96.7,9,740,N/A
2017,5,1,23,30,0,0,0,0,0,0,12,159.15,0.116,0.4,2.357,86.9,99.2,9,740,N/A
2017,5,2,0,30,0,0,0,0,0,0,12,157.98,0.116,0.4,2.333,72.10000000000001,95.60000000000001,9,740,N/A
2017,5,2,1,30,0,0,0,0,0,0,11,148.75,0.116,0.4,2.341,53.1,92.84,9,740,N/A
2017,5,2,2,30,0,0,0,0,0,0,11,136.31,0.116,0.4,2.372,54.1,91.01,9,740,N/A
2017,5,2,3,30,0,0,0,0,0,0,11,122.72,0.116,0.5,2.392,108.5,90.45,8,740,N/A
2017,5,2,4,30,0,0,0,0,0,0,11,108.65,0.116,0.4,2.383,129.5,91.66,8,740,N/A
2017,5,2,5,30,0,0,0,0,0,0,11,94.34,0.116,0.6000000000000001,2.356,120.7,92.12,8,740,N/A
2017,5,2,6,30,65,104,84,38,552,135,12,79.92,0.116,1.1,2.33,108.30000000000001,90.45,10,740,N/A
2017,5,2,7,30,164,37,179,59,801,392,13,65.47,0.116,1.6,2.317,109,83.57000000000001,12,740,N/A
2017,5,2,8,30,312,171,420,70,903,638,13,51.06,0.116,1.9000000000000001,2.315,111.4,73.88,14,740,N/A
2017,5,2,9,30,375,383,682,76,956,841,13,36.83,0.116,2.1,2.323,116.10000000000001,64.5,15,740,N/A
2017,5,2,10,30,505,138,632,87,973,981,13,23.19,0.116,2.1,2.345,119.10000000000001,62.03,16,740,N/A
2017,5,2,11,30,376,24,400,86,987,1051,13,12.36,0.116,2.2,2.384,120.7,63.84,17,740,N/A
2017,5,2,12,30,298,20,318,85,986,1041,14,14.22,0.116,2.1,2.436,121.2,64.81,17,740,N/A
2017,5,2,13,30,117,5,122,106,933,944,14,26.19,0.116,2,2.493,120.9,65.24,16,740,N/A
2017,5,2,14,30,54,0,54,99,896,786,14,40.04,0.116,1.8,2.5460000000000003,121,69.86,15,740,N/A
2017,5,2,15,30,254,366,468,87,830,572,14,54.32,0.116,1.6,2.591,121.10000000000001,75.02,14,740,N/A
2017,5,2,16,30,124,429,280,71,688,321,14,68.74,0.116,1.4000000000000001,2.618,122,81.51,13,740,N/A
2017,5,2,17,30,40,231,68,36,351,78,15,83.18,0.116,0.9,2.626,122.80000000000001,94.46000000000001,12,740,N/A
2017,5,2,18,30,0,0,0,0,0,0,15,97.57000000000001,0.116,0.6000000000000001,2.623,123.30000000000001,96.31,12,740,N/A
2017,5,2,19,30,0,0,0,0,0,0,15,111.82000000000001,0.116,0.6000000000000001,2.614,123.80000000000001,95.14,11,740,N/A
2017,5,2,20,30,0,0,0,0,0,0,15,125.79,0.116,0.5,2.603,120.5,94.05,11,740,N/A
2017,5,2,21,30,0,0,0,0,0,0,14,139.16,0.116,0.4,2.59,112.60000000000001,98.83,11,740,N/A
2017,5,2,22,30,0,0,0,0,0,0,14,151.07,0.116,0.4,2.57,103.2,96.97,11,740,N/A
2017,5,2,23,30,0,0,0,0,0,0,14,158.87,0.116,0.4,2.544,97.30000000000001,94.85000000000001,10,740,N/A
2017,5,3,0,30,0,0,0,0,0,0,13,157.70000000000002,0.116,0.30000000000000004,2.511,92.30000000000001,98.51,10,740,N/A
2017,5,3,1,30,0,0,0,0,0,0,13,148.55,0.116,0.2,2.474,84,95.85000000000001,9,740,N/A
2017,5,3,2,30,0,0,0,0,0,0,12,136.17000000000002,0.116,0.2,2.439,75.60000000000001,99.43,9,740,N/A
2017,5,3,3,30,0,0,0,0,0,0,12,122.61,0.116,0.2,2.404,65.4,96.51,9,740,N/A
2017,5,3,4,30,0,0,0,0,0,0,11,108.57000000000001,0.116,0.30000000000000004,2.369,60.2,93.55,8,740,N/A
2017,5,3,5,30,0,0,0,0,0,0,11,94.28,0.116,0.30000000000000004,2.341,47.900000000000006,91.01,8,740,N/A
2017,5,3,6,30,64,179,95,36,580,138,12,79.88,0.116,0.6000000000000001,2.325,64.10000000000001,89.17,10,740,N/A
2017,5,3,7,30,180,229,275,55,817,394,13,65.46000000000001,0.116,1.1,2.313,100.4,82.42,12,740,N/A
2017,5,3,8,30,311,187,429,64,914,639,13,51.07,0.116,1.4000000000000001,2.31,110.60000000000001,72.79,13,740,N/A
2017,5,3,9,30,286,21,303,71,963,842,13,36.88,0.116,1.5,2.325,114.10000000000001,68.7,14,740,N/A
2017,5,3,10,30,424,41,462,76,987,982,13,23.3,0.116,1.4000000000000001,2.36,115.30000000000001,65.86,15,740,N/A
2017,5,3,11,30,526,91,616,80,994,1050,13,12.6,0.116,1.3,2.404,122.2,67.59,16,740,N/A
2017,5,3,12,30,349,22,371,81,990,1040,14,14.46,0.116,1.2000000000000002,2.456,131.6,69.09,16,740,N/A
2017,5,3,13,30,277,19,294,84,966,950,14,26.330000000000002,0.116,1.1,2.513,140.4,75.06,15,740,N/A
2017,5,3,14,30,180,13,191,82,928,791,14,40.12,0.116,1,2.57,148.20000000000002,80.77,14,740,N/A
2017,5,3,15,30,11,0,11,73,865,577,14,54.38,0.116,0.8,2.618,155.10000000000002,81.77,13,740,N/A
2017,5,3,16,30,13,0,13,61,733,326,15,68.77,0.116,0.7000000000000001,2.653,157.60000000000002,88.28,12,740,N/A
2017,5,3,17,30,3,0,3,31,426,81,15,83.19,0.116,0.5,2.6750000000000003,159,95.98,12,740,N/A
2017,5,3,18,30,0,0,0,0,0,0,15,97.56,0.116,0.4,2.681,150.1,95.96000000000001,11,740,N/A
2017,5,3,19,30,0,0,0,0,0,0,15,111.78,0.116,0.4,2.6710000000000003,135,95.10000000000001,11,740,N/A
2017,5,3,20,30,0,0,0,0,0,0,15,125.72,0.116,0.5,2.6470000000000002,133.9,100,11,740,N/A
2017,5,3,21,30,0,0,0,0,0,0,14,139.05,0.116,0.6000000000000001,2.607,127.7,98.64,11,740,N/A
2017,5,3,22,30,0,0,0,0,0,0,14,150.89000000000001,0.116,0.6000000000000001,2.559,117.7,96.67,11,740,N/A
2017,5,3,23,30,0,0,0,0,0,0,14,158.6,0.116,0.6000000000000001,2.512,115.10000000000001,94.36,10,740,N/A
2017,5,4,0,30,0,0,0,0,0,0,13,157.42000000000002,0.116,0.5,2.47,108.30000000000001,98.08,10,740,N/A
2017,5,4,1,30,0,0,0,0,0,0,13,148.35,0.116,0.4,2.428,99,95.05,10,740,N/A
2017,5,4,2,30,0,0,0,0,0,0,12,136.02,0.116,0.30000000000000004,2.38,86.7,92.2,9,740,N/A
2017,5,4,3,30,0,0,0,0,0,0,12,122.51,0.116,0.30000000000000004,2.332,72.5,95.33,9,740,N/A
2017,5,4,4,30,0,0,0,0,0,0,11,108.49000000000001,0.116,0.4,2.307,57.2,92.46000000000001,9,740,N/A
2017,5,4,5,30,0,0,0,0,0,0,11,94.23,0.116,0.7000000000000001,2.316,62.5,90.36,9,740,N/A
2017,5,4,6,30,29,635,141,29,635,141,12,79.85000000000001,0.116,1.3,2.339,87.4,85.92,11,740,N/A
2017,5,4,7,30,44,848,397,44,848,397,13,65.44,0.116,1.8,2.358,102.2,80.19,13,740,N/A
2017,5,4,8,30,52,935,639,52,935,639,13,51.09,0.116,2,2.367,103.5,71.09,14,740,N/A
2017,5,4,9,30,397,73,456,57,980,841,13,36.93,0.116,2,2.376,104.5,66.76,15,740,N/A
2017,5,4,10,30,500,122,612,76,985,981,14,23.41,0.116,2,2.394,108.4,64.49,16,740,N/A
2017,5,4,11,30,444,36,480,78,996,1049,14,12.85,0.116,1.9000000000000001,2.42,113.60000000000001,65.94,17,740,N/A
2017,5,4,12,30,152,12,164,77,995,1039,14,14.69,0.116,1.9000000000000001,2.458,118.10000000000001,63.29,17,740,N/A
2017,5,4,13,30,89,958,947,89,958,947,14,26.46,0.116,1.8,2.507,121.7,68.33,17,740,N/A
2017,5,4,14,30,308,29,330,86,919,788,15,40.2,0.116,1.7000000000000002,2.5580000000000003,123.60000000000001,73.07000000000001,16,740,N/A
2017,5,4,15,30,11,0,11,77,855,574,15,54.43,0.116,1.5,2.606,124.10000000000001,78.48,15,740,N/A
2017,5,4,16,30,107,518,294,63,721,324,15,68.8,0.116,1.3,2.6470000000000002,123.7,85.5,14,740,N/A
2017,5,4,17,30,37,298,72,33,393,79,15,83.2,0.116,1,2.67,121.10000000000001,93.43,13,740,N/A
2017,5,4,18,30,0,0,0,0,0,0,15,97.54,0.116,0.9,2.673,119.80000000000001,92.47,13,740,N/A
2017,5,4,19,30,0,0,0,0,0,0,15,111.75,0.116,1,2.665,117.80000000000001,97.14,12,740,N/A
2017,5,4,20,30,0,0,0,0,0,0,15,125.65,0.116,1,2.666,112.5,96.33,12,740,N/A
2017,5,4,21,30,0,0,0,0,0,0,15,138.94,0.116,0.8,2.68,110.5,100,11,740,N/A
2017,5,4,22,30,0,0,0,0,0,0,14,150.71,0.116,0.7000000000000001,2.682,110.2,98.9,11,740,N/A
2017,5,4,23,30,0,0,0,0,0,0,14,158.33,0.116,0.5,2.6550000000000002,105.7,95.91,10,740,N/A
2017,5,5,0,30,0,0,0,0,0,0,13,157.16,0.116,0.30000000000000004,2.607,95.9,98.97,10,740,N/A
2017,5,5,1,30,0,0,0,0,0,0,13,148.15,0.116,0.2,2.557,78,95.84,10,740,N/A
2017,5,5,2,30,0,0,0,0,0,0,12,135.89000000000001,0.116,0.2,2.524,62,93.16,10,740,N/A
2017,5,5,3,30,0,0,0,0,0,0,12,122.41,0.116,0.1,2.5,56.400000000000006,91.31,10,740,N/A
2017,5,5,4,30,0,0,0,0,0,0,12,108.42,0.116,0.1,2.465,44.300000000000004,90.96000000000001,10,740,N/A
2017,5,5,5,30,0,0,0,0,0,0,12,94.18,0.116,0.2,2.4290000000000003,329.1,90.24,10,740,N/A
2017,5,5,6,30,40,0,40,35,586,139,13,79.82000000000001,0.116,0.8,2.418,85.10000000000001,89.25,11,740,N/A
2017,5,5,7,30,184,132,239,54,816,393,14,65.44,0.116,1.6,2.4210000000000003,111.80000000000001,83.83,13,740,N/A
2017,5,5,8,30,162,9,168,65,910,637,14,51.1,0.116,2.2,2.4130000000000003,117.2,74.39,15,740,N/A
2017,5,5,9,30,392,67,446,70,962,838,14,36.980000000000004,0.116,2.6,2.414,116.5,70.62,16,740,N/A
2017,5,5,10,30,505,156,649,73,988,979,14,23.52,0.116,2.7,2.456,114.80000000000001,67.54,17,740,N/A
2017,5,5,11,30,461,42,503,75,996,1045,15,13.1,0.116,2.4000000000000004,2.543,115.5,68.68,17,740,N/A
2017,5,5,12,30,419,31,450,76,991,1034,15,14.93,0.116,1.9000000000000001,2.6430000000000002,117.2,69.41,17,740,N/A
2017,5,5,13,30,290,20,308,79,967,944,15,26.59,0.116,1.6,2.727,117.2,74.81,16,740,N/A
2017,5,5,14,30,202,14,213,77,930,786,15,40.28,0.116,1.5,2.793,115.60000000000001,75.52,15,740,N/A
2017,5,5,15,30,212,499,502,69,869,573,15,54.480000000000004,0.116,1.4000000000000001,2.851,114.10000000000001,81.15,14,740,N/A
2017,5,5,16,30,111,487,287,58,737,324,16,68.83,0.116,1.2000000000000002,2.9050000000000002,114.2,88.23,13,740,N/A
2017,5,5,17,30,36,291,71,31,415,80,16,83.2,0.116,1,2.955,114.10000000000001,95.81,13,740,N/A
2017,5,5,18,30,0,0,0,0,0,0,16,97.53,0.116,1,3,102.5,96.68,13,740,N/A
2017,5,5,19,30,0,0,0,0,0,0,16,111.71000000000001,0.116,1.2000000000000002,3.02,99.80000000000001,100,12,740,N/A
2017,5,5,20,30,0,0,0,0,0,0,15,125.58,0.116,1.4000000000000001,2.976,95.7,99.68,11,740,N/A
2017,5,5,21,30,0,0,0,0,0,0,15,138.82,0.116,1.1,2.886,93.7,100,11,740,N/A
2017,5,5,22,30,0,0,0,0,0,0,14,150.52,0.116,0.7000000000000001,2.811,91.5,99.17,11,740,N/A
2017,5,5,23,30,0,0,0,0,0,0,14,158.06,0.116,0.5,2.758,83.7,96.91,10,740,N/A
2017,5,6,0,30,0,0,0,0,0,0,14,156.89000000000001,0.116,0.5,2.713,70.7,95.42,10,740,N/A
2017,5,6,1,30,0,0,0,0,0,0,13,147.96,0.116,0.5,2.681,70.3,99.66,10,740,N/A
2017,5,6,2,30,0,0,0,0,0,0,13,135.75,0.116,0.5,2.665,82.30000000000001,98.15,10,740,N/A
2017,5,6,3,30,0,0,0,0,0,0,13,122.31,0.116,0.6000000000000001,2.6510000000000002,95.10000000000001,98.44,10,740,N/A
2017,5,6,4,30,0,0,0,0,0,0,13,108.35000000000001,0.116,0.6000000000000001,2.623,99.2,98.29,10,740,N/A
2017,5,6,5,30,0,0,0,0,0,0,13,94.13,0.116,0.6000000000000001,2.591,103.80000000000001,97.9,10,740,N/A
2017,5,6,6,30,61,236,103,34,590,139,14,79.8,0.116,0.8,2.57,110.9,94.03,10,740,N/A
2017,5,6,7,30,53,815,392,53,815,392,14,65.43,0.116,1.1,2.557,112.30000000000001,96.44,11,740,N/A
2017,5,6,8,30,63,910,634,63,910,634,14,51.120000000000005,0.116,1.3,2.5460000000000003,107.4,90.29,12,740,N/A
2017,5,6,9,30,419,128,521,68,960,835,14,37.03,0.116,1.3,2.541,107.9,83.51,13,740,N/A
2017,5,6,10,30,315,21,334,76,980,975,13,23.64,0.116,1.5,2.5300000000000002,114.60000000000001,76.83,14,740,N/A
2017,5,6,11,30,540,229,763,78,992,1044,13,13.34,0.116,1.7000000000000002,2.5140000000000002,120.9,72.04,14,740,N/A
2017,5,6,12,30,367,24,391,76,993,1035,13,15.16,0.116,1.9000000000000001,2.505,124.10000000000001,72.49,15,740,N/A
2017,5,6,13,30,381,31,409,78,973,948,14,26.72,0.116,2,2.5060000000000002,125.30000000000001,68.4,15,740,N/A
2017,5,6,14,30,397,210,557,73,943,791,14,40.36,0.116,1.9000000000000001,2.5140000000000002,125.10000000000001,73.09,15,740,N/A
2017,5,6,15,30,257,343,457,65,886,579,14,54.52,0.116,1.7000000000000002,2.523,125,73.49,14,740,N/A
2017,5,6,16,30,53,769,330,53,769,330,14,68.85000000000001,0.116,1.3,2.519,124.30000000000001,79.61,13,740,N/A
2017,5,6,17,30,29,461,83,29,461,83,14,83.21000000000001,0.116,0.7000000000000001,2.505,121.7,92.4,12,740,N/A
2017,5,6,18,30,0,0,0,0,0,0,14,97.51,0.116,0.4,2.487,116.9,91.18,11,740,N/A
2017,5,6,19,30,0,0,0,0,0,0,14,111.66,0.116,0.5,2.468,116.5,88.98,11,740,N/A
2017,5,6,20,30,0,0,0,0,0,0,13,125.51,0.116,0.5,2.445,115.7,93.04,11,740,N/A
2017,5,6,21,30,0,0,0,0,0,0,13,138.71,0.116,0.4,2.422,113.2,91.42,11,740,N/A
2017,5,6,22,30,0,0,0,0,0,0,13,150.34,0.116,0.30000000000000004,2.406,109.5,90.09,10,740,N/A
2017,5,6,23,30,0,0,0,0,0,0,13,157.79,0.116,0.2,2.3930000000000002,106.9,94.22,10,740,N/A
2017,5,7,0,30,0,0,0,0,0,0,12,156.63,0.116,0.1,2.38,137.6,92.59,10,740,N/A
2017,5,7,1,30,0,0,0,0,0,0,12,147.77,0.116,0.2,2.371,259.90000000000003,91.05,10,740,N/A
2017,5,7,2,30,0,0,0,0,0,0,12,135.62,0.116,0.30000000000000004,2.369,274.3,89.3,9,740,N/A
2017,5,7,3,30,0,0,0,0,0,0,11,122.22,0.116,0.4,2.375,283.90000000000003,87.68,9,740,N/A
2017,5,7,4,30,0,0,0,0,0,0,11,108.28,0.116,0.4,2.383,297.90000000000003,86.35000000000001,9,740,N/A
2017,5,7,5,30,0,0,0,0,0,0,11,94.09,0.116,0.4,2.394,320,85.68,9,740,N/A
2017,5,7,6,30,39,550,137,39,550,137,12,79.77,0.116,0.30000000000000004,2.407,344.8,85.2,10,740,N/A
2017,5,7,7,30,134,7,137,61,788,389,13,65.43,0.116,0.30000000000000004,2.4170000000000003,28.900000000000002,84.71000000000001,12,740,N/A
2017,5,7,8,30,308,215,443,74,888,631,13,51.14,0.116,0.5,2.424,131.4,75.17,13,740,N/A
2017,5,7,9,30,219,16,232,82,940,832,13,37.09,0.116,0.7000000000000001,2.436,131.70000000000002,71.29,15,740,N/A
2017,5,7,10,30,491,105,587,102,943,965,14,23.76,0.116,0.9,2.467,127.7,68.9,16,740,N/A
2017,5,7,11,30,304,20,324,106,953,1032,14,13.59,0.116,1.1,2.517,126.60000000000001,66.93,16,740,N/A
2017,5,7,12,30,435,36,470,104,952,1022,14,15.39,0.116,1.1,2.581,128.4,72.57000000000001,16,740,N/A
2017,5,7,13,30,288,20,306,136,879,921,15,26.85,0.116,1.1,2.654,131,74.18,15,740,N/A
2017,5,7,14,30,285,23,303,127,836,763,15,40.44,0.116,1,2.728,133.70000000000002,80.16,14,740,N/A
2017,5,7,15,30,271,88,322,107,770,554,15,54.57,0.116,1,2.7960000000000003,136.20000000000002,86.68,14,740,N/A
2017,5,7,16,30,63,0,63,80,640,311,16,68.87,0.116,0.9,2.848,141.1,94.08,13,740,N/A
2017,5,7,17,30,15,0,15,35,348,76,16,83.21000000000001,0.116,0.8,2.878,146.9,95.84,12,740,N/A
2017,5,7,18,30,0,0,0,0,0,0,16,97.49000000000001,0.116,0.9,2.8890000000000002,144.3,95.76,12,740,N/A
2017,5,7,19,30,0,0,0,0,0,0,16,111.62,0.116,1,2.892,142,100,12,740,N/A
2017,5,7,20,30,0,0,0,0,0,0,15,125.44,0.116,1.1,2.882,138.6,99.32000000000001,12,740,N/A
2017,5,7,21,30,0,0,0,0,0,0,15,138.59,0.116,1,2.852,134.4,97.35000000000001,11,740,N/A
2017,5,7,22,30,0,0,0,0,0,0,15,150.16,0.116,0.9,2.797,129.1,100,11,740,N/A
2017,5,7,23,30,0,0,0,0,0,0,14,157.53,0.116,0.8,2.735,125.10000000000001,98.21000000000001,11,740,N/A
2017,5,8,0,30,0,0,0,0,0,0,14,156.38,0.116,0.6000000000000001,2.684,122.10000000000001,95.55,10,740,N/A
2017,5,8,1,30,0,0,0,0,0,0,13,147.59,0.116,0.4,2.642,126.30000000000001,99.36,10,740,N/A
2017,5,8,2,30,0,0,0,0,0,0,13,135.49,0.116,0.30000000000000004,2.602,141.20000000000002,97.39,10,740,N/A
2017,5,8,3,30,0,0,0,0,0,0,13,122.12,0.116,0.2,2.5580000000000003,153.3,95.78,10,740,N/A
2017,5,8,4,30,0,0,0,0,0,0,13,108.22,0.116,0.2,2.5220000000000002,181.3,94.48,9,740,N/A
2017,5,8,5,30,0,0,0,0,0,0,12,94.04,0.116,0.2,2.501,237.3,92.62,9,740,N/A
2017,5,8,6,30,19,0,19,38,553,137,13,79.75,0.116,0.2,2.494,256,95.68,10,740,N/A
2017,5,8,7,30,138,10,142,60,791,389,13,65.43,0.116,0.5,2.497,143.1,93.63,11,740,N/A
2017,5,8,8,30,130,5,134,72,890,630,14,51.17,0.116,0.8,2.503,107.5,83.48,12,740,N/A
2017,5,8,9,30,213,15,226,78,942,830,14,37.15,0.116,1.1,2.5060000000000002,102.30000000000001,78.69,14,740,N/A
2017,5,8,10,30,191,16,206,83,969,970,14,23.88,0.116,1.3,2.512,102.30000000000001,74.78,15,740,N/A
2017,5,8,11,30,374,24,398,85,980,1038,14,13.83,0.116,1.4000000000000001,2.525,107.10000000000001,70.83,15,740,N/A
2017,5,8,12,30,431,35,465,84,980,1028,14,15.610000000000001,0.116,1.5,2.544,112.2,71.46000000000001,16,740,N/A
2017,5,8,13,30,487,180,648,83,962,941,14,26.97,0.116,1.4000000000000001,2.57,116.5,72.27,15,740,N/A
2017,5,8,14,30,365,65,415,78,929,785,15,40.52,0.116,1.3,2.601,119.80000000000001,77.68,15,740,N/A
2017,5,8,15,30,69,871,573,69,871,573,15,54.61,0.116,1.2000000000000002,2.633,120.4,83.28,14,740,N/A
2017,5,8,16,30,152,105,190,57,745,325,15,68.89,0.116,1,2.6590000000000003,123.60000000000001,89.81,13,740,N/A
2017,5,8,17,30,41,52,47,30,434,81,15,83.21000000000001,0.116,0.7000000000000001,2.678,129.5,98.09,12,740,N/A
2017,5,8,18,30,0,0,0,0,0,0,15,97.47,0.116,0.6000000000000001,2.693,136.1,97.32000000000001,12,740,N/A
2017,5,8,19,30,0,0,0,0,0,0,15,111.57000000000001,0.11800000000000001,0.7000000000000001,2.706,139.5,96.41,11,740,N/A
2017,5,8,20,30,0,0,0,0,0,0,15,125.36,0.11800000000000001,0.6000000000000001,2.712,138.4,100,11,740,N/A
2017,5,8,21,30,0,0,0,0,0,0,14,138.47,0.11800000000000001,0.5,2.703,135.9,99.66,11,740,N/A
2017,5,8,22,30,0,0,0,0,0,0,14,149.98,0.11800000000000001,0.30000000000000004,2.676,135.70000000000002,98.07000000000001,11,740,N/A
2017,5,8,23,30,0,0,0,0,0,0,14,157.28,0.11800000000000001,0.1,2.636,169.10000000000002,96.36,10,740,N/A
2017,5,9,0,30,0,0,0,0,0,0,14,156.13,0.11800000000000001,0.1,2.59,210.3,94.48,10,740,N/A
2017,5,9,1,30,0,0,0,0,0,0,13,147.41,0.11800000000000001,0.2,2.549,272.40000000000003,92.46000000000001,10,740,N/A
2017,5,9,2,30,0,0,0,0,0,0,13,135.36,0.11800000000000001,0.2,2.5140000000000002,269.7,97.07000000000001,10,740,N/A
2017,5,9,3,30,0,0,0,0,0,0,13,122.03,0.11800000000000001,0.2,2.486,223.60000000000002,95.61,10,740,N/A
2017,5,9,4,30,0,0,0,0,0,0,13,108.15,0.11800000000000001,0.2,2.466,177.4,94.25,10,740,N/A
2017,5,9,5,30,0,0,0,0,0,0,12,94.01,0.11800000000000001,0.4,2.45,147.9,92.9,10,740,N/A
2017,5,9,6,30,44,0,44,34,594,140,13,79.73,0.11800000000000001,0.7000000000000001,2.442,130.5,90.69,11,740,N/A
2017,5,9,7,30,124,3,125,52,821,393,14,65.43,0.11800000000000001,1.1,2.44,126.30000000000001,83.98,12,740,N/A
2017,5,9,8,30,243,27,260,61,915,635,14,51.2,0.11800000000000001,1.2000000000000002,2.437,125.80000000000001,80.28,14,740,N/A
2017,5,9,9,30,335,33,362,65,965,834,14,37.21,0.11800000000000001,1.3,2.44,123,74.89,15,740,N/A
2017,5,9,10,30,410,37,445,71,986,973,14,24,0.11800000000000001,1.5,2.467,114.60000000000001,70.52,16,740,N/A
2017,5,9,11,30,519,89,606,74,994,1039,14,14.06,0.11800000000000001,1.6,2.5260000000000002,107.10000000000001,71.04,16,740,N/A
2017,5,9,12,30,496,68,561,75,990,1028,14,15.83,0.11800000000000001,1.5,2.597,103.60000000000001,71.46000000000001,15,740,N/A
2017,5,9,13,30,455,74,520,86,955,936,14,27.1,0.11800000000000001,1.4000000000000001,2.666,103.10000000000001,76.45,15,740,N/A
2017,5,9,14,30,316,32,340,81,919,780,14,40.59,0.11800000000000001,1.2000000000000002,2.727,104.30000000000001,81.96000000000001,14,740,N/A
2017,5,9,15,30,245,44,270,71,861,569,15,54.660000000000004,0.11800000000000001,1.2000000000000002,2.771,106.10000000000001,88.41,13,740,N/A
2017,5,9,16,30,5,0,5,58,736,323,15,68.91,0.11800000000000001,1.1,2.786,111.4,89.58,12,740,N/A
2017,5,9,17,30,1,0,1,31,421,80,15,83.21000000000001,0.11800000000000001,0.8,2.774,118.4,96.55,12,740,N/A
2017,5,9,18,30,0,0,0,0,0,0,15,97.45,0.11800000000000001,0.6000000000000001,2.74,121.10000000000001,96.32000000000001,12,740,N/A
2017,5,9,19,30,0,0,0,0,0,0,15,111.53,0.11800000000000001,0.6000000000000001,2.697,118.30000000000001,100,11,740,N/A
2017,5,9,20,30,0,0,0,0,0,0,14,125.28,0.11800000000000001,0.6000000000000001,2.6550000000000002,110.2,98.84,11,740,N/A
2017,5,9,21,30,0,0,0,0,0,0,14,138.35,0.11800000000000001,0.5,2.597,99.60000000000001,96.06,10,740,N/A
2017,5,9,22,30,0,0,0,0,0,0,13,149.8,0.11800000000000001,0.4,2.532,95.60000000000001,99.12,10,740,N/A
2017,5,9,23,30,0,0,0,0,0,0,13,157.03,0.11800000000000001,0.30000000000000004,2.485,91.10000000000001,96.60000000000001,10,740,N/A
2017,5,10,0,30,0,0,0,0,0,0,13,155.88,0.11800000000000001,0.1,2.464,76.60000000000001,94.25,10,740,N/A
2017,5,10,1,30,0,0,0,0,0,0,12,147.23,0.11800000000000001,0.1,2.453,269.8,92.47,10,740,N/A
2017,5,10,2,30,0,0,0,0,0,0,12,135.24,0.11800000000000001,0.1,2.442,269.7,91.65,10,740,N/A
2017,5,10,3,30,0,0,0,0,0,0,12,121.95,0.11800000000000001,0,2.428,269.40000000000003,90.52,9,740,N/A
2017,5,10,4,30,0,0,0,0,0,0,12,108.09,0.11800000000000001,0,2.4130000000000003,146.9,89.24,9,740,N/A
2017,5,10,5,30,0,0,0,0,0,0,12,93.97,0.11800000000000001,0.1,2.396,123.30000000000001,88.09,9,740,N/A
2017,5,10,6,30,33,0,33,37,568,139,12,79.72,0.11800000000000001,0.5,2.387,152.20000000000002,87.11,11,740,N/A
2017,5,10,7,30,164,342,307,57,802,391,13,65.43,0.11800000000000001,1.1,2.3970000000000002,126.9,81.53,13,740,N/A
2017,5,10,8,30,308,135,393,69,898,631,14,51.230000000000004,0.11800000000000001,1.6,2.422,119.80000000000001,78.08,14,740,N/A
2017,5,10,9,30,418,134,525,76,947,830,14,37.28,0.11800000000000001,1.9000000000000001,2.45,118.30000000000001,72.93,15,740,N/A
2017,5,10,10,30,302,20,321,80,973,969,14,24.13,0.11800000000000001,2,2.481,117,69.71000000000001,16,740,N/A
2017,5,10,11,30,350,22,372,82,983,1035,14,14.3,0.11800000000000001,2,2.519,117.30000000000001,66.84,16,740,N/A
2017,5,10,12,30,533,140,668,82,980,1025,14,16.04,0.11800000000000001,1.9000000000000001,2.565,117.60000000000001,67.84,16,740,N/A
2017,5,10,13,30,32,0,32,84,959,937,15,27.22,0.11800000000000001,1.8,2.616,119.2,73.06,15,740,N/A
2017,5,10,14,30,187,13,197,80,922,780,15,40.660000000000004,0.11800000000000001,1.6,2.67,122.30000000000001,78.59,15,740,N/A
2017,5,10,15,30,55,0,55,72,859,569,15,54.7,0.11800000000000001,1.5,2.716,125,84.86,14,740,N/A
2017,5,10,16,30,75,0,75,61,725,321,15,68.93,0.11800000000000001,1.4000000000000001,2.747,127.5,92.08,13,740,N/A
2017,5,10,17,30,18,0,18,31,412,80,15,83.2,0.11800000000000001,1.1,2.762,128.1,99.01,12,740,N/A
2017,5,10,18,30,0,0,0,0,0,0,15,97.42,0.11800000000000001,1,2.7640000000000002,126.60000000000001,99.14,12,740,N/A
2017,5,10,19,30,0,0,0,0,0,0,15,111.48,0.11800000000000001,1.1,2.75,121.7,96.96000000000001,11,740,N/A
2017,5,10,20,30,0,0,0,0,0,0,15,125.2,0.11800000000000001,1,2.711,114.60000000000001,100,11,740,N/A
2017,5,10,21,30,0,0,0,0,0,0,14,138.23,0.11800000000000001,0.8,2.656,108.60000000000001,98.85000000000001,11,740,N/A
2017,5,10,22,30,0,0,0,0,0,0,14,149.62,0.11800000000000001,0.5,2.598,102.4,95.95,10,740,N/A
2017,5,10,23,30,0,0,0,0,0,0,13,156.78,0.11800000000000001,0.30000000000000004,2.543,100.30000000000001,99.4,10,740,N/A
2017,5,11,0,30,0,0,0,0,0,0,13,155.64000000000001,0.11800000000000001,0.1,2.501,118.10000000000001,96.78,10,740,N/A
2017,5,11,1,30,0,0,0,0,0,0,13,147.05,0.11800000000000001,0.1,2.482,159,94.73,9,740,N/A
2017,5,11,2,30,0,0,0,0,0,0,12,135.11,0.11800000000000001,0.1,2.488,231.8,93.07000000000001,9,740,N/A
2017,5,11,3,30,0,0,0,0,0,0,12,121.86,0.11800000000000001,0.1,2.496,291.6,92.27,9,740,N/A
2017,5,11,4,30,0,0,0,0,0,0,12,108.04,0.11800000000000001,0.2,2.491,307,91.11,9,740,N/A
2017,5,11,5,30,0,0,0,0,0,0,12,93.93,0.11800000000000001,0.1,2.476,302.5,89.84,10,740,N/A
2017,5,11,6,30,66,89,82,34,596,141,12,79.7,0.11800000000000001,0.2,2.455,240.9,92.92,10,740,N/A
2017,5,11,7,30,180,217,270,51,823,393,13,65.44,0.11800000000000001,0.5,2.433,176,91.64,11,740,N/A
2017,5,11,8,30,171,10,178,60,915,633,13,51.26,0.11800000000000001,0.7000000000000001,2.414,178.60000000000002,87.18,12,740,N/A
2017,5,11,9,30,339,34,367,66,963,832,13,37.34,0.11800000000000001,0.9,2.403,176.60000000000002,75.95,13,740,N/A
2017,5,11,10,30,500,167,653,71,986,971,13,24.25,0.11800000000000001,0.8,2.4050000000000002,175,71.82000000000001,14,740,N/A
2017,5,11,11,30,523,98,618,73,996,1037,14,14.530000000000001,0.11800000000000001,0.8,2.423,170,68.59,15,740,N/A
2017,5,11,12,30,248,19,266,74,993,1027,14,16.26,0.11800000000000001,0.9,2.458,157.8,69.29,16,740,N/A
2017,5,11,13,30,483,198,659,82,963,938,14,27.34,0.11800000000000001,0.8,2.498,147.3,69.64,15,740,N/A
2017,5,11,14,30,395,177,530,77,929,782,14,40.730000000000004,0.11800000000000001,0.7000000000000001,2.536,145.6,74.32000000000001,15,740,N/A
2017,5,11,15,30,278,186,386,69,868,571,14,54.730000000000004,0.11800000000000001,0.5,2.569,149,79.38,14,740,N/A
2017,5,11,16,30,58,740,324,58,740,324,14,68.94,0.11800000000000001,0.4,2.593,156.60000000000002,85.96000000000001,13,740,N/A
2017,5,11,17,30,31,419,81,31,419,81,15,83.19,0.11800000000000001,0.2,2.608,161.60000000000002,94.60000000000001,12,740,N/A
2017,5,11,18,30,0,0,0,0,0,0,15,97.39,0.11800000000000001,0.2,2.617,156,95.01,11,740,N/A
2017,5,11,19,30,0,0,0,0,0,0,15,111.43,0.11800000000000001,0.2,2.616,152.3,94.16,11,740,N/A
2017,5,11,20,30,0,0,0,0,0,0,14,125.13000000000001,0.11800000000000001,0.30000000000000004,2.602,149.1,99.44,11,740,N/A
2017,5,11,21,30,0,0,0,0,0,0,14,138.11,0.11800000000000001,0.4,2.577,153.60000000000002,97.99000000000001,11,740,N/A
2017,5,11,22,30,0,0,0,0,0,0,14,149.44,0.11800000000000001,0.5,2.557,163.60000000000002,96.2,11,740,N/A
2017,5,11,23,30,0,0,0,0,0,0,14,156.53,0.11800000000000001,0.5,2.559,187.10000000000002,94.76,10,740,N/A
2017,5,12,0,30,0,0,0,0,0,0,14,155.41,0.11800000000000001,0.5,2.578,228.9,100,10,740,N/A
2017,5,12,1,30,0,0,0,0,0,0,13,146.88,0.11800000000000001,0.6000000000000001,2.593,266.2,98.64,10,740,N/A
2017,5,12,2,30,0,0,0,0,0,0,13,135,0.11800000000000001,0.6000000000000001,2.599,278,97.56,10,740,N/A
2017,5,12,3,30,0,0,0,0,0,0,13,121.78,0.11800000000000001,0.30000000000000004,2.603,287.2,96.63,10,740,N/A
2017,5,12,4,30,0,0,0,0,0,0,13,107.98,0.11800000000000001,0.1,2.607,304.7,96.24000000000001,10,740,N/A
2017,5,12,5,30,0,0,0,0,0,0,13,93.9,0.11800000000000001,0.1,2.609,42.400000000000006,95.85000000000001,10,740,N/A
2017,5,12,6,30,66,88,82,35,583,139,13,79.69,0.11800000000000001,0.1,2.609,83.30000000000001,93.64,11,740,N/A
2017,5,12,7,30,167,45,186,55,803,389,14,65.45,0.11800000000000001,0.30000000000000004,2.614,141.3,92.36,12,740,N/A
2017,5,12,8,30,226,21,239,68,893,626,14,51.29,0.11800000000000001,0.5,2.623,137.4,82.47,13,740,N/A
2017,5,12,9,30,351,40,383,77,940,823,14,37.410000000000004,0.11800000000000001,0.8,2.6390000000000002,147.70000000000002,77.36,14,740,N/A
2017,5,12,10,30,458,64,517,84,961,960,14,24.38,0.11800000000000001,1,2.662,156.3,77.13,15,740,N/A
2017,5,12,11,30,539,180,714,89,969,1026,15,14.76,0.11800000000000001,1.1,2.686,165.10000000000002,73.04,15,740,N/A
2017,5,12,12,30,527,125,648,91,964,1016,15,16.46,0.11800000000000001,1.1,2.705,175.9,73.89,15,740,N/A
2017,5,12,13,30,403,40,439,91,944,929,15,27.45,0.11800000000000001,1.1,2.727,187,74.66,15,740,N/A
2017,5,12,14,30,302,28,324,87,906,773,15,40.79,0.11800000000000001,1,2.7640000000000002,192,79.77,15,740,N/A
2017,5,12,15,30,277,135,356,80,835,562,15,54.77,0.11800000000000001,0.9,2.8040000000000003,189.8,85.38,14,740,N/A
2017,5,12,16,30,140,298,247,69,685,315,15,68.95,0.11800000000000001,0.6000000000000001,2.828,185.9,92.06,13,740,N/A
2017,5,12,17,30,42,151,60,36,338,76,15,83.19,0.11800000000000001,0.30000000000000004,2.828,180.9,99.96000000000001,12,740,N/A
2017,5,12,18,30,0,0,0,0,0,0,15,97.36,0.11800000000000001,0.1,2.807,175.10000000000002,99.28,12,740,N/A
2017,5,12,19,30,0,0,0,0,0,0,15,111.38,0.11800000000000001,0.1,2.762,153,98.09,11,740,N/A
2017,5,12,20,30,0,0,0,0,0,0,15,125.04,0.11800000000000001,0.1,2.698,105.5,96.61,11,740,N/A
2017,5,12,21,30,0,0,0,0,0,0,15,137.99,0.11800000000000001,0.30000000000000004,2.6390000000000002,86.10000000000001,100,11,740,N/A
2017,5,12,22,30,0,0,0,0,0,0,14,149.26,0.11800000000000001,0.4,2.603,92.5,98.63,11,740,N/A
2017,5,12,23,30,0,0,0,0,0,0,14,156.29,0.11800000000000001,0.4,2.584,104.9,97.19,11,740,N/A
2017,5,13,0,30,0,0,0,0,0,0,14,155.18,0.11800000000000001,0.30000000000000004,2.572,120,96.04,10,740,N/A
2017,5,13,1,30,0,0,0,0,0,0,14,146.72,0.11800000000000001,0.30000000000000004,2.567,156.20000000000002,94.93,10,740,N/A
2017,5,13,2,30,0,0,0,0,0,0,13,134.88,0.11800000000000001,0.30000000000000004,2.567,197.70000000000002,99.62,10,740,N/A
2017,5,13,3,30,0,0,0,0,0,0,13,121.71000000000001,0.11800000000000001,0.4,2.562,207.60000000000002,98.25,10,740,N/A
2017,5,13,4,30,0,0,0,0,0,0,13,107.93,0.11800000000000001,0.4,2.555,192.8,97.04,10,740,N/A
2017,5,13,5,30,0,0,0,0,0,0,13,93.87,0.11800000000000001,0.5,2.547,184.9,95.8,10,740,N/A
2017,5,13,6,30,40,536,136,40,536,136,13,79.68,0.11800000000000001,0.7000000000000001,2.543,186.8,91.54,11,740,N/A
2017,5,13,7,30,154,24,164,61,781,386,13,65.46000000000001,0.11800000000000001,1,2.543,173.10000000000002,81.97,12,740,N/A
2017,5,13,8,30,305,213,439,72,884,625,14,51.33,0.11800000000000001,1.1,2.549,165.70000000000002,77.72,13,740,N/A
2017,5,13,9,30,403,286,630,79,937,823,14,37.480000000000004,0.11800000000000001,1.2000000000000002,2.559,156.70000000000002,74.48,14,740,N/A
2017,5,13,10,30,93,950,958,93,950,958,14,24.51,0.11800000000000001,1.4000000000000001,2.577,146.8,71.85000000000001,15,740,N/A
2017,5,13,11,30,283,20,303,95,962,1024,15,14.99,0.11800000000000001,1.3,2.6,139.1,73.15,16,740,N/A
2017,5,13,12,30,524,116,636,93,962,1015,15,16.67,0.11800000000000001,1.2000000000000002,2.623,134.6,74.12,16,740,N/A
2017,5,13,13,30,388,35,420,110,914,921,15,27.57,0.11800000000000001,1.1,2.648,132.3,74.81,15,740,N/A
2017,5,13,14,30,191,13,201,101,881,767,15,40.86,0.11800000000000001,1,2.678,129.70000000000002,80.33,15,740,N/A
2017,5,13,15,30,90,811,557,90,811,557,15,54.800000000000004,0.11800000000000001,0.9,2.711,125.7,86.23,14,740,N/A
2017,5,13,16,30,73,670,313,73,670,313,15,68.96000000000001,0.11800000000000001,0.8,2.74,124.30000000000001,93.13,13,740,N/A
2017,5,13,17,30,35,355,77,35,355,77,16,83.18,0.11800000000000001,0.6000000000000001,2.758,129.8,94.93,12,740,N/A
2017,5,13,18,30,0,0,0,0,0,0,16,97.33,0.11800000000000001,0.7000000000000001,2.778,137.1,100,12,740,N/A
2017,5,13,19,30,0,0,0,0,0,0,16,111.32000000000001,0.11800000000000001,0.8,2.8000000000000003,131.70000000000002,100,12,740,N/A
2017,5,13,20,30,0,0,0,0,0,0,15,124.96000000000001,0.11800000000000001,0.8,2.787,129.5,98.85000000000001,12,740,N/A
2017,5,13,21,30,0,0,0,0,0,0,15,137.87,0.11800000000000001,0.6000000000000001,2.731,138.9,96.66,11,740,N/A
2017,5,13,22,30,0,0,0,0,0,0,15,149.08,0.11800000000000001,0.4,2.668,142.9,100,11,740,N/A
2017,5,13,23,30,0,0,0,0,0,0,14,156.06,0.11800000000000001,0.30000000000000004,2.617,139.3,97.12,10,740,N/A
2017,5,14,0,30,0,0,0,0,0,0,14,154.95000000000002,0.11800000000000001,0.30000000000000004,2.581,142.8,100,10,740,N/A
2017,5,14,1,30,0,0,0,0,0,0,13,146.56,0.11800000000000001,0.2,2.5580000000000003,152.3,98.7,10,740,N/A
2017,5,14,2,30,0,0,0,0,0,0,13,134.77,0.11800000000000001,0.2,2.5500000000000003,187.3,96.53,10,740,N/A
2017,5,14,3,30,0,0,0,0,0,0,13,121.63,0.11800000000000001,0.2,2.553,240.20000000000002,94.83,10,740,N/A
2017,5,14,4,30,0,0,0,0,0,0,12,107.89,0.11800000000000001,0.2,2.559,245.5,93.13,10,740,N/A
2017,5,14,5,30,0,0,0,0,0,0,12,93.85000000000001,0.11800000000000001,0.2,2.563,223.5,91.59,10,740,N/A
2017,5,14,6,30,38,558,138,38,558,138,13,79.68,0.11800000000000001,0.5,2.57,175,88.85000000000001,10,740,N/A
2017,5,14,7,30,58,791,386,58,791,386,13,65.48,0.11800000000000001,1,2.584,143.9,87.48,12,740,N/A
2017,5,14,8,30,202,15,212,70,886,624,14,51.370000000000005,0.11800000000000001,1.3,2.601,137.3,84.39,13,740,N/A
2017,5,14,9,30,364,48,402,79,935,820,14,37.56,0.11800000000000001,1.6,2.619,138.20000000000002,80.53,14,740,N/A
2017,5,14,10,30,413,39,449,96,942,953,14,24.64,0.11800000000000001,1.8,2.6390000000000002,135,76.52,15,740,N/A
2017,5,14,11,30,99,954,1020,99,954,1020,15,15.21,0.11800000000000001,1.9000000000000001,2.661,131.5,73.21000000000001,15,740,N/A
2017,5,14,12,30,495,315,797,99,951,1009,15,16.86,0.11800000000000001,1.7000000000000002,2.692,132.1,78.91,15,740,N/A
2017,5,14,13,30,419,49,463,138,868,907,15,27.68,0.11800000000000001,1.4000000000000001,2.726,138.20000000000002,79.32000000000001,14,740,N/A
2017,5,14,14,30,367,72,422,129,825,753,15,40.92,0.11800000000000001,1.1,2.751,148.20000000000002,84.79,14,740,N/A
2017,5,14,15,30,13,0,13,112,752,545,15,54.83,0.11800000000000001,0.8,2.762,161.4,90.75,13,740,N/A
2017,5,14,16,30,21,0,21,86,611,305,15,68.97,0.11800000000000001,0.6000000000000001,2.757,182,91.82000000000001,12,740,N/A
2017,5,14,17,30,5,0,5,39,294,74,15,83.16,0.11800000000000001,0.4,2.737,208.8,98.17,12,740,N/A
2017,5,14,18,30,0,0,0,0,0,0,15,97.3,0.11800000000000001,0.30000000000000004,2.713,211.60000000000002,96.8,12,740,N/A
2017,5,14,19,30,0,0,0,0,0,0,15,111.27,0.11800000000000001,0.30000000000000004,2.697,207.8,95.36,11,740,N/A
2017,5,14,20,30,0,0,0,0,0,0,15,124.88000000000001,0.11800000000000001,0.5,2.684,215.9,94.11,11,740,N/A
2017,5,14,21,30,0,0,0,0,0,0,14,137.75,0.11800000000000001,0.5,2.681,263.7,98.99000000000001,11,740,N/A
2017,5,14,22,30,0,0,0,0,0,0,14,148.91,0.11800000000000001,0.30000000000000004,2.685,279.2,96.46000000000001,10,740,N/A
2017,5,14,23,30,0,0,0,0,0,0,14,155.83,0.11800000000000001,0.2,2.676,233.20000000000002,100,10,740,N/A
2017,5,15,0,30,0,0,0,0,0,0,13,154.73,0.11800000000000001,0.30000000000000004,2.654,223.20000000000002,98.75,10,740,N/A
2017,5,15,1,30,0,0,0,0,0,0,13,146.4,0.11800000000000001,0.30000000000000004,2.633,224.10000000000002,97.25,10,740,N/A
2017,5,15,2,30,0,0,0,0,0,0,13,134.67000000000002,0.11800000000000001,0.30000000000000004,2.617,209.3,95.91,10,740,N/A
2017,5,15,3,30,0,0,0,0,0,0,13,121.56,0.11800000000000001,0.30000000000000004,2.604,183.5,94.93,10,740,N/A
2017,5,15,4,30,0,0,0,0,0,0,13,107.84,0.11800000000000001,0.4,2.602,170.9,94.38,10,740,N/A
2017,5,15,5,30,0,0,0,0,0,0,13,93.82000000000001,0.11800000000000001,0.5,2.618,165.20000000000002,94.02,10,740,N/A
2017,5,15,6,30,66,126,88,33,593,140,13,79.67,0.11800000000000001,0.6000000000000001,2.642,163.60000000000002,96.95,10,740,N/A
2017,5,15,7,30,151,412,322,51,815,389,14,65.5,0.11800000000000001,0.9,2.66,158.10000000000002,95.19,11,740,N/A
2017,5,15,8,30,300,244,453,60,906,626,14,51.410000000000004,0.11800000000000001,1.3,2.665,157.9,92.09,12,740,N/A
2017,5,15,9,30,221,16,234,67,953,822,14,37.63,0.11800000000000001,1.6,2.6590000000000003,152,87.04,13,740,N/A
2017,5,15,10,30,482,279,736,73,976,959,14,24.77,0.11800000000000001,1.7000000000000002,2.642,142.4,80.11,14,740,N/A
2017,5,15,11,30,352,23,375,76,986,1026,14,15.43,0.11800000000000001,1.8,2.623,134.20000000000002,76.17,14,740,N/A
2017,5,15,12,30,526,132,653,75,985,1017,14,17.06,0.11800000000000001,1.8,2.615,130.8,76.28,14,740,N/A
2017,5,15,13,30,223,17,238,74,969,932,14,27.78,0.11800000000000001,1.8,2.609,130.70000000000002,81.34,14,740,N/A
2017,5,15,14,30,129,7,135,69,940,779,14,40.980000000000004,0.11800000000000001,1.7000000000000002,2.599,132.6,81.55,13,740,N/A
2017,5,15,15,30,35,0,35,61,887,571,14,54.86,0.11800000000000001,1.6,2.582,134.20000000000002,87.21000000000001,13,740,N/A
2017,5,15,16,30,11,0,11,49,777,328,14,68.98,0.11800000000000001,1.2000000000000002,2.555,135.20000000000002,87.23,12,740,N/A
2017,5,15,17,30,3,0,3,27,482,85,14,83.15,0.11800000000000001,0.6000000000000001,2.527,133.3,93.2,11,740,N/A
2017,5,15,18,30,0,0,0,0,0,0,14,97.27,0.11800000000000001,0.30000000000000004,2.5060000000000002,132.1,95.41,11,740,N/A
2017,5,15,19,30,0,0,0,0,0,0,13,111.21000000000001,0.11800000000000001,0.1,2.488,146.6,93.32000000000001,11,740,N/A
2017,5,15,20,30,0,0,0,0,0,0,13,124.8,0.11800000000000001,0.1,2.466,169,91.38,10,740,N/A
2017,5,15,21,30,0,0,0,0,0,0,13,137.63,0.11800000000000001,0.1,2.441,197.8,89.02,10,740,N/A
2017,5,15,22,30,0,0,0,0,0,0,12,148.73,0.11800000000000001,0.1,2.418,213.20000000000002,91.4,10,740,N/A
2017,5,15,23,30,0,0,0,0,0,0,11,155.6,0.11800000000000001,0.30000000000000004,2.4050000000000002,156.8,87.41,10,740,N/A
2017,5,16,0,30,0,0,0,0,0,0,11,154.52,0.11800000000000001,0.4,2.4010000000000002,134.9,84.45,9,740,N/A
2017,5,16,1,30,0,0,0,0,0,0,11,146.25,0.11800000000000001,0.30000000000000004,2.404,135,88.46000000000001,9,740,N/A
2017,5,16,2,30,0,0,0,0,0,0,11,134.56,0.11800000000000001,0.2,2.41,138.9,87.77,9,740,N/A
2017,5,16,3,30,0,0,0,0,0,0,11,121.49000000000001,0.11800000000000001,0.1,2.419,123.10000000000001,88.10000000000001,9,740,N/A
2017,5,16,4,30,0,0,0,0,0,0,11,107.8,0.11800000000000001,0.2,2.4250000000000003,63.7,88.39,9,740,N/A
2017,5,16,5,30,0,0,0,0,0,0,11,93.8,0.11800000000000001,0.30000000000000004,2.422,60.6,88.36,9,740,N/A
2017,5,16,6,30,27,0,27,32,613,142,12,79.67,0.11800000000000001,0.7000000000000001,2.412,76.80000000000001,88.47,10,740,N/A
2017,5,16,7,30,178,230,273,49,829,392,12,65.52,0.11800000000000001,1.3,2.4,109.9,82.28,12,740,N/A
2017,5,16,8,30,58,917,630,58,917,630,13,51.45,0.11800000000000001,1.6,2.388,120.10000000000001,75.95,14,740,N/A
2017,5,16,9,30,64,963,827,64,963,827,13,37.71,0.11800000000000001,1.9000000000000001,2.387,128.6,72.73,15,740,N/A
2017,5,16,10,30,75,977,962,75,977,962,14,24.900000000000002,0.11800000000000001,2.2,2.4130000000000003,133.1,69.10000000000001,16,740,N/A
2017,5,16,11,30,77,987,1028,77,987,1028,14,15.65,0.11800000000000001,2.3000000000000003,2.463,135.70000000000002,67.33,17,740,N/A
2017,5,16,12,30,77,984,1017,77,984,1017,14,17.25,0.11800000000000001,2.4000000000000004,2.524,136.9,68.56,16,740,N/A
2017,5,16,13,30,91,943,925,91,943,925,15,27.89,0.11800000000000001,2.3000000000000003,2.586,137.6,73.84,16,740,N/A
2017,5,16,14,30,86,906,770,86,906,770,15,41.04,0.11800000000000001,2.2,2.642,137.8,74.42,15,740,N/A
2017,5,16,15,30,77,843,562,77,843,562,15,54.89,0.11800000000000001,2,2.681,137.3,80.09,14,740,N/A
2017,5,16,16,30,63,710,318,63,710,318,15,68.98,0.11800000000000001,1.7000000000000002,2.695,136.20000000000002,86.56,13,740,N/A
2017,5,16,17,30,33,393,80,33,393,80,15,83.13,0.11800000000000001,1.2000000000000002,2.69,132.5,93.7,12,740,N/A
2017,5,16,18,30,0,0,0,0,0,0,15,97.23,0.11800000000000001,1,2.674,127.80000000000001,98.25,12,740,N/A
2017,5,16,19,30,0,0,0,0,0,0,15,111.16,0.11800000000000001,0.9,2.648,121.80000000000001,95.82000000000001,11,740,N/A
2017,5,16,20,30,0,0,0,0,0,0,14,124.71000000000001,0.11800000000000001,0.8,2.602,119.30000000000001,99.61,11,740,N/A
2017,5,16,21,30,0,0,0,0,0,0,14,137.51,0.11800000000000001,0.7000000000000001,2.539,121.4,96.83,11,740,N/A
2017,5,16,22,30,0,0,0,0,0,0,13,148.56,0.11800000000000001,0.5,2.466,120.9,99.68,10,740,N/A
2017,5,16,23,30,0,0,0,0,0,0,13,155.38,0.11800000000000001,0.5,2.387,119.7,95.93,10,740,N/A
2017,5,17,0,30,0,0,0,0,0,0,12,154.31,0.11800000000000001,0.4,2.322,120,91.97,9,740,N/A
2017,5,17,1,30,0,0,0,0,0,0,12,146.1,0.11800000000000001,0.30000000000000004,2.283,131.9,94.87,9,740,N/A
2017,5,17,2,30,0,0,0,0,0,0,11,134.47,0.11800000000000001,0.2,2.259,152.5,92.22,8,740,N/A
2017,5,17,3,30,0,0,0,0,0,0,11,121.43,0.11800000000000001,0.1,2.237,173,95.85000000000001,8,740,N/A
2017,5,17,4,30,0,0,0,0,0,0,10,107.76,0.11800000000000001,0.1,2.222,192.10000000000002,92.41,8,740,N/A
2017,5,17,5,30,0,0,0,0,0,0,10,93.79,0.11800000000000001,0.1,2.232,235.70000000000002,84.22,8,740,N/A
2017,5,17,6,30,35,594,141,35,594,141,11,79.67,0.11800000000000001,0.2,2.266,286,80,10,740,N/A
2017,5,17,7,30,53,814,390,53,814,390,12,65.54,0.11800000000000001,0.7000000000000001,2.3040000000000003,105,74.78,13,740,N/A
2017,5,17,8,30,128,5,131,64,906,628,12,51.5,0.11800000000000001,1.4000000000000001,2.336,107.9,71.91,14,740,N/A
2017,5,17,9,30,337,35,365,70,953,824,13,37.78,0.11800000000000001,1.8,2.363,110.7,69,15,740,N/A
2017,5,17,10,30,75,978,961,75,978,961,13,25.03,0.11800000000000001,1.9000000000000001,2.3850000000000002,113.7,67.47,16,740,N/A
2017,5,17,11,30,254,19,273,77,988,1027,14,15.860000000000001,0.11800000000000001,2,2.4130000000000003,118,65.23,17,740,N/A
2017,5,17,12,30,470,54,522,76,986,1017,14,17.43,0.11800000000000001,2,2.445,120.60000000000001,66.58,17,740,N/A
2017,5,17,13,30,75,969,931,75,969,931,14,27.990000000000002,0.11800000000000001,1.9000000000000001,2.483,122.2,67.47,16,740,N/A
2017,5,17,14,30,72,936,777,72,936,777,14,41.09,0.11800000000000001,1.8,2.521,123.4,72.06,15,740,N/A
2017,5,17,15,30,64,878,569,64,878,569,14,54.910000000000004,0.11800000000000001,1.7000000000000002,2.5460000000000003,122.7,77.52,15,740,N/A
2017,5,17,16,30,54,754,325,54,754,325,15,68.99,0.11800000000000001,1.4000000000000001,2.5460000000000003,120.80000000000001,83.87,14,740,N/A
2017,5,17,17,30,30,443,83,30,443,83,15,83.12,0.11800000000000001,0.9,2.525,117.4,90.69,12,740,N/A
2017,5,17,18,30,0,0,0,0,0,0,15,97.2,0.11800000000000001,0.5,2.493,109.4,96.58,12,740,N/A
2017,5,17,19,30,0,0,0,0,0,0,15,111.10000000000001,0.11800000000000001,0.5,2.45,100.10000000000001,100,11,740,N/A
2017,5,17,20,30,0,0,0,0,0,0,14,124.63000000000001,0.11800000000000001,0.5,2.392,96.10000000000001,98.3,11,740,N/A
2017,5,17,21,30,0,0,0,0,0,0,14,137.39000000000001,0.11800000000000001,0.5,2.327,92,95.79,10,740,N/A
2017,5,17,22,30,0,0,0,0,0,0,13,148.39000000000001,0.11800000000000001,0.4,2.266,84.7,98.18,10,740,N/A
2017,5,17,23,30,0,0,0,0,0,0,12,155.16,0.11800000000000001,0.4,2.211,76.7,93.46000000000001,9,740,N/A
2017,5,18,0,30,0,0,0,0,0,0,12,154.11,0.11800000000000001,0.4,2.1590000000000003,72.10000000000001,95.91,9,740,N/A
2017,5,18,1,30,0,0,0,0,0,0,11,145.96,0.11800000000000001,0.4,2.104,74.10000000000001,93.29,9,740,N/A
2017,5,18,2,30,0,0,0,0,0,0,11,134.37,0.11800000000000001,0.4,2.053,70.2,91.29,8,740,N/A
2017,5,18,3,30,0,0,0,0,0,0,11,121.37,0.11800000000000001,0.4,2.013,61.5,95.48,8,740,N/A
2017,5,18,4,30,0,0,0,0,0,0,11,107.72,0.11800000000000001,0.5,1.989,61.900000000000006,93.75,8,740,N/A
2017,5,18,5,30,0,0,0,0,0,0,10,93.77,0.11800000000000001,0.7000000000000001,1.974,67.7,85.99,8,740,N/A
2017,5,18,6,30,34,612,143,34,612,143,12,79.68,0.11800000000000001,1.2000000000000002,1.968,86.7,83.51,10,740,N/A
2017,5,18,7,30,50,833,395,50,833,395,13,65.56,0.11800000000000001,1.9000000000000001,1.964,97,79.78,13,740,N/A
2017,5,18,8,30,278,58,315,59,924,634,13,51.550000000000004,0.11800000000000001,2.3000000000000003,1.957,97.30000000000001,70.86,14,740,N/A
2017,5,18,9,30,65,971,832,65,971,832,13,37.86,0.11800000000000001,2.5,1.964,99.10000000000001,67.63,15,740,N/A
2017,5,18,10,30,474,288,736,84,973,965,14,25.16,0.11800000000000001,2.6,1.996,100.4,64.87,16,740,N/A
2017,5,18,11,30,345,22,367,85,985,1032,14,16.07,0.11800000000000001,2.6,2.037,101.60000000000001,65.95,17,740,N/A
2017,5,18,12,30,528,169,690,83,985,1023,14,17.61,0.11800000000000001,2.5,2.082,103,62.6,18,740,N/A
2017,5,18,13,30,474,128,587,93,950,932,14,28.09,0.11800000000000001,2.4000000000000004,2.1310000000000002,103.60000000000001,62.550000000000004,17,740,N/A
2017,5,18,14,30,86,917,777,86,917,777,14,41.14,0.11800000000000001,2.3000000000000003,2.18,103.60000000000001,66.24,16,740,N/A
2017,5,18,15,30,76,855,567,76,855,567,14,54.94,0.11800000000000001,2,2.215,103.4,70.57000000000001,15,740,N/A
2017,5,18,16,30,62,728,323,62,728,323,14,68.99,0.11800000000000001,1.5,2.223,102.80000000000001,76.29,14,740,N/A
2017,5,18,17,30,33,402,81,33,402,81,15,83.10000000000001,0.11800000000000001,0.9,2.208,103.4,88.63,13,740,N/A
2017,5,18,18,30,0,0,0,0,0,0,15,97.16,0.11800000000000001,0.6000000000000001,2.191,97.10000000000001,94,12,740,N/A
2017,5,18,19,30,0,0,0,0,0,0,14,111.04,0.11800000000000001,0.6000000000000001,2.186,90.9,90.31,11,740,N/A
2017,5,18,20,30,0,0,0,0,0,0,14,124.54,0.11800000000000001,0.6000000000000001,2.194,91,94.09,11,740,N/A
2017,5,18,21,30,0,0,0,0,0,0,13,137.27,0.11800000000000001,0.6000000000000001,2.211,88.80000000000001,98.21000000000001,10,740,N/A
2017,5,18,22,30,0,0,0,0,0,0,13,148.23,0.11800000000000001,0.5,2.227,84.5,95.45,10,740,N/A
2017,5,18,23,30,0,0,0,0,0,0,12,154.95000000000002,0.11800000000000001,0.5,2.232,84.10000000000001,92.49,9,740,N/A
2017,5,19,0,30,0,0,0,0,0,0,12,153.91,0.11800000000000001,0.5,2.224,85.5,95.92,9,740,N/A
2017,5,19,1,30,0,0,0,0,0,0,12,145.82,0.11800000000000001,0.5,2.213,85.60000000000001,93.82000000000001,9,740,N/A
2017,5,19,2,30,0,0,0,0,0,0,11,134.28,0.11800000000000001,0.5,2.207,83.9,92.14,8,740,N/A
2017,5,19,3,30,0,0,0,0,0,0,11,121.31,0.11800000000000001,0.5,2.197,85.10000000000001,91.13,8,740,N/A
2017,5,19,4,30,0,0,0,0,0,0,11,107.69,0.11800000000000001,0.6000000000000001,2.176,84.10000000000001,96.65,8,740,N/A
2017,5,19,5,30,0,0,0,0,0,0,11,93.76,0.11800000000000001,0.7000000000000001,2.1510000000000002,82.80000000000001,90.17,9,740,N/A
2017,5,19,6,30,40,541,137,40,541,137,12,79.69,0.11800000000000001,1.3,2.129,91.2,86.06,11,740,N/A
2017,5,19,7,30,60,790,387,60,790,387,13,65.59,0.11800000000000001,1.8,2.11,94.7,75.16,13,740,N/A
2017,5,19,8,30,71,893,626,71,893,626,13,51.6,0.11800000000000001,1.9000000000000001,2.104,93.80000000000001,71.37,15,740,N/A
2017,5,19,9,30,77,945,823,77,945,823,14,37.94,0.11800000000000001,2,2.114,95.5,68.49,16,740,N/A
2017,5,19,10,30,79,976,962,79,976,962,14,25.29,0.11800000000000001,2.3000000000000003,2.1390000000000002,101,66.05,17,740,N/A
2017,5,19,11,30,80,987,1028,80,987,1028,14,16.27,0.11800000000000001,2.6,2.1750000000000003,105.4,63.78,18,740,N/A
2017,5,19,12,30,488,68,553,80,985,1018,15,17.79,0.11800000000000001,2.7,2.223,106.7,61.31,18,740,N/A
2017,5,19,13,30,468,110,565,97,940,925,15,28.18,0.11800000000000001,2.6,2.2840000000000003,106.10000000000001,65.75,18,730,N/A
2017,5,19,14,30,368,76,425,92,899,770,15,41.19,0.11800000000000001,2.4000000000000004,2.354,104.9,70.05,17,730,N/A
2017,5,19,15,30,84,828,560,84,828,560,15,54.96,0.11800000000000001,2.1,2.43,104.5,74.94,16,730,N/A
2017,5,19,16,30,70,684,315,70,684,315,15,68.98,0.11800000000000001,1.7000000000000002,2.5020000000000002,104.30000000000001,80.39,15,730,N/A
2017,5,19,17,30,37,344,78,37,344,78,15,83.08,0.11800000000000001,1.1,2.553,105.5,87.11,14,740,N/A
2017,5,19,18,30,0,0,0,0,0,0,16,97.12,0.11800000000000001,0.7000000000000001,2.576,108.80000000000001,95.33,13,740,N/A
2017,5,19,19,30,0,0,0,0,0,0,15,110.98,0.11800000000000001,0.7000000000000001,2.569,110.60000000000001,92.83,12,740,N/A
2017,5,19,20,30,0,0,0,0,0,0,15,124.46000000000001,0.11800000000000001,0.7000000000000001,2.533,111,96.57000000000001,12,740,N/A
2017,5,19,21,30,0,0,0,0,0,0,15,137.15,0.11800000000000001,0.8,2.486,109,94.64,11,740,N/A
2017,5,19,22,30,0,0,0,0,0,0,14,148.06,0.11800000000000001,0.9,2.45,108.2,98.38,11,740,N/A
2017,5,19,23,30,0,0,0,0,0,0,14,154.74,0.11800000000000001,1,2.43,102.5,95.87,11,740,N/A
2017,5,20,0,30,0,0,0,0,0,0,14,153.72,0.11800000000000001,1.1,2.418,96.4,93.93,10,740,N/A
2017,5,20,1,30,0,0,0,0,0,0,13,145.68,0.11800000000000001,1,2.4130000000000003,97.9,92.34,10,740,N/A
2017,5,20,2,30,0,0,0,0,0,0,13,134.19,0.11800000000000001,1,2.41,100.9,90.61,10,740,N/A
2017,5,20,3,30,0,0,0,0,0,0,13,121.25,0.11800000000000001,1,2.394,106.7,95.84,10,740,N/A
2017,5,20,4,30,0,0,0,0,0,0,13,107.66,0.11800000000000001,1.2000000000000002,2.37,108.9,95.03,10,740,N/A
2017,5,20,5,30,0,0,0,0,0,0,13,93.75,0.11800000000000001,1.4000000000000001,2.354,106.7,94.44,10,740,N/A
2017,5,20,6,30,31,0,31,34,600,141,13,79.69,0.11800000000000001,1.8,2.358,103,93.22,11,740,N/A
2017,5,20,7,30,69,0,69,51,819,389,14,65.62,0.11800000000000001,2.2,2.356,96.60000000000001,89.68,12,740,N/A
2017,5,20,8,30,174,11,181,60,912,626,14,51.65,0.11800000000000001,2.5,2.332,95.9,79.83,13,740,N/A
2017,5,20,9,30,233,16,247,65,960,822,14,38.02,0.11800000000000001,2.8000000000000003,2.326,99.30000000000001,74.15,15,740,N/A
2017,5,20,10,30,471,353,790,73,979,958,14,25.42,0.11800000000000001,2.8000000000000003,2.344,103.30000000000001,69.48,16,740,N/A
2017,5,20,11,30,528,131,654,74,991,1024,14,16.47,0.11800000000000001,2.7,2.368,107.80000000000001,66.09,16,740,N/A
2017,5,20,12,30,484,65,546,73,989,1015,14,17.95,0.11800000000000001,2.5,2.407,111.5,67.25,17,740,N/A
2017,5,20,13,30,434,348,741,90,945,923,14,28.27,0.11800000000000001,2.4000000000000004,2.48,113.5,68.35000000000001,17,740,N/A
2017,5,20,14,30,372,300,598,88,903,767,15,41.24,0.11800000000000001,2.3000000000000003,2.564,116,74.04,16,740,N/A
2017,5,20,15,30,217,457,479,81,831,558,15,54.97,0.11800000000000001,2.1,2.632,119.4,80.28,15,740,N/A
2017,5,20,16,30,130,365,261,67,693,316,15,68.98,0.11800000000000001,1.7000000000000002,2.68,120.60000000000001,86.3,14,740,N/A
2017,5,20,17,30,41,205,66,35,369,79,16,83.05,0.11800000000000001,1.3,2.711,120.2,94.65,13,740,N/A
2017,5,20,18,30,0,0,0,0,0,0,16,97.08,0.11800000000000001,1.1,2.723,120.30000000000001,94.98,13,740,N/A
2017,5,20,19,30,0,0,0,0,0,0,15,110.91,0.11800000000000001,1,2.706,114.60000000000001,93.47,12,740,N/A
2017,5,20,20,30,0,0,0,0,0,0,15,124.37,0.11800000000000001,0.7000000000000001,2.645,108.4,97.16,12,740,N/A
2017,5,20,21,30,0,0,0,0,0,0,15,137.03,0.11800000000000001,0.5,2.552,100.60000000000001,95.21000000000001,11,740,N/A
2017,5,20,22,30,0,0,0,0,0,0,14,147.9,0.11800000000000001,0.30000000000000004,2.456,87.7,97.69,11,740,N/A
2017,5,20,23,30,0,0,0,0,0,0,13,154.54,0.11800000000000001,0.30000000000000004,2.383,83.5,93.11,10,740,N/A
2017,5,21,0,30,0,0,0,0,0,0,13,153.54,0.11800000000000001,0.30000000000000004,2.328,89.60000000000001,94.9,10,740,N/A
2017,5,21,1,30,0,0,0,0,0,0,12,145.55,0.11800000000000001,0.2,2.271,89.4,91.79,10,740,N/A
2017,5,21,2,30,0,0,0,0,0,0,12,134.11,0.11800000000000001,0.2,2.211,93.2,89.45,9,740,N/A
2017,5,21,3,30,0,0,0,0,0,0,11,121.2,0.11800000000000001,0.2,2.158,100.4,93.29,9,740,N/A
2017,5,21,4,30,0,0,0,0,0,0,11,107.63,0.11800000000000001,0.2,2.1270000000000002,96.2,91.34,9,740,N/A
2017,5,21,5,30,0,0,0,0,0,0,11,93.74,0.11800000000000001,0.30000000000000004,2.125,75.7,84.22,9,740,N/A
2017,5,21,6,30,34,605,142,34,605,142,12,79.71000000000001,0.11800000000000001,0.8,2.1550000000000002,87.2,81.64,11,740,N/A
2017,5,21,7,30,52,820,390,52,820,390,14,65.65,0.11800000000000001,1.2000000000000002,2.209,100,77.77,13,740,N/A
2017,5,21,8,30,304,170,409,63,906,625,14,51.7,0.11800000000000001,1.6,2.273,97.80000000000001,74.84,14,740,N/A
2017,5,21,9,30,387,74,445,71,950,819,14,38.1,0.11800000000000001,1.9000000000000001,2.35,103.4,70.81,15,740,N/A
2017,5,21,10,30,468,83,543,86,957,950,14,25.55,0.11800000000000001,2.2,2.433,108.2,67.47,16,740,N/A
2017,5,21,11,30,162,13,176,89,967,1015,15,16.66,0.11800000000000001,2.5,2.512,111.2,68.75,17,740,N/A
2017,5,21,12,30,247,18,265,88,965,1005,15,18.12,0.11800000000000001,2.5,2.578,111.7,69.64,16,740,N/A
2017,5,21,13,30,100,925,915,100,925,915,15,28.36,0.11800000000000001,2.4000000000000004,2.628,110.80000000000001,74.78,16,740,N/A
2017,5,21,14,30,93,890,762,93,890,762,15,41.28,0.11800000000000001,2.2,2.6590000000000003,110,75.34,15,740,N/A
2017,5,21,15,30,81,829,557,81,829,557,15,54.99,0.11800000000000001,2.1,2.6710000000000003,109.2,80.87,15,740,N/A
2017,5,21,16,30,65,701,316,65,701,316,15,68.97,0.11800000000000001,1.7000000000000002,2.67,107.7,86.39,14,740,N/A
2017,5,21,17,30,34,380,80,34,380,80,15,83.03,0.11800000000000001,1.1,2.654,102.80000000000001,91.89,12,740,N/A
2017,5,21,18,30,0,0,0,0,0,0,15,97.03,0.11800000000000001,0.7000000000000001,2.629,95.5,97.56,12,740,N/A
2017,5,21,19,30,0,0,0,0,0,0,15,110.85000000000001,0.11800000000000001,0.6000000000000001,2.596,83,100,11,740,N/A
2017,5,21,20,30,0,0,0,0,0,0,14,124.28,0.11800000000000001,0.5,2.556,69.2,98.42,11,740,N/A
2017,5,21,21,30,0,0,0,0,0,0,14,136.91,0.11800000000000001,0.5,2.5180000000000002,62.900000000000006,100,10,740,N/A
2017,5,21,22,30,0,0,0,0,0,0,13,147.74,0.11800000000000001,0.5,2.483,65.5,96.75,10,740,N/A
2017,5,21,23,30,0,0,0,0,0,0,13,154.34,0.11800000000000001,0.6000000000000001,2.465,71.2,94.06,9,740,N/A
2017,5,22,0,30,0,0,0,0,0,0,12,153.36,0.11800000000000001,0.6000000000000001,2.479,66.4,92.05,9,740,N/A
2017,5,22,1,30,0,0,0,0,0,0,12,145.43,0.11800000000000001,0.6000000000000001,2.512,60.5,90.52,9,740,N/A
2017,5,22,2,30,0,0,0,0,0,0,12,134.03,0.11800000000000001,0.6000000000000001,2.54,59.900000000000006,95.98,9,740,N/A
2017,5,22,3,30,0,0,0,0,0,0,12,121.15,0.11800000000000001,0.7000000000000001,2.5420000000000003,69.3,95.82000000000001,9,740,N/A
2017,5,22,4,30,0,0,0,0,0,0,12,107.61,0.11800000000000001,0.7000000000000001,2.519,79.30000000000001,95.72,9,740,N/A
2017,5,22,5,30,0,0,0,0,0,0,12,93.74,0.11800000000000001,0.9,2.494,89.9,95.45,9,740,N/A
2017,5,22,6,30,22,0,22,32,612,141,13,79.72,0.11800000000000001,1.4000000000000001,2.48,97.7,88.42,10,740,N/A
2017,5,22,7,30,92,0,92,47,827,388,14,65.68,0.11800000000000001,2,2.481,109.10000000000001,88.38,12,740,N/A
2017,5,22,8,30,239,27,256,57,913,622,14,51.75,0.11800000000000001,2.4000000000000004,2.487,115,84.94,13,740,N/A
2017,5,22,9,30,254,18,269,63,958,817,14,38.19,0.11800000000000001,2.6,2.487,116.80000000000001,79.31,13,740,N/A
2017,5,22,10,30,158,12,170,68,982,953,14,25.67,0.11800000000000001,2.7,2.481,115,77.7,14,740,N/A
2017,5,22,11,30,511,95,602,70,992,1019,13,16.85,0.11800000000000001,2.6,2.474,110,72.09,14,740,N/A
2017,5,22,12,30,465,53,516,69,991,1011,13,18.28,0.11800000000000001,2.3000000000000003,2.469,104.80000000000001,71.65,14,740,N/A
2017,5,22,13,30,379,33,408,68,977,927,13,28.44,0.11800000000000001,2.1,2.465,100.7,71.61,14,740,N/A
2017,5,22,14,30,351,57,394,64,948,776,13,41.32,0.11800000000000001,1.9000000000000001,2.463,97.30000000000001,76.37,14,740,N/A
2017,5,22,15,30,267,254,413,57,895,571,13,55,0.11800000000000001,1.6,2.461,95.7,77.18,13,740,N/A
2017,5,22,16,30,134,329,252,47,788,330,14,68.97,0.11800000000000001,1.1,2.453,96,83.75,12,740,N/A
2017,5,22,17,30,39,229,67,27,501,88,14,83,0.11800000000000001,0.6000000000000001,2.439,95.9,89.99,11,740,N/A
2017,5,22,18,30,0,0,0,0,0,0,13,96.99000000000001,0.11800000000000001,0.30000000000000004,2.418,80.60000000000001,93.28,11,740,N/A
2017,5,22,19,30,0,0,0,0,0,0,13,110.79,0.11800000000000001,0.30000000000000004,2.388,64.9,96.16,10,740,N/A
2017,5,22,20,30,0,0,0,0,0,0,12,124.2,0.11800000000000001,0.30000000000000004,2.35,54.400000000000006,93.2,10,740,N/A
2017,5,22,21,30,0,0,0,0,0,0,12,136.79,0.11800000000000001,0.30000000000000004,2.313,54,89.91,9,740,N/A
2017,5,22,22,30,0,0,0,0,0,0,11,147.58,0.11800000000000001,0.30000000000000004,2.289,56.800000000000004,92.12,9,740,N/A
2017,5,22,23,30,0,0,0,0,0,0,11,154.15,0.11800000000000001,0.30000000000000004,2.279,64.60000000000001,89.42,8,740,N/A
2017,5,23,0,30,0,0,0,0,0,0,10,153.18,0.11800000000000001,0.4,2.275,69.4,87.39,8,740,N/A
2017,5,23,1,30,0,0,0,0,0,0,10,145.31,0.11800000000000001,0.4,2.2680000000000002,53.2,86.03,8,740,N/A
2017,5,23,2,30,0,0,0,0,0,0,10,133.95,0.11800000000000001,0.4,2.251,49.7,90.39,8,740,N/A
2017,5,23,3,30,0,0,0,0,0,0,10,121.11,0.11800000000000001,0.5,2.223,60.1,89.39,8,740,N/A
2017,5,23,4,30,0,0,0,0,0,0,10,107.59,0.11800000000000001,0.5,2.19,57.400000000000006,88.02,8,740,N/A
2017,5,23,5,30,0,0,0,0,0,0,9,93.74,0.11800000000000001,0.5,2.156,49.2,81.35000000000001,8,740,N/A
2017,5,23,6,30,33,602,141,33,602,141,11,79.73,0.11800000000000001,0.9,2.133,56.400000000000006,79.43,10,740,N/A
2017,5,23,7,30,101,0,101,51,822,389,12,65.71000000000001,0.11800000000000001,1.6,2.13,88.80000000000001,75.29,13,740,N/A
2017,5,23,8,30,162,9,168,61,911,625,12,51.81,0.11800000000000001,2.2,2.1470000000000002,94.2,66.84,14,740,N/A
2017,5,23,9,30,326,32,351,68,957,820,12,38.27,0.11800000000000001,2.6,2.1750000000000003,97.30000000000001,63.5,15,740,N/A
2017,5,23,10,30,190,15,204,87,959,951,13,25.8,0.11800000000000001,2.7,2.205,99.4,61.03,16,740,N/A
2017,5,23,11,30,268,19,287,88,972,1018,13,17.04,0.11800000000000001,2.8000000000000003,2.235,100.7,62.480000000000004,17,740,N/A
2017,5,23,12,30,524,173,688,86,972,1009,13,18.43,0.11800000000000001,2.7,2.2680000000000002,101.2,63.38,17,740,N/A
2017,5,23,13,30,367,30,394,111,914,914,13,28.52,0.11800000000000001,2.5,2.303,102.10000000000001,63.940000000000005,17,740,N/A
2017,5,23,14,30,386,136,488,103,877,761,14,41.36,0.11800000000000001,2.4000000000000004,2.342,103.10000000000001,64.37,16,740,N/A
2017,5,23,15,30,91,809,555,91,809,555,14,55.01,0.11800000000000001,2.3000000000000003,2.374,103.30000000000001,68.82000000000001,15,740,N/A
2017,5,23,16,30,73,673,314,73,673,314,14,68.96000000000001,0.11800000000000001,1.8,2.387,102.4,73.79,14,740,N/A
2017,5,23,17,30,38,333,79,38,333,79,14,82.98,0.11800000000000001,1.2000000000000002,2.382,101.60000000000001,86.08,13,740,N/A
2017,5,23,18,30,0,0,0,0,0,0,14,96.94,0.11800000000000001,0.9,2.374,99.30000000000001,91.95,12,740,N/A
2017,5,23,19,30,0,0,0,0,0,0,14,110.72,0.11800000000000001,0.9,2.365,95,89.53,11,740,N/A
2017,5,23,20,30,0,0,0,0,0,0,14,124.11,0.11800000000000001,0.8,2.348,92,93.81,11,740,N/A
2017,5,23,21,30,0,0,0,0,0,0,13,136.68,0.11800000000000001,0.7000000000000001,2.319,91.60000000000001,92.60000000000001,10,740,N/A
2017,5,23,22,30,0,0,0,0,0,0,13,147.43,0.11800000000000001,0.7000000000000001,2.279,93,96.88,10,740,N/A
2017,5,23,23,30,0,0,0,0,0,0,13,153.96,0.11800000000000001,0.8,2.229,93.9,94.77,10,740,N/A
2017,5,24,0,30,0,0,0,0,0,0,12,153.02,0.11800000000000001,0.8,2.182,96.30000000000001,93.01,9,740,N/A
2017,5,24,1,30,0,0,0,0,0,0,12,145.19,0.11800000000000001,1,2.1470000000000002,97.9,91.21000000000001,9,740,N/A
2017,5,24,2,30,0,0,0,0,0,0,12,133.88,0.11800000000000001,1.1,2.128,98.30000000000001,95.62,9,740,N/A
2017,5,24,3,30,0,0,0,0,0,0,12,121.07000000000001,0.11800000000000001,1.2000000000000002,2.12,98.5,94.17,9,740,N/A
2017,5,24,4,30,0,0,0,0,0,0,11,107.57000000000001,0.11800000000000001,1.2000000000000002,2.122,98.9,92.89,9,740,N/A
2017,5,24,5,30,0,0,0,0,0,0,11,93.74,0.11800000000000001,1.4000000000000001,2.136,99.5,91.93,9,740,N/A
2017,5,24,6,30,58,0,58,38,555,137,12,79.75,0.11800000000000001,2,2.1670000000000003,102.4,85.74,11,740,N/A
2017,5,24,7,30,170,62,196,57,795,384,13,65.75,0.11800000000000001,2.7,2.213,103.5,83.25,12,740,N/A
2017,5,24,8,30,296,239,444,67,894,620,13,51.86,0.11800000000000001,3.1,2.2560000000000002,105.30000000000001,79.47,13,740,N/A
2017,5,24,9,30,381,202,540,73,945,815,13,38.35,0.11800000000000001,3.3000000000000003,2.2880000000000003,107.10000000000001,75.01,14,740,N/A
2017,5,24,10,30,426,49,471,77,972,951,13,25.93,0.11800000000000001,3.4000000000000004,2.305,105.5,70.18,14,740,N/A
2017,5,24,11,30,403,30,432,78,985,1019,13,17.22,0.11800000000000001,3.3000000000000003,2.311,102.7,69.59,15,740,N/A
2017,5,24,12,30,478,63,538,76,986,1010,13,18.580000000000002,0.11800000000000001,3.1,2.309,99.9,68.73,15,740,N/A
2017,5,24,13,30,405,44,444,72,975,928,12,28.6,0.11800000000000001,2.8000000000000003,2.3040000000000003,97.2,67.82000000000001,14,740,N/A
2017,5,24,14,30,225,16,237,66,948,777,12,41.39,0.11800000000000001,2.5,2.299,95.5,71.55,14,740,N/A
2017,5,24,15,30,97,0,97,58,896,572,12,55.02,0.11800000000000001,2.2,2.2960000000000003,93.60000000000001,76.35000000000001,13,740,N/A
2017,5,24,16,30,52,0,52,47,791,331,12,68.94,0.11800000000000001,1.9000000000000001,2.297,91.5,79.14,12,740,N/A
2017,5,24,17,30,14,0,14,26,509,89,13,82.95,0.11800000000000001,1.5,2.298,89.60000000000001,88.18,11,740,N/A
2017,5,24,18,30,0,0,0,0,0,0,12,96.9,0.11800000000000001,1.4000000000000001,2.298,89.80000000000001,90.31,10,740,N/A
2017,5,24,19,30,0,0,0,0,0,0,11,110.66,0.11800000000000001,1.3,2.301,90.7,87.74,9,740,N/A
2017,5,24,20,30,0,0,0,0,0,0,11,124.02,0.11800000000000001,1.2000000000000002,2.303,91.7,92.05,9,740,N/A
2017,5,24,21,30,0,0,0,0,0,0,11,136.56,0.11800000000000001,1,2.289,92.30000000000001,90.48,9,740,N/A
2017,5,24,22,30,0,0,0,0,0,0,11,147.27,0.11800000000000001,1,2.248,93.10000000000001,88.91,8,740,N/A
2017,5,24,23,30,0,0,0,0,0,0,10,153.78,0.11800000000000001,1,2.184,94.80000000000001,93.44,8,740,N/A
2017,5,25,0,30,0,0,0,0,0,0,10,152.85,0.11800000000000001,1.1,2.109,97.60000000000001,92.5,8,740,N/A
2017,5,25,1,30,0,0,0,0,0,0,10,145.08,0.11800000000000001,1.2000000000000002,2.033,100,91.89,8,740,N/A
2017,5,25,2,30,0,0,0,0,0,0,10,133.81,0.11800000000000001,1.5,1.967,101.4,91.7,8,740,N/A
2017,5,25,3,30,0,0,0,0,0,0,10,121.03,0.11800000000000001,1.6,1.921,102.4,91.43,8,740,N/A
2017,5,25,4,30,0,0,0,0,0,0,10,107.55,0.11800000000000001,1.7000000000000002,1.9080000000000001,102.5,90.85000000000001,8,740,N/A
2017,5,25,5,30,0,0,0,0,0,0,10,93.74,0.11800000000000001,1.7000000000000002,1.922,101.10000000000001,90.4,8,740,N/A
2017,5,25,6,30,39,556,137,39,556,137,11,79.77,0.11800000000000001,1.9000000000000001,1.952,98.5,85.05,10,740,N/A
2017,5,25,7,30,179,124,230,61,786,383,12,65.78,0.11800000000000001,2.3000000000000003,1.986,90.60000000000001,78.91,12,740,N/A
2017,5,25,8,30,295,106,361,74,882,619,12,51.92,0.11800000000000001,2.8000000000000003,2.02,93.2,70.94,14,740,N/A
2017,5,25,9,30,251,18,265,83,933,814,12,38.44,0.11800000000000001,3.2,2.051,98.10000000000001,63.5,15,740,N/A
2017,5,25,10,30,392,34,423,106,932,944,13,26.05,0.11800000000000001,3.4000000000000004,2.075,102.2,61.22,16,740,N/A
2017,5,25,11,30,476,161,630,104,952,1012,13,17.39,0.11800000000000001,3.5,2.099,104.5,62.690000000000005,17,740,N/A
2017,5,25,12,30,522,176,689,99,956,1005,13,18.72,0.11800000000000001,3.4000000000000004,2.136,105.5,59.84,17,740,N/A
2017,5,25,13,30,474,182,633,130,885,906,13,28.67,0.11800000000000001,3.2,2.185,106.4,63.910000000000004,17,740,N/A
2017,5,25,14,30,383,227,554,118,850,755,13,41.42,0.11800000000000001,2.9000000000000004,2.237,107.4,63.63,16,740,N/A
2017,5,25,15,30,271,116,338,101,782,550,13,55.02,0.11800000000000001,2.5,2.2800000000000002,108.80000000000001,67.39,15,740,N/A
2017,5,25,16,30,150,221,229,79,646,312,13,68.93,0.11800000000000001,1.9000000000000001,2.315,109,72.12,14,740,N/A
2017,5,25,17,30,45,102,57,41,305,78,14,82.92,0.11800000000000001,1.2000000000000002,2.338,106.7,86.36,13,740,N/A
2017,5,25,18,30,0,0,0,0,0,0,14,96.85000000000001,0.11800000000000001,0.8,2.352,99,89.87,12,740,N/A
2017,5,25,19,30,0,0,0,0,0,0,13,110.59,0.11800000000000001,0.7000000000000001,2.358,91.30000000000001,86.96000000000001,11,740,N/A
2017,5,25,20,30,0,0,0,0,0,0,13,123.94,0.11800000000000001,0.7000000000000001,2.355,87.7,90.8,11,740,N/A
2017,5,25,21,30,0,0,0,0,0,0,13,136.45,0.11800000000000001,0.7000000000000001,2.339,87.9,89.8,11,740,N/A
2017,5,25,22,30,0,0,0,0,0,0,13,147.13,0.11800000000000001,0.8,2.308,90.10000000000001,88.95,10,740,N/A
2017,5,25,23,30,0,0,0,0,0,0,12,153.6,0.11800000000000001,0.9,2.2720000000000002,91,93.67,10,740,N/A
2017,5,26,0,30,0,0,0,0,0,0,12,152.70000000000002,0.11800000000000001,0.8,2.245,91,92.3,9,740,N/A
2017,5,26,1,30,0,0,0,0,0,0,12,144.98,0.11800000000000001,0.8,2.227,92.5,90.88,9,740,N/A
2017,5,26,2,30,0,0,0,0,0,0,12,133.75,0.11800000000000001,0.8,2.216,95.5,95.82000000000001,9,740,N/A
2017,5,26,3,30,0,0,0,0,0,0,12,120.99000000000001,0.11800000000000001,0.8,2.201,101,95.03,9,740,N/A
2017,5,26,4,30,0,0,0,0,0,0,12,107.54,0.11800000000000001,0.8,2.191,107.80000000000001,94.31,9,740,N/A
2017,5,26,5,30,0,0,0,0,0,0,12,93.74,0.11800000000000001,0.9,2.195,109.5,93.74,9,740,N/A
2017,5,26,6,30,65,65,77,44,494,131,12,79.79,0.11800000000000001,1.4000000000000001,2.215,110.7,87.77,11,740,N/A
2017,5,26,7,30,179,160,245,66,756,376,13,65.82000000000001,0.11800000000000001,2,2.244,111.60000000000001,79.84,13,740,N/A
2017,5,26,8,30,233,478,527,78,867,612,13,51.980000000000004,0.11800000000000001,2.5,2.277,111.7,76.95,14,740,N/A
2017,5,26,9,30,391,86,458,85,921,806,14,38.52,0.11800000000000001,2.8000000000000003,2.307,112.30000000000001,73.84,15,740,N/A
2017,5,26,10,30,90,949,943,90,949,943,14,26.17,0.11800000000000001,3,2.328,112.5,70.4,16,740,N/A
2017,5,26,11,30,461,50,508,93,961,1009,14,17.56,0.11800000000000001,3,2.349,111.80000000000001,67.01,17,740,N/A
2017,5,26,12,30,431,38,467,93,959,1000,14,18.86,0.11800000000000001,2.8000000000000003,2.369,111.5,67.53,17,740,N/A
2017,5,26,13,30,270,19,286,98,930,914,14,28.740000000000002,0.11800000000000001,2.6,2.387,112.10000000000001,67.78,16,740,N/A
2017,5,26,14,30,93,892,762,93,892,762,14,41.45,0.11800000000000001,2.4000000000000004,2.399,112.2,72.3,16,740,N/A
2017,5,26,15,30,83,825,557,83,825,557,14,55.03,0.11800000000000001,2.3000000000000003,2.4050000000000002,112.5,77.15,15,740,N/A
2017,5,26,16,30,92,576,299,68,692,317,15,68.91,0.11800000000000001,1.9000000000000001,2.395,113.5,83.41,14,740,N/A
2017,5,26,17,30,39,308,77,36,363,81,15,82.88,0.11800000000000001,1.3,2.352,115.60000000000001,90.08,13,740,N/A
2017,5,26,18,30,0,0,0,0,0,0,15,96.8,0.11800000000000001,0.9,2.285,112.5,94.19,12,740,N/A
2017,5,26,19,30,0,0,0,0,0,0,14,110.53,0.11800000000000001,0.9,2.214,110.80000000000001,97.39,11,740,N/A
2017,5,26,20,30,0,0,0,0,0,0,14,123.85000000000001,0.11800000000000001,0.9,2.152,106.80000000000001,94.42,10,740,N/A
2017,5,26,21,30,0,0,0,0,0,0,13,136.34,0.11800000000000001,0.7000000000000001,2.095,98.10000000000001,97.69,10,740,N/A
2017,5,26,22,30,0,0,0,0,0,0,12,146.98,0.11800000000000001,0.4,2.033,86.2,99.66,9,740,N/A
2017,5,26,23,30,0,0,0,0,0,0,12,153.43,0.11800000000000001,0.2,1.977,80.5,95.22,9,740,N/A
2017,5,27,0,30,0,0,0,0,0,0,11,152.55,0.11800000000000001,0.2,1.934,82.5,97.65,8,740,N/A
2017,5,27,1,30,0,0,0,0,0,0,11,144.88,0.11800000000000001,0.2,1.9040000000000001,84.30000000000001,94.37,8,740,N/A
2017,5,27,2,30,0,0,0,0,0,0,10,133.69,0.11800000000000001,0.30000000000000004,1.8800000000000001,82.10000000000001,91.09,7,740,N/A
2017,5,27,3,30,0,0,0,0,0,0,10,120.96000000000001,0.11800000000000001,0.2,1.869,79.80000000000001,93.85000000000001,7,740,N/A
2017,5,27,4,30,0,0,0,0,0,0,9,107.53,0.11800000000000001,0.2,1.8860000000000001,68.3,90.66,7,740,N/A
2017,5,27,5,30,0,0,0,0,0,0,9,93.75,0.11800000000000001,0.2,1.919,41.300000000000004,82.63,8,740,N/A
2017,5,27,6,30,62,27,67,34,596,140,10,79.82000000000001,0.11800000000000001,0.5,1.946,40.6,81.60000000000001,10,740,N/A
2017,5,27,7,30,137,11,141,51,822,387,12,65.86,0.11800000000000001,1,1.958,101.5,74.53,13,740,N/A
2017,5,27,8,30,264,47,293,60,915,623,12,52.04,0.11800000000000001,1.3,1.959,106.2,65.97,15,740,N/A
2017,5,27,9,30,362,53,404,66,963,819,12,38.6,0.11800000000000001,1.5,1.961,106.5,62.29,16,740,N/A
2017,5,27,10,30,436,56,487,95,950,947,13,26.29,0.11800000000000001,1.8,1.976,107.9,60.92,17,740,N/A
2017,5,27,11,30,521,224,735,99,959,1013,13,17.73,0.11800000000000001,2.1,2.019,113.9,59.72,18,740,N/A
2017,5,27,12,30,491,337,811,102,952,1002,14,18.990000000000002,0.11800000000000001,2.3000000000000003,2.086,118.2,61.660000000000004,17,740,N/A
2017,5,27,13,30,111,915,913,111,915,913,14,28.810000000000002,0.11800000000000001,2.3000000000000003,2.157,119.2,66.76,17,740,N/A
2017,5,27,14,30,108,869,759,108,869,759,14,41.480000000000004,0.11800000000000001,2.2,2.215,119.80000000000001,71.48,16,740,N/A
2017,5,27,15,30,97,793,552,97,793,552,14,55.03,0.11800000000000001,2,2.266,121.2,76.56,15,740,N/A
2017,5,27,16,30,80,642,311,80,642,311,15,68.89,0.11800000000000001,1.6,2.315,123.2,82.64,14,740,N/A
2017,5,27,17,30,42,298,79,42,298,79,15,82.85000000000001,0.11800000000000001,1.1,2.35,123.4,89.97,13,740,N/A
2017,5,27,18,30,0,0,0,0,0,0,15,96.75,0.11800000000000001,0.9,2.374,124.10000000000001,97.15,12,740,N/A
2017,5,27,19,30,0,0,0,0,0,0,15,110.46000000000001,0.11800000000000001,0.9,2.402,124.5,94.38,12,740,N/A
2017,5,27,20,30,0,0,0,0,0,0,14,123.76,0.11800000000000001,0.8,2.427,125.10000000000001,92.26,11,740,N/A
2017,5,27,21,30,0,0,0,0,0,0,14,136.22,0.11800000000000001,0.6000000000000001,2.437,129,97.08,11,740,N/A
2017,5,27,22,30,0,0,0,0,0,0,14,146.84,0.11800000000000001,0.5,2.428,128.6,94.72,10,740,N/A
2017,5,27,23,30,0,0,0,0,0,0,13,153.27,0.11800000000000001,0.5,2.404,124.2,98.43,10,740,N/A
2017,5,28,0,30,0,0,0,0,0,0,13,152.41,0.11800000000000001,0.4,2.366,119.60000000000001,95.99000000000001,10,740,N/A
2017,5,28,1,30,0,0,0,0,0,0,13,144.78,0.11800000000000001,0.4,2.325,92.10000000000001,93.88,9,740,N/A
2017,5,28,2,30,0,0,0,0,0,0,12,133.63,0.11800000000000001,0.4,2.3000000000000003,48.5,91.8,9,740,N/A
2017,5,28,3,30,0,0,0,0,0,0,12,120.94,0.11800000000000001,0.4,2.299,23.700000000000003,89.95,9,740,N/A
2017,5,28,4,30,0,0,0,0,0,0,12,107.52,0.11800000000000001,0.6000000000000001,2.314,48,93.95,9,740,N/A
2017,5,28,5,30,0,0,0,0,0,0,11,93.76,0.11800000000000001,0.8,2.341,90.7,92.58,9,740,N/A
2017,5,28,6,30,43,489,130,43,489,130,12,79.84,0.11800000000000001,1.1,2.365,105.2,87.03,10,740,N/A
2017,5,28,7,30,69,739,371,69,739,371,13,65.91,0.11800000000000001,1.5,2.372,109.80000000000001,86.01,12,740,N/A
2017,5,28,8,30,253,37,276,84,848,605,13,52.1,0.11800000000000001,1.6,2.371,107.10000000000001,81.09,13,740,N/A
2017,5,28,9,30,91,907,800,91,907,800,13,38.69,0.11800000000000001,1.8,2.364,106,75.41,13,740,N/A
2017,5,28,10,30,316,21,335,102,928,934,13,26.41,0.11800000000000001,2.1,2.346,105.2,71.3,14,740,N/A
2017,5,28,11,30,326,21,347,101,947,1003,13,17.89,0.11800000000000001,2.4000000000000004,2.317,105,71.01,15,740,N/A
2017,5,28,12,30,432,39,470,98,950,997,13,19.11,0.11800000000000001,2.4000000000000004,2.2800000000000002,105.30000000000001,66.33,16,740,N/A
2017,5,28,13,30,96,935,915,96,935,915,13,28.87,0.11800000000000001,2.3000000000000003,2.238,106.5,62.050000000000004,16,740,N/A
2017,5,28,14,30,87,907,767,87,907,767,13,41.5,0.11800000000000001,2.2,2.192,108.2,65.42,16,740,N/A
2017,5,28,15,30,76,850,563,76,850,563,13,55.03,0.11800000000000001,1.9000000000000001,2.152,108.7,68.92,15,740,N/A
2017,5,28,16,30,60,734,324,60,734,324,13,68.87,0.11800000000000001,1.4000000000000001,2.121,106.5,73.95,14,740,N/A
2017,5,28,17,30,33,424,86,33,424,86,13,82.81,0.11800000000000001,0.7000000000000001,2.094,102.4,81.44,12,740,N/A
2017,5,28,18,30,0,0,0,0,0,0,13,96.7,0.11800000000000001,0.4,2.072,80.9,90.28,11,740,N/A
2017,5,28,19,30,0,0,0,0,0,0,12,110.4,0.11800000000000001,0.30000000000000004,2.054,53.400000000000006,93.46000000000001,10,740,N/A
2017,5,28,20,30,0,0,0,0,0,0,12,123.68,0.11800000000000001,0.30000000000000004,2.029,41,91.37,9,740,N/A
2017,5,28,21,30,0,0,0,0,0,0,12,136.12,0.11800000000000001,0.30000000000000004,1.992,41.2,94.09,9,740,N/A
2017,5,28,22,30,0,0,0,0,0,0,11,146.70000000000002,0.11800000000000001,0.30000000000000004,1.95,48.400000000000006,89.65,8,740,N/A
2017,5,28,23,30,0,0,0,0,0,0,10,153.11,0.11800000000000001,0.30000000000000004,1.92,49.2,91.25,8,740,N/A
2017,5,29,0,30,0,0,0,0,0,0,10,152.27,0.11800000000000001,0.2,1.907,42.800000000000004,87.91,8,740,N/A
2017,5,29,1,30,0,0,0,0,0,0,9,144.69,0.11800000000000001,0.2,1.9060000000000001,33.6,85.59,7,740,N/A
2017,5,29,2,30,0,0,0,0,0,0,9,133.58,0.11800000000000001,0.2,1.9100000000000001,29.3,83.41,7,740,N/A
2017,5,29,3,30,0,0,0,0,0,0,8,120.91,0.11800000000000001,0.2,1.9180000000000001,38.300000000000004,81.22,7,740,N/A
2017,5,29,4,30,0,0,0,0,0,0,8,107.52,0.11800000000000001,0.4,1.928,56.6,78.94,7,740,N/A
2017,5,29,5,30,0,0,0,0,0,0,8,93.78,0.11800000000000001,0.5,1.929,69.2,77.29,8,740,N/A
2017,5,29,6,30,35,587,138,35,587,138,9,79.87,0.11800000000000001,0.9,1.923,81.30000000000001,76.46000000000001,10,740,N/A
2017,5,29,7,30,130,7,133,52,816,385,10,65.95,0.11800000000000001,1.5,1.922,104.10000000000001,67.63,13,740,N/A
2017,5,29,8,30,104,0,104,63,909,621,11,52.160000000000004,0.11800000000000001,1.9000000000000001,1.93,116,62.160000000000004,14,740,N/A
2017,5,29,9,30,206,15,217,70,957,816,12,38.77,0.11800000000000001,2,1.939,118.9,61.39,15,740,N/A
2017,5,29,10,30,453,311,731,94,952,946,12,26.53,0.11800000000000001,2.2,1.948,120.60000000000001,59.980000000000004,16,740,N/A
2017,5,29,11,30,94,968,1014,94,968,1014,13,18.05,0.11800000000000001,2.4000000000000004,1.958,121.7,60.910000000000004,17,740,N/A
2017,5,29,12,30,518,206,713,90,971,1007,13,19.23,0.11800000000000001,2.5,1.976,121.60000000000001,57.74,17,740,N/A
2017,5,29,13,30,446,302,711,90,950,923,13,28.92,0.11800000000000001,2.4000000000000004,2.009,120.80000000000001,61.44,17,740,N/A
2017,5,29,14,30,383,129,480,84,918,771,13,41.52,0.11800000000000001,2.2,2.062,120.7,61.46,16,740,N/A
2017,5,29,15,30,75,855,565,75,855,565,13,55.02,0.11800000000000001,1.9000000000000001,2.115,121.60000000000001,65.42,15,740,N/A
2017,5,29,16,30,61,731,325,61,731,325,13,68.85000000000001,0.11800000000000001,1.5,2.145,121,75.67,14,740,N/A
2017,5,29,17,30,34,414,86,34,414,86,14,82.78,0.11800000000000001,0.9,2.156,118.80000000000001,83.75,12,740,N/A
2017,5,29,18,30,0,0,0,0,0,0,14,96.65,0.11800000000000001,0.6000000000000001,2.1550000000000002,108.4,88.3,11,740,N/A
2017,5,29,19,30,0,0,0,0,0,0,13,110.33,0.11800000000000001,0.5,2.14,96.10000000000001,91.10000000000001,11,740,N/A
2017,5,29,20,30,0,0,0,0,0,0,13,123.59,0.11800000000000001,0.30000000000000004,2.11,96.4,94.65,10,740,N/A
2017,5,29,21,30,0,0,0,0,0,0,12,136.01,0.11800000000000001,0.30000000000000004,2.07,100.7,91.74,9,740,N/A
2017,5,29,22,30,0,0,0,0,0,0,12,146.56,0.11800000000000001,0.4,2.028,103.30000000000001,93.75,9,740,N/A
2017,5,29,23,30,0,0,0,0,0,0,11,152.96,0.11800000000000001,0.5,1.996,100.30000000000001,89.08,8,740,N/A
2017,5,30,0,30,0,0,0,0,0,0,10,152.14000000000001,0.11800000000000001,0.5,1.991,97.80000000000001,91.53,8,740,N/A
2017,5,30,1,30,0,0,0,0,0,0,10,144.61,0.11800000000000001,0.4,2.015,80.10000000000001,89.44,7,740,N/A
2017,5,30,2,30,0,0,0,0,0,0,10,133.53,0.11800000000000001,0.4,2.047,60.7,89.5,7,740,N/A
2017,5,30,3,30,0,0,0,0,0,0,10,120.89,0.11800000000000001,0.30000000000000004,2.077,59.6,95.60000000000001,7,740,N/A
2017,5,30,4,30,0,0,0,0,0,0,10,107.52,0.11800000000000001,0.30000000000000004,2.106,52.6,94.84,7,740,N/A
2017,5,30,5,30,0,0,0,0,0,0,10,93.79,0.11800000000000001,0.30000000000000004,2.1350000000000002,41.6,87.76,7,740,N/A
2017,5,30,6,30,64,139,89,37,553,134,11,79.9,0.11800000000000001,0.5,2.1630000000000003,65.4,82.67,9,740,N/A
2017,5,30,7,30,143,429,317,57,792,379,11,65.99,0.11800000000000001,1.1,2.189,92.60000000000001,76.21000000000001,12,740,N/A
2017,5,30,8,30,66,892,613,66,892,613,12,52.22,0.11800000000000001,1.5,2.218,97.60000000000001,68.49,14,740,N/A
2017,5,30,9,30,355,381,652,73,943,807,12,38.85,0.11800000000000001,1.8,2.254,104.60000000000001,65.84,15,740,N/A
2017,5,30,10,30,484,184,649,87,953,939,13,26.650000000000002,0.11800000000000001,2,2.299,110.4,64.53,16,740,N/A
2017,5,30,11,30,522,204,716,89,963,1005,13,18.2,0.11800000000000001,2.1,2.35,115.60000000000001,62.77,16,740,N/A
2017,5,30,12,30,178,15,193,90,961,996,13,19.35,0.11800000000000001,2.1,2.4,119,64.22,17,740,N/A
2017,5,30,13,30,385,36,417,103,919,907,14,28.98,0.11800000000000001,2.1,2.447,121.10000000000001,69.08,16,740,N/A
2017,5,30,14,30,119,5,123,98,880,757,14,41.53,0.11800000000000001,2,2.492,122,69.89,15,740,N/A
2017,5,30,15,30,88,811,553,88,811,553,14,55.02,0.11800000000000001,1.9000000000000001,2.5300000000000002,122,75.2,14,740,N/A
2017,5,30,16,30,73,668,314,73,668,314,14,68.83,0.11800000000000001,1.7000000000000002,2.5540000000000003,121.4,81.07000000000001,13,740,N/A
2017,5,30,17,30,38,351,82,38,351,82,15,82.74,0.11800000000000001,1.1,2.566,119.80000000000001,88.3,12,740,N/A
2017,5,30,18,30,0,0,0,0,0,0,15,96.60000000000001,0.11800000000000001,0.8,2.573,118.9,95.06,12,740,N/A
2017,5,30,19,30,0,0,0,0,0,0,15,110.26,0.11800000000000001,0.8,2.57,119.4,93.99,11,740,N/A
2017,5,30,20,30,0,0,0,0,0,0,14,123.51,0.11800000000000001,0.8,2.548,118.80000000000001,98.02,11,740,N/A
2017,5,30,21,30,0,0,0,0,0,0,14,135.9,0.11800000000000001,0.8,2.507,114.80000000000001,96.53,10,740,N/A
2017,5,30,22,30,0,0,0,0,0,0,14,146.43,0.11800000000000001,0.9,2.447,110.9,100,10,740,N/A
2017,5,30,23,30,0,0,0,0,0,0,13,152.81,0.11800000000000001,1,2.382,109.5,96.87,10,740,N/A
2017,5,31,0,30,0,0,0,0,0,0,12,152.01,0.11800000000000001,1,2.338,107.4,93.64,9,740,N/A
2017,5,31,1,30,0,0,0,0,0,0,12,144.53,0.11800000000000001,0.8,2.31,104.80000000000001,96.65,9,740,N/A
2017,5,31,2,30,0,0,0,0,0,0,12,133.49,0.11800000000000001,0.8,2.277,104.5,95.25,9,740,N/A
2017,5,31,3,30,0,0,0,0,0,0,12,120.87,0.11800000000000001,0.8,2.247,105.60000000000001,93.77,9,740,N/A
2017,5,31,4,30,0,0,0,0,0,0,11,107.52,0.11800000000000001,0.7000000000000001,2.239,103.7,92.36,8,740,N/A
2017,5,31,5,30,0,0,0,0,0,0,11,93.81,0.11800000000000001,0.8,2.2560000000000002,100,91.45,8,740,N/A
2017,5,31,6,30,36,565,134,36,565,134,12,79.93,0.11800000000000001,1.2000000000000002,2.282,105.9,85.89,10,740,N/A
2017,5,31,7,30,55,796,378,55,796,378,13,66.04,0.11800000000000001,1.9000000000000001,2.303,110.4,85.9,12,740,N/A
2017,5,31,8,30,288,262,449,65,893,612,13,52.28,0.11800000000000001,2.4000000000000004,2.314,107.60000000000001,81.19,13,740,N/A
2017,5,31,9,30,323,32,348,72,942,805,13,38.94,0.11800000000000001,2.8000000000000003,2.326,106.30000000000001,75.99,14,740,N/A
2017,5,31,10,30,409,42,447,77,967,940,13,26.76,0.11800000000000001,3.1,2.352,106.2,71,15,740,N/A
2017,5,31,11,30,294,20,313,79,976,1006,13,18.34,0.11800000000000001,3.1,2.404,107,67.23,15,740,N/A
2017,5,31,12,30,246,18,264,79,973,997,13,19.46,0.11800000000000001,2.8000000000000003,2.476,106.80000000000001,72.42,15,740,N/A
2017,5,31,13,30,448,84,522,80,953,914,13,29.03,0.11800000000000001,2.4000000000000004,2.532,105.4,72.51,14,740,N/A
2017,5,31,14,30,356,66,405,76,919,765,14,41.550000000000004,0.11800000000000001,2.1,2.556,104.7,77.72,14,740,N/A
2017,5,31,15,30,143,6,146,68,862,562,14,55.01,0.11800000000000001,1.8,2.559,104.60000000000001,83.05,13,740,N/A
2017,5,31,16,30,152,150,207,55,747,325,14,68.8,0.11800000000000001,1.4000000000000001,2.5540000000000003,103.60000000000001,83.11,12,740,N/A
2017,5,31,17,30,44,92,56,31,457,89,14,82.7,0.11800000000000001,0.9,2.5380000000000003,102.5,90.02,11,740,N/A
2017,5,31,18,30,0,0,0,0,0,0,13,96.55,0.11800000000000001,0.8,2.517,101.30000000000001,93.67,11,740,N/A
2017,5,31,19,30,0,0,0,0,0,0,13,110.2,0.11800000000000001,0.9,2.5180000000000002,100.60000000000001,92.53,11,740,N/A
2017,5,31,20,30,0,0,0,0,0,0,13,123.43,0.11800000000000001,0.8,2.5500000000000003,101,91.5,10,740,N/A
2017,5,31,21,30,0,0,0,0,0,0,13,135.8,0.11800000000000001,0.6000000000000001,2.574,99,97.02,10,740,N/A
2017,5,31,22,30,0,0,0,0,0,0,13,146.3,0.11800000000000001,0.5,2.571,100.80000000000001,96.45,10,740,N/A
2017,5,31,23,30,0,0,0,0,0,0,13,152.67000000000002,0.11800000000000001,0.4,2.5540000000000003,101.2,95.18,10,740,N/A
2017,6,1,0,30,0,0,0,0,0,0,12,151.9,0.11800000000000001,0.4,2.5260000000000002,98.5,93.11,9,740,N/A
2017,6,1,1,30,0,0,0,0,0,0,12,144.46,0.11800000000000001,0.30000000000000004,2.49,91.60000000000001,91.57000000000001,9,740,N/A
2017,6,1,2,30,0,0,0,0,0,0,12,133.45,0.11800000000000001,0.30000000000000004,2.458,87.10000000000001,95.77,9,740,N/A
2017,6,1,3,30,0,0,0,0,0,0,12,120.86,0.11800000000000001,0.4,2.44,87.30000000000001,93.71000000000001,9,740,N/A
2017,6,1,4,30,0,0,0,0,0,0,11,107.52,0.11800000000000001,0.4,2.433,83.30000000000001,92.15,9,740,N/A
2017,6,1,5,30,0,0,0,0,0,0,11,93.83,0.11800000000000001,0.5,2.423,75.60000000000001,91.87,9,740,N/A
2017,6,1,6,30,60,18,63,38,533,131,12,79.97,0.11800000000000001,0.8,2.41,84.7,91.63,10,740,N/A
2017,6,1,7,30,175,107,219,60,770,373,12,66.09,0.11800000000000001,1.3,2.402,85.4,87.4,11,740,N/A
2017,6,1,8,30,297,163,397,74,869,605,13,52.34,0.11800000000000001,1.8,2.399,85.80000000000001,79.16,12,740,N/A
2017,6,1,9,30,172,12,182,82,921,798,13,39.02,0.11800000000000001,2.2,2.403,90.10000000000001,74.83,14,740,N/A
2017,6,1,10,30,459,83,534,102,926,928,13,26.87,0.11800000000000001,2.6,2.416,96.9,71.11,15,740,N/A
2017,6,1,11,30,366,25,390,102,942,996,13,18.48,0.11800000000000001,2.8000000000000003,2.438,100.9,67.81,15,740,N/A
2017,6,1,12,30,509,116,619,98,946,990,14,19.56,0.11800000000000001,2.8000000000000003,2.463,101.5,68.62,15,740,N/A
2017,6,1,13,30,393,40,429,130,874,894,14,29.07,0.11800000000000001,2.5,2.484,100.5,73.18,15,740,N/A
2017,6,1,14,30,238,17,252,118,839,747,14,41.56,0.11800000000000001,2.2,2.5,98.60000000000001,77.57000000000001,14,740,N/A
2017,6,1,15,30,261,287,426,101,776,546,14,55,0.11800000000000001,1.8,2.5140000000000002,96.30000000000001,77.8,13,740,N/A
2017,6,1,16,30,150,214,228,78,646,312,14,68.78,0.11800000000000001,1.3,2.525,93,83.14,12,740,N/A
2017,6,1,17,30,46,103,59,41,317,82,14,82.66,0.11800000000000001,0.8,2.528,89.4,89.23,11,740,N/A
2017,6,1,18,30,0,0,0,0,0,0,13,96.49000000000001,0.11800000000000001,0.6000000000000001,2.517,81.4,93.16,11,740,N/A
2017,6,1,19,30,0,0,0,0,0,0,13,110.13,0.117,0.5,2.491,74.60000000000001,98.77,10,740,N/A
2017,6,1,20,30,0,0,0,0,0,0,13,123.34,0.117,0.5,2.459,75.3,95.92,10,740,N/A
2017,6,1,21,30,0,0,0,0,0,0,12,135.7,0.117,0.6000000000000001,2.4290000000000003,81.60000000000001,92.84,9,740,N/A
2017,6,1,22,30,0,0,0,0,0,0,12,146.18,0.117,0.6000000000000001,2.398,90.2,96.31,9,740,N/A
2017,6,1,23,30,0,0,0,0,0,0,12,152.53,0.117,0.7000000000000001,2.369,96,94.01,9,740,N/A
2017,6,2,0,30,0,0,0,0,0,0,11,151.78,0.117,0.8,2.347,97.60000000000001,92.25,8,740,N/A
2017,6,2,1,30,0,0,0,0,0,0,11,144.39000000000001,0.117,0.9,2.337,96,90.72,8,740,N/A
2017,6,2,2,30,0,0,0,0,0,0,11,133.42000000000002,0.117,0.9,2.341,93.2,95.86,8,740,N/A
2017,6,2,3,30,0,0,0,0,0,0,11,120.85000000000001,0.117,0.8,2.351,89.4,94.93,8,740,N/A
2017,6,2,4,30,0,0,0,0,0,0,11,107.53,0.117,0.7000000000000001,2.36,84.30000000000001,94.18,8,740,N/A
2017,6,2,5,30,0,0,0,0,0,0,10,93.85000000000001,0.117,0.9,2.365,79.4,93.32000000000001,8,740,N/A
2017,6,2,6,30,59,246,101,37,546,132,12,80,0.117,1.5,2.373,86.60000000000001,88.22,10,740,N/A
2017,6,2,7,30,58,777,373,58,777,373,12,66.13,0.117,2,2.3850000000000002,85.60000000000001,82.29,11,740,N/A
2017,6,2,8,30,224,22,238,72,873,604,13,52.4,0.117,2.3000000000000003,2.3970000000000002,83.80000000000001,77.56,12,740,N/A
2017,6,2,9,30,208,15,220,80,924,798,13,39.1,0.117,2.5,2.402,85.2,73.37,14,740,N/A
2017,6,2,10,30,474,244,692,102,926,927,13,26.98,0.117,2.8000000000000003,2.396,88.9,69.2,15,740,N/A
2017,6,2,11,30,477,63,537,104,941,995,13,18.61,0.117,2.9000000000000004,2.383,93.10000000000001,65.59,15,740,N/A
2017,6,2,12,30,482,311,775,101,942,989,13,19.66,0.117,3,2.365,95.5,66.23,16,740,N/A
2017,6,2,13,30,437,70,498,98,927,909,13,29.11,0.117,2.9000000000000004,2.343,97.30000000000001,66.65,16,740,N/A
2017,6,2,14,30,339,373,618,91,895,761,13,41.57,0.117,2.8000000000000003,2.314,99,66.91,16,740,N/A
2017,6,2,15,30,81,833,559,81,833,559,13,54.980000000000004,0.117,2.7,2.2800000000000002,99.5,70.32000000000001,15,740,N/A
2017,6,2,16,30,66,707,322,66,707,322,13,68.75,0.117,2.2,2.244,97,75.36,14,740,N/A
2017,6,2,17,30,37,385,86,37,385,86,14,82.62,0.117,1.5,2.204,91.2,82.79,12,740,N/A
2017,6,2,18,30,0,0,0,0,0,0,13,96.44,0.117,1.1,2.1630000000000003,80.30000000000001,91.60000000000001,10,740,N/A
2017,6,2,19,30,0,0,0,0,0,0,13,110.06,0.117,1,2.1270000000000002,75.10000000000001,93.89,10,740,N/A
2017,6,2,20,30,0,0,0,0,0,0,12,123.26,0.117,0.9,2.099,76.3,96.39,9,740,N/A
2017,6,2,21,30,0,0,0,0,0,0,11,135.6,0.117,0.9,2.077,77.80000000000001,93.2,8,740,N/A
2017,6,2,22,30,0,0,0,0,0,0,11,146.06,0.117,1,2.059,80.7,96.56,8,740,N/A
2017,6,2,23,30,0,0,0,0,0,0,11,152.4,0.117,1.1,2.041,84.30000000000001,94.34,8,740,N/A
2017,6,3,0,30,0,0,0,0,0,0,10,151.68,0.117,1.2000000000000002,2.024,88.10000000000001,92.60000000000001,7,740,N/A
2017,6,3,1,30,0,0,0,0,0,0,10,144.32,0.117,1.3,2.017,90.9,91,7,740,N/A
2017,6,3,2,30,0,0,0,0,0,0,10,133.39000000000001,0.117,1.2000000000000002,2.027,91.5,95.62,7,740,N/A
2017,6,3,3,30,0,0,0,0,0,0,10,120.84,0.117,1,2.041,91.7,94.15,7,740,N/A
2017,6,3,4,30,0,0,0,0,0,0,9,107.54,0.117,0.8,2.051,90.30000000000001,92.34,6,740,N/A
2017,6,3,5,30,0,0,0,0,0,0,9,93.87,0.117,0.8,2.052,88.4,84.93,7,740,N/A
2017,6,3,6,30,49,397,118,38,537,131,10,80.04,0.117,1.2000000000000002,2.056,94.2,81.04,9,740,N/A
2017,6,3,7,30,91,647,352,57,788,376,12,66.18,0.117,1.8,2.076,92.10000000000001,77.61,12,740,N/A
2017,6,3,8,30,67,889,609,67,889,609,13,52.47,0.117,2.3000000000000003,2.117,96.4,69.68,14,740,N/A
2017,6,3,9,30,393,260,595,74,940,803,13,39.18,0.117,2.8000000000000003,2.174,102.4,68.15,15,740,N/A
2017,6,3,10,30,281,26,305,101,930,930,14,27.080000000000002,0.117,3.1,2.237,106.30000000000001,66.16,16,740,N/A
2017,6,3,11,30,389,28,416,102,945,997,14,18.740000000000002,0.117,3.3000000000000003,2.2920000000000003,107.2,67.27,17,740,N/A
2017,6,3,12,30,275,19,294,101,944,990,14,19.75,0.117,3.3000000000000003,2.334,106.80000000000001,63.64,17,740,N/A
2017,6,3,13,30,413,50,457,109,909,903,14,29.150000000000002,0.117,3.2,2.37,106.2,67.95,17,740,N/A
2017,6,3,14,30,367,83,430,102,871,755,14,41.57,0.117,3,2.4050000000000002,104.9,68.24,16,740,N/A
2017,6,3,15,30,91,803,552,91,803,552,15,54.97,0.117,2.7,2.433,102.80000000000001,73.33,15,740,N/A
2017,6,3,16,30,58,0,58,72,675,317,15,68.72,0.117,2.2,2.448,101.5,77.69,14,740,N/A
2017,6,3,17,30,15,0,15,38,363,85,15,82.57000000000001,0.117,1.5,2.449,101.10000000000001,91.27,13,740,N/A
2017,6,3,18,30,0,0,0,0,0,0,15,96.38,0.117,1,2.441,99.9,95.42,12,740,N/A
2017,6,3,19,30,0,0,0,0,0,0,14,110,0.117,1,2.4290000000000003,96.5,92.45,12,740,N/A
2017,6,3,20,30,0,0,0,0,0,0,14,123.18,0.117,1,2.4130000000000003,91.2,95.89,11,740,N/A
2017,6,3,21,30,0,0,0,0,0,0,14,135.5,0.117,1,2.391,92,94.39,11,740,N/A
2017,6,3,22,30,0,0,0,0,0,0,13,145.94,0.117,1,2.36,93.80000000000001,92.38,10,740,N/A
2017,6,3,23,30,0,0,0,0,0,0,13,152.27,0.117,1.2000000000000002,2.305,97.10000000000001,96.32000000000001,10,740,N/A
2017,6,4,0,30,0,0,0,0,0,0,13,151.58,0.117,1.6,2.238,103.5,94.33,10,740,N/A
2017,6,4,1,30,0,0,0,0,0,0,12,144.27,0.117,1.7000000000000002,2.219,106.30000000000001,92.06,10,740,N/A
2017,6,4,2,30,0,0,0,0,0,0,12,133.36,0.117,1.6,2.253,104.4,90.16,9,740,N/A
2017,6,4,3,30,0,0,0,0,0,0,12,120.84,0.117,1.4000000000000001,2.282,102.2,89.92,9,740,N/A
2017,6,4,4,30,0,0,0,0,0,0,12,107.55,0.117,1.2000000000000002,2.293,104,95.81,9,740,N/A
2017,6,4,5,30,0,0,0,0,0,0,12,93.9,0.117,1.2000000000000002,2.293,105.9,94.98,9,740,N/A
2017,6,4,6,30,63,145,88,36,552,131,13,80.07000000000001,0.117,1.7000000000000002,2.287,109.5,88.44,11,740,N/A
2017,6,4,7,30,165,59,190,56,789,374,13,66.23,0.117,2.3000000000000003,2.2800000000000002,109.4,82.19,13,740,N/A
2017,6,4,8,30,292,122,367,67,886,606,14,52.53,0.117,2.9000000000000004,2.289,109.7,78.60000000000001,14,740,N/A
2017,6,4,9,30,385,294,613,75,935,799,14,39.26,0.117,3.3000000000000003,2.32,110.10000000000001,74.02,15,740,N/A
2017,6,4,10,30,227,17,243,80,959,934,14,27.18,0.117,3.4000000000000004,2.356,109.9,69.86,16,740,N/A
2017,6,4,11,30,419,35,452,83,970,1001,14,18.86,0.117,3.3000000000000003,2.376,108.5,69.62,16,740,N/A
2017,6,4,12,30,513,215,716,80,972,995,14,19.830000000000002,0.117,3.2,2.3810000000000002,107.30000000000001,69.15,16,740,N/A
2017,6,4,13,30,457,102,546,76,961,915,14,29.18,0.117,3,2.38,105.9,69.08,16,740,N/A
2017,6,4,14,30,359,70,412,71,932,769,14,41.57,0.117,2.7,2.375,104.4,68.93,15,740,N/A
2017,6,4,15,30,273,198,387,63,879,568,14,54.95,0.117,2.4000000000000004,2.366,103.4,73.12,15,740,N/A
2017,6,4,16,30,149,216,228,51,772,331,13,68.69,0.117,1.8,2.356,101.7,76.91,14,740,N/A
2017,6,4,17,30,45,147,64,29,492,93,14,82.53,0.117,1.2000000000000002,2.346,98.60000000000001,84.78,12,740,N/A
2017,6,4,18,30,0,0,0,0,0,0,13,96.33,0.117,0.8,2.337,91.80000000000001,86.72,11,740,N/A
2017,6,4,19,30,0,0,0,0,0,0,13,109.93,0.117,0.7000000000000001,2.329,86.7,88.44,11,740,N/A
2017,6,4,20,30,0,0,0,0,0,0,12,123.10000000000001,0.117,0.7000000000000001,2.327,86.4,91.54,10,740,N/A
2017,6,4,21,30,0,0,0,0,0,0,12,135.4,0.117,0.7000000000000001,2.331,90.30000000000001,90.12,10,740,N/A
2017,6,4,22,30,0,0,0,0,0,0,12,145.83,0.117,0.7000000000000001,2.332,97.30000000000001,88.88,9,740,N/A
2017,6,4,23,30,0,0,0,0,0,0,12,152.16,0.117,0.8,2.324,106.80000000000001,93.92,9,740,N/A
2017,6,5,0,30,0,0,0,0,0,0,11,151.49,0.117,0.9,2.316,114.10000000000001,92.94,9,740,N/A
2017,6,5,1,30,0,0,0,0,0,0,11,144.21,0.117,0.9,2.313,113.9,92.45,9,740,N/A
2017,6,5,2,30,0,0,0,0,0,0,11,133.34,0.117,1.1,2.3040000000000003,112.4,91.78,8,740,N/A
2017,6,5,3,30,0,0,0,0,0,0,11,120.84,0.117,1.2000000000000002,2.289,111.60000000000001,91.23,8,740,N/A
2017,6,5,4,30,0,0,0,0,0,0,11,107.57000000000001,0.117,1.2000000000000002,2.277,113.30000000000001,90.39,8,740,N/A
2017,6,5,5,30,0,0,0,0,0,0,11,93.92,0.117,1.4000000000000001,2.261,114.2,90.4,9,740,N/A
2017,6,5,6,30,47,0,47,32,595,134,12,80.11,0.117,1.7000000000000002,2.232,112.80000000000001,85.25,10,740,N/A
2017,6,5,7,30,132,9,136,49,817,378,13,66.28,0.117,2.2,2.187,113.60000000000001,83.62,12,740,N/A
2017,6,5,8,30,204,16,214,57,911,611,13,52.59,0.117,2.7,2.14,111.2,74.39,14,740,N/A
2017,6,5,9,30,383,84,448,63,960,806,13,39.34,0.117,3,2.112,110.5,65.58,15,740,N/A
2017,6,5,10,30,427,54,475,86,957,937,13,27.28,0.117,3.1,2.112,110.60000000000001,62.03,16,740,N/A
2017,6,5,11,30,502,95,593,85,973,1005,13,18.98,0.117,3.2,2.1350000000000002,110.60000000000001,63,17,740,N/A
2017,6,5,12,30,389,29,417,83,973,998,13,19.91,0.117,3.2,2.178,110.9,60.11,17,740,N/A
2017,6,5,13,30,455,98,540,99,928,910,13,29.21,0.117,3.1,2.236,110.9,64.27,17,740,N/A
2017,6,5,14,30,381,123,473,93,893,761,13,41.57,0.117,2.8000000000000003,2.298,110.60000000000001,68.24,16,740,N/A
2017,6,5,15,30,80,834,560,80,834,560,14,54.93,0.117,2.5,2.357,110.5,68.83,15,740,N/A
2017,6,5,16,30,63,718,324,63,718,324,14,68.65,0.117,1.9000000000000001,2.4170000000000003,110.80000000000001,73.27,14,740,N/A
2017,6,5,17,30,34,425,90,34,425,90,14,82.49,0.117,1.1,2.469,111,85.7,13,740,N/A
2017,6,5,18,30,0,0,0,0,0,0,14,96.28,0.117,0.7000000000000001,2.503,108.4,91.28,12,740,N/A
2017,6,5,19,30,0,0,0,0,0,0,14,109.86,0.117,0.5,2.5220000000000002,106.60000000000001,89.18,12,740,N/A
2017,6,5,20,30,0,0,0,0,0,0,13,123.02,0.117,0.4,2.539,106.5,92.57000000000001,11,740,N/A
2017,6,5,21,30,0,0,0,0,0,0,13,135.31,0.117,0.4,2.551,99.7,91.26,11,740,N/A
2017,6,5,22,30,0,0,0,0,0,0,13,145.72,0.117,0.4,2.5420000000000003,96,90.41,10,740,N/A
2017,6,5,23,30,0,0,0,0,0,0,13,152.04,0.117,0.4,2.512,98.80000000000001,95.09,10,740,N/A
2017,6,6,0,30,0,0,0,0,0,0,13,151.4,0.117,0.4,2.476,107.2,93.86,10,740,N/A
2017,6,6,1,30,0,0,0,0,0,0,12,144.17000000000002,0.117,0.4,2.441,111.7,92.74,9,740,N/A
2017,6,6,2,30,0,0,0,0,0,0,12,133.32,0.117,0.4,2.404,112.60000000000001,91.78,9,740,N/A
2017,6,6,3,30,0,0,0,0,0,0,12,120.84,0.117,0.5,2.36,114.2,97.09,9,740,N/A
2017,6,6,4,30,0,0,0,0,0,0,12,107.59,0.117,0.4,2.31,116.5,96.13,9,740,N/A
2017,6,6,5,30,0,0,0,0,0,0,12,93.95,0.117,0.30000000000000004,2.259,124,88.97,9,740,N/A
2017,6,6,6,30,36,551,130,36,551,130,13,80.15,0.117,0.8,2.223,114.9,82.79,11,740,N/A
2017,6,6,7,30,101,0,101,56,787,372,13,66.33,0.117,1.4000000000000001,2.207,109.5,75.28,14,740,N/A
2017,6,6,8,30,208,18,219,68,884,605,13,52.65,0.117,1.8,2.208,109.30000000000001,72.08,15,740,N/A
2017,6,6,9,30,77,932,797,77,932,797,13,39.42,0.117,2.1,2.24,110.7,68.26,15,740,N/A
2017,6,6,10,30,476,133,594,92,942,929,14,27.38,0.117,2.2,2.299,108.4,69.32000000000001,16,740,N/A
2017,6,6,11,30,461,53,512,94,953,995,14,19.09,0.117,2.2,2.363,105.5,65.87,16,740,N/A
2017,6,6,12,30,315,21,335,92,954,989,14,19.98,0.117,2,2.426,102.4,66.52,17,740,N/A
2017,6,6,13,30,454,283,701,102,918,903,14,29.23,0.117,1.5,2.481,95.5,67.25,16,740,N/A
2017,6,6,14,30,93,887,757,93,887,757,14,41.56,0.117,1,2.528,87.9,71.96000000000001,16,740,N/A
2017,6,6,15,30,82,824,556,82,824,556,14,54.910000000000004,0.117,0.8,2.581,86.10000000000001,77.55,15,740,N/A
2017,6,6,16,30,90,587,304,68,692,320,15,68.62,0.117,0.9,2.63,98.4,84.44,14,740,N/A
2017,6,6,17,30,37,388,88,37,388,88,15,82.44,0.117,0.8,2.6470000000000002,108.30000000000001,92.01,13,740,N/A
2017,6,6,18,30,0,0,0,0,0,0,15,96.22,0.117,0.6000000000000001,2.623,114.5,91.91,12,740,N/A
2017,6,6,19,30,0,0,0,0,0,0,15,109.8,0.117,0.5,2.575,116.30000000000001,96.51,12,740,N/A
2017,6,6,20,30,0,0,0,0,0,0,15,122.95,0.117,0.5,2.535,112.10000000000001,93.84,11,740,N/A
2017,6,6,21,30,0,0,0,0,0,0,14,135.22,0.117,0.4,2.511,97.60000000000001,97.42,11,740,N/A
2017,6,6,22,30,0,0,0,0,0,0,14,145.62,0.117,0.30000000000000004,2.49,90.5,94.8,11,740,N/A
2017,6,6,23,30,0,0,0,0,0,0,13,151.94,0.117,0.1,2.461,84.9,92.41,11,740,N/A
2017,6,7,0,30,0,0,0,0,0,0,13,151.32,0.117,0,2.4290000000000003,75.5,90.45,11,740,N/A
2017,6,7,1,30,0,0,0,0,0,0,13,144.12,0.117,0,2.414,12.8,88.59,10,740,N/A
2017,6,7,2,30,0,0,0,0,0,0,12,133.31,0.117,0.1,2.432,264.7,93.10000000000001,10,740,N/A
2017,6,7,3,30,0,0,0,0,0,0,12,120.84,0.117,0.1,2.473,288,92.05,10,740,N/A
2017,6,7,4,30,0,0,0,0,0,0,12,107.61,0.117,0.1,2.513,347,91.85000000000001,10,740,N/A
2017,6,7,5,30,0,0,0,0,0,0,12,93.99,0.117,0.2,2.535,42.400000000000006,91.39,10,740,N/A
2017,6,7,6,30,2,0,2,35,553,129,13,80.19,0.117,0.5,2.545,63.900000000000006,90.04,11,740,N/A
2017,6,7,7,30,121,3,122,55,785,369,13,66.38,0.117,1,2.559,56,87.58,12,740,N/A
2017,6,7,8,30,147,7,152,67,877,599,14,52.72,0.117,1.4000000000000001,2.58,56.1,83.95,13,740,N/A
2017,6,7,9,30,263,19,279,75,927,791,14,39.49,0.117,1.5,2.601,58.5,79.99,14,740,N/A
2017,6,7,10,30,284,19,302,81,951,925,14,27.47,0.117,1.4000000000000001,2.617,62.7,75.44,14,740,N/A
2017,6,7,11,30,398,30,427,83,963,993,14,19.19,0.117,1.4000000000000001,2.64,68.3,76.10000000000001,15,740,N/A
2017,6,7,12,30,467,60,524,82,963,986,14,20.05,0.117,1.4000000000000001,2.6870000000000003,80.7,77.02,15,740,N/A
2017,6,7,13,30,468,188,633,84,941,905,15,29.25,0.117,1.3,2.745,94.30000000000001,77.9,14,740,N/A
2017,6,7,14,30,372,93,442,80,905,758,15,41.550000000000004,0.117,1.3,2.7960000000000003,105.7,84,14,740,N/A
2017,6,7,15,30,264,178,366,71,846,558,15,54.88,0.117,1.4000000000000001,2.822,116,84.67,13,740,N/A
2017,6,7,16,30,146,251,238,61,719,323,15,68.58,0.117,1.3,2.82,120.7,90.88,12,740,N/A
2017,6,7,17,30,34,424,90,34,424,90,15,82.39,0.117,1,2.799,122.30000000000001,97.7,12,740,N/A
2017,6,7,18,30,0,0,0,0,0,0,15,96.16,0.117,0.7000000000000001,2.771,117.10000000000001,95.49,11,740,N/A
2017,6,7,19,30,0,0,0,0,0,0,14,109.73,0.117,0.5,2.743,113,98.8,11,740,N/A
2017,6,7,20,30,0,0,0,0,0,0,14,122.87,0.117,0.5,2.711,101.60000000000001,97.3,11,740,N/A
2017,6,7,21,30,0,0,0,0,0,0,14,135.14000000000001,0.117,0.5,2.676,90.9,96.14,11,740,N/A
2017,6,7,22,30,0,0,0,0,0,0,14,145.52,0.117,0.5,2.6390000000000002,89,94.75,10,740,N/A
2017,6,7,23,30,0,0,0,0,0,0,13,151.84,0.117,0.4,2.601,84.5,99.36,10,740,N/A
2017,6,8,0,30,0,0,0,0,0,0,13,151.25,0.117,0.4,2.568,71.2,97.36,10,740,N/A
2017,6,8,1,30,0,0,0,0,0,0,13,144.09,0.117,0.4,2.5420000000000003,55.800000000000004,95.92,10,740,N/A
2017,6,8,2,30,0,0,0,0,0,0,13,133.3,0.117,0.4,2.5220000000000002,40,94.01,9,740,N/A
2017,6,8,3,30,0,0,0,0,0,0,12,120.85000000000001,0.117,0.5,2.505,32.300000000000004,98.01,9,740,N/A
2017,6,8,4,30,0,0,0,0,0,0,12,107.63,0.117,0.5,2.488,29.700000000000003,96.27,9,740,N/A
2017,6,8,5,30,0,0,0,0,0,0,12,94.02,0.117,0.5,2.475,29.3,95.08,9,740,N/A
2017,6,8,6,30,58,214,95,35,558,129,12,80.24,0.117,0.7000000000000001,2.466,24.3,93.52,10,740,N/A
2017,6,8,7,30,172,110,216,53,794,370,13,66.43,0.117,1.1,2.463,45.1,85.43,11,740,N/A
2017,6,8,8,30,192,14,200,62,891,601,13,52.78,0.117,1.4000000000000001,2.464,55.5,81.9,13,740,N/A
2017,6,8,9,30,383,287,605,68,941,794,13,39.56,0.117,1.6,2.473,64.8,75.82000000000001,14,740,N/A
2017,6,8,10,30,478,173,632,72,967,929,13,27.560000000000002,0.117,1.6,2.496,74.5,70.87,15,740,N/A
2017,6,8,11,30,367,25,391,74,977,997,13,19.29,0.117,1.5,2.5260000000000002,81.30000000000001,68.17,15,740,N/A
2017,6,8,12,30,305,20,325,74,975,990,14,20.11,0.117,1.4000000000000001,2.557,85.80000000000001,73.45,15,740,N/A
2017,6,8,13,30,432,67,491,74,958,910,14,29.26,0.117,1.1,2.583,87.4,73.95,14,740,N/A
2017,6,8,14,30,384,157,503,70,927,764,14,41.54,0.117,0.8,2.602,87.60000000000001,78.95,14,740,N/A
2017,6,8,15,30,164,9,170,62,874,566,14,54.85,0.117,0.6000000000000001,2.614,84.30000000000001,84.68,13,740,N/A
2017,6,8,16,30,139,36,153,52,764,331,14,68.54,0.117,0.30000000000000004,2.618,78.60000000000001,91.39,12,740,N/A
2017,6,8,17,30,43,1,44,30,493,95,14,82.35000000000001,0.117,0.1,2.617,83.9,93.15,11,740,N/A
2017,6,8,18,30,0,0,0,0,0,0,14,96.11,0.117,0.1,2.614,87.30000000000001,99.3,11,740,N/A
2017,6,8,19,30,0,0,0,0,0,0,14,109.67,0.117,0.1,2.608,57.1,97.77,11,740,N/A
2017,6,8,20,30,0,0,0,0,0,0,14,122.8,0.117,0.2,2.592,20.700000000000003,95.81,11,740,N/A
2017,6,8,21,30,0,0,0,0,0,0,13,135.05,0.117,0.30000000000000004,2.556,7.4,93.66,10,740,N/A
2017,6,8,22,30,0,0,0,0,0,0,13,145.43,0.117,0.4,2.5020000000000002,354.20000000000005,91.88,10,740,N/A
2017,6,8,23,30,0,0,0,0,0,0,13,151.75,0.117,0.5,2.437,343.5,96.03,10,740,N/A
2017,6,9,0,30,0,0,0,0,0,0,12,151.18,0.117,0.6000000000000001,2.375,340,93.59,10,740,N/A
2017,6,9,1,30,0,0,0,0,0,0,12,144.05,0.117,0.7000000000000001,2.324,337.5,90.97,10,740,N/A
2017,6,9,2,30,0,0,0,0,0,0,12,133.29,0.117,0.6000000000000001,2.289,334,88.85000000000001,10,740,N/A
2017,6,9,3,30,0,0,0,0,0,0,11,120.87,0.117,0.30000000000000004,2.265,334.1,86.72,9,740,N/A
2017,6,9,4,30,0,0,0,0,0,0,11,107.65,0.117,0.2,2.241,339,84.91,9,740,N/A
2017,6,9,5,30,0,0,0,0,0,0,11,94.05,0.117,0.30000000000000004,2.221,61.6,82.95,9,740,N/A
2017,6,9,6,30,29,615,133,29,615,133,12,80.28,0.117,0.7000000000000001,2.208,91.9,83.42,11,740,N/A
2017,6,9,7,30,171,107,214,44,830,375,13,66.49,0.117,1.3,2.207,95.9,77.36,13,740,N/A
2017,6,9,8,30,52,917,606,52,917,606,12,52.84,0.117,1.7000000000000002,2.219,90.7,69.64,14,740,N/A
2017,6,9,9,30,380,298,610,57,961,798,12,39.64,0.117,2,2.242,92,64.72,15,740,N/A
2017,6,9,10,30,224,17,239,62,984,934,12,27.650000000000002,0.117,2.1,2.27,93.5,63.15,16,740,N/A
2017,6,9,11,30,246,18,264,65,992,1001,13,19.38,0.117,2.2,2.298,95.4,61.620000000000005,16,740,N/A
2017,6,9,12,30,422,37,458,66,990,996,13,20.16,0.117,2.1,2.323,97.5,63.11,17,740,N/A
2017,6,9,13,30,457,107,551,67,974,917,13,29.27,0.117,1.9000000000000001,2.344,99.5,68.03,16,740,N/A
2017,6,9,14,30,377,107,457,64,944,771,13,41.53,0.117,1.6,2.36,99,72.68,15,740,N/A
2017,6,9,15,30,266,89,318,58,891,571,14,54.82,0.117,1.4000000000000001,2.369,96.10000000000001,73.69,14,740,N/A
2017,6,9,16,30,114,473,287,49,783,336,14,68.5,0.117,1.1,2.376,94.7,80.60000000000001,13,740,N/A
2017,6,9,17,30,39,330,83,29,511,98,15,82.3,0.117,0.8,2.383,96.30000000000001,94.35000000000001,12,740,N/A
2017,6,9,18,30,0,0,0,0,0,0,14,96.05,0.117,0.7000000000000001,2.391,98.80000000000001,93.37,12,740,N/A
2017,6,9,19,30,0,0,0,0,0,0,14,109.61,0.113,0.7000000000000001,2.396,98.80000000000001,96.49000000000001,11,740,N/A
2017,6,9,20,30,0,0,0,0,0,0,14,122.73,0.113,0.7000000000000001,2.392,97.9,94.44,11,740,N/A
2017,6,9,21,30,0,0,0,0,0,0,13,134.97,0.113,0.7000000000000001,2.38,101.30000000000001,98.37,10,740,N/A
2017,6,9,22,30,0,0,0,0,0,0,13,145.34,0.113,0.8,2.359,100.30000000000001,95.92,10,740,N/A
2017,6,9,23,30,0,0,0,0,0,0,12,151.66,0.113,0.8,2.325,97.80000000000001,93.65,9,740,N/A
2017,6,10,0,30,0,0,0,0,0,0,12,151.12,0.113,0.8,2.279,92.9,97.42,9,740,N/A
2017,6,10,1,30,0,0,0,0,0,0,12,144.03,0.113,0.7000000000000001,2.237,87.60000000000001,94.5,9,740,N/A
2017,6,10,2,30,0,0,0,0,0,0,11,133.29,0.113,0.6000000000000001,2.217,83.2,91.38,8,740,N/A
2017,6,10,3,30,0,0,0,0,0,0,11,120.88,0.113,0.5,2.218,79.7,94.95,8,740,N/A
2017,6,10,4,30,0,0,0,0,0,0,10,107.68,0.113,0.5,2.227,75.7,92.73,8,740,N/A
2017,6,10,5,30,0,0,0,0,0,0,10,94.09,0.113,0.5,2.234,72.60000000000001,90.44,8,740,N/A
2017,6,10,6,30,31,594,131,31,594,131,11,80.32000000000001,0.113,0.9,2.239,78.9,86.51,10,740,N/A
2017,6,10,7,30,161,284,274,48,814,372,12,66.54,0.113,1.3,2.244,78.5,75.65,13,740,N/A
2017,6,10,8,30,251,40,275,59,903,603,13,52.9,0.113,1.6,2.253,87.10000000000001,69.09,14,740,N/A
2017,6,10,9,30,293,25,312,65,950,796,13,39.71,0.113,1.9000000000000001,2.2720000000000002,100.4,66.27,15,740,N/A
2017,6,10,10,30,474,138,596,87,948,926,13,27.73,0.113,2.3000000000000003,2.299,109.7,68.06,16,740,N/A
2017,6,10,11,30,493,85,574,89,960,994,14,19.47,0.113,2.5,2.332,112.80000000000001,65.47,17,740,N/A
2017,6,10,12,30,223,17,240,88,959,989,14,20.21,0.113,2.6,2.37,114.4,66.5,17,740,N/A
2017,6,10,13,30,334,25,356,100,921,904,14,29.28,0.113,2.6,2.411,114.7,67.33,16,740,N/A
2017,6,10,14,30,353,63,400,93,887,758,14,41.51,0.113,2.5,2.445,114.10000000000001,71.91,16,740,N/A
2017,6,10,15,30,228,419,470,83,825,558,14,54.79,0.113,2.3000000000000003,2.472,112.9,77.15,15,740,N/A
2017,6,10,16,30,154,187,223,67,699,324,15,68.46000000000001,0.113,1.9000000000000001,2.487,111.10000000000001,83.22,14,740,N/A
2017,6,10,17,30,48,105,62,38,393,91,15,82.25,0.113,1.3,2.488,108.80000000000001,89.42,13,740,N/A
2017,6,10,18,30,0,0,0,0,0,0,15,96,0.113,1,2.476,106.7,95.61,12,740,N/A
2017,6,10,19,30,0,0,0,0,0,0,14,109.54,0.113,1,2.447,103.60000000000001,93.14,11,740,N/A
2017,6,10,20,30,0,0,0,0,0,0,14,122.66,0.113,1.1,2.398,101.80000000000001,97.69,11,740,N/A
2017,6,10,21,30,0,0,0,0,0,0,14,134.89000000000001,0.113,1.2000000000000002,2.334,102,94.77,10,740,N/A
2017,6,10,22,30,0,0,0,0,0,0,13,145.25,0.113,1.2000000000000002,2.2760000000000002,103,97.65,10,740,N/A
2017,6,10,23,30,0,0,0,0,0,0,13,151.58,0.113,1.1,2.244,102.80000000000001,94.4,9,740,N/A
2017,6,11,0,30,0,0,0,0,0,0,12,151.06,0.113,1,2.24,101.2,92.10000000000001,9,740,N/A
2017,6,11,1,30,0,0,0,0,0,0,12,144.01,0.113,0.9,2.25,98.80000000000001,96.4,9,740,N/A
2017,6,11,2,30,0,0,0,0,0,0,12,133.29,0.113,0.7000000000000001,2.263,95.4,95.35000000000001,9,740,N/A
2017,6,11,3,30,0,0,0,0,0,0,12,120.9,0.113,0.5,2.2760000000000002,89.5,94.66,9,740,N/A
2017,6,11,4,30,0,0,0,0,0,0,12,107.71000000000001,0.113,0.4,2.289,83.7,93.77,9,740,N/A
2017,6,11,5,30,0,0,0,0,0,0,11,94.13,0.113,0.4,2.2960000000000003,74.8,93.4,9,740,N/A
2017,6,11,6,30,40,0,40,34,561,128,13,80.37,0.113,0.7000000000000001,2.294,80.80000000000001,87.92,10,740,N/A
2017,6,11,7,30,171,115,217,52,798,369,13,66.59,0.113,1.2000000000000002,2.2920000000000003,89.60000000000001,87.57000000000001,12,740,N/A
2017,6,11,8,30,158,8,164,61,896,601,14,52.96,0.113,1.6,2.31,92.2,77.67,14,740,N/A
2017,6,11,9,30,234,16,247,66,945,793,14,39.78,0.113,1.8,2.35,93.10000000000001,74.11,15,740,N/A
2017,6,11,10,30,284,19,301,71,969,928,14,27.810000000000002,0.113,1.9000000000000001,2.395,93.5,70.19,16,740,N/A
2017,6,11,11,30,247,18,265,73,979,996,14,19.55,0.113,2,2.438,93.2,67.23,16,740,N/A
2017,6,11,12,30,415,35,448,72,978,990,14,20.25,0.113,2,2.479,94.4,72.45,16,740,N/A
2017,6,11,13,30,182,15,196,72,962,911,15,29.28,0.113,2,2.5220000000000002,95.9,73.3,15,740,N/A
2017,6,11,14,30,311,33,336,68,932,766,15,41.49,0.113,1.9000000000000001,2.566,95.80000000000001,78.44,15,740,N/A
2017,6,11,15,30,37,0,37,61,876,567,15,54.76,0.113,1.8,2.604,96.4,84.26,14,740,N/A
2017,6,11,16,30,154,131,203,52,761,332,15,68.42,0.113,1.5,2.629,97.80000000000001,91.23,13,740,N/A
2017,6,11,17,30,48,82,59,31,487,97,15,82.2,0.113,1,2.641,102.7,97.52,12,740,N/A
2017,6,11,18,30,0,0,0,0,0,0,15,95.94,0.113,0.8,2.652,110.60000000000001,98.07000000000001,12,740,N/A
2017,6,11,19,30,0,0,0,0,0,0,15,109.48,0.113,0.9,2.662,110.4,96.22,11,740,N/A
2017,6,11,20,30,0,0,0,0,0,0,15,122.59,0.113,0.8,2.657,106.9,100,11,740,N/A
2017,6,11,21,30,0,0,0,0,0,0,14,134.82,0.113,0.7000000000000001,2.629,98.9,98.23,11,740,N/A
2017,6,11,22,30,0,0,0,0,0,0,14,145.17000000000002,0.113,0.6000000000000001,2.582,89.9,96.05,10,740,N/A
2017,6,11,23,30,0,0,0,0,0,0,13,151.5,0.113,0.4,2.5260000000000002,76.3,99.58,10,740,N/A
2017,6,12,0,30,0,0,0,0,0,0,13,151.02,0.113,0.2,2.467,58.1,96.69,9,740,N/A
2017,6,12,1,30,0,0,0,0,0,0,13,143.99,0.113,0.2,2.411,44.1,100,9,740,N/A
2017,6,12,2,30,0,0,0,0,0,0,12,133.3,0.113,0.30000000000000004,2.36,42.6,96.91,9,740,N/A
2017,6,12,3,30,0,0,0,0,0,0,12,120.92,0.113,0.30000000000000004,2.317,39.800000000000004,93.8,8,740,N/A
2017,6,12,4,30,0,0,0,0,0,0,11,107.74000000000001,0.113,0.4,2.285,34.2,90.78,8,740,N/A
2017,6,12,5,30,0,0,0,0,0,0,11,94.17,0.113,0.4,2.269,35.2,87.93,8,740,N/A
2017,6,12,6,30,27,0,27,34,559,127,11,80.42,0.113,0.7000000000000001,2.274,57.900000000000006,87.48,10,740,N/A
2017,6,12,7,30,154,38,169,53,794,368,12,66.64,0.113,0.9,2.289,80.4,81.35000000000001,12,740,N/A
2017,6,12,8,30,287,116,357,64,888,599,13,53.02,0.113,1,2.308,85.80000000000001,78.45,13,740,N/A
2017,6,12,9,30,346,383,640,71,938,791,13,39.84,0.113,0.9,2.331,90.2,73.71000000000001,14,740,N/A
2017,6,12,10,30,473,214,662,77,961,927,13,27.89,0.113,0.8,2.36,100.9,71.33,15,740,N/A
2017,6,12,11,30,485,302,769,79,972,995,14,19.62,0.113,1,2.399,117.30000000000001,68.99,15,740,N/A
2017,6,12,12,30,328,21,349,79,970,989,14,20.29,0.113,1.1,2.45,131.20000000000002,70.36,16,740,N/A
2017,6,12,13,30,461,269,696,100,918,901,14,29.28,0.113,1.2000000000000002,2.5060000000000002,137.6,75.7,15,740,N/A
2017,6,12,14,30,271,22,288,96,879,755,14,41.47,0.113,1.3,2.562,141,76.42,14,740,N/A
2017,6,12,15,30,266,270,422,82,823,558,14,54.730000000000004,0.113,1.4000000000000001,2.612,143.70000000000002,82.46000000000001,14,740,N/A
2017,6,12,16,30,153,85,184,65,705,325,15,68.38,0.113,1.2000000000000002,2.6550000000000002,144.3,89.59,13,740,N/A
2017,6,12,17,30,47,40,53,35,428,94,15,82.15,0.113,1,2.691,143.9,97.41,12,740,N/A
2017,6,12,18,30,0,0,0,0,0,0,15,95.89,0.113,0.8,2.712,141.20000000000002,97.27,12,740,N/A
2017,6,12,19,30,0,0,0,0,0,0,15,109.42,0.113,1,2.714,133.9,96.17,11,740,N/A
2017,6,12,20,30,0,0,0,0,0,0,15,122.52,0.113,1.2000000000000002,2.695,126.5,100,11,740,N/A
2017,6,12,21,30,0,0,0,0,0,0,14,134.74,0.113,1.2000000000000002,2.6590000000000003,118,98.4,11,740,N/A
2017,6,12,22,30,0,0,0,0,0,0,14,145.1,0.113,1,2.618,111.9,96.32000000000001,10,740,N/A
2017,6,12,23,30,0,0,0,0,0,0,14,151.44,0.113,0.7000000000000001,2.571,106.30000000000001,100,10,740,N/A
2017,6,13,0,30,0,0,0,0,0,0,13,150.98,0.113,0.5,2.5180000000000002,103.30000000000001,97.73,10,740,N/A
2017,6,13,1,30,0,0,0,0,0,0,13,143.98,0.113,0.4,2.463,96,94.85000000000001,9,740,N/A
2017,6,13,2,30,0,0,0,0,0,0,12,133.31,0.113,0.4,2.412,85.80000000000001,98.13,9,740,N/A
2017,6,13,3,30,0,0,0,0,0,0,12,120.94,0.113,0.4,2.373,77.2,95.3,8,740,N/A
2017,6,13,4,30,0,0,0,0,0,0,11,107.77,0.113,0.4,2.342,71.9,93.09,8,740,N/A
2017,6,13,5,30,0,0,0,0,0,0,11,94.21000000000001,0.113,0.4,2.322,66.7,91.51,8,740,N/A
2017,6,13,6,30,2,0,2,36,531,124,12,80.46000000000001,0.113,0.7000000000000001,2.317,80.2,91.5,10,740,N/A
2017,6,13,7,30,167,87,202,57,776,364,13,66.7,0.113,1.1,2.324,93.10000000000001,84.85000000000001,12,740,N/A
2017,6,13,8,30,228,457,503,68,877,595,13,53.08,0.113,1.4000000000000001,2.338,105.80000000000001,80.81,13,740,N/A
2017,6,13,9,30,344,402,652,75,929,788,13,39.910000000000004,0.113,1.7000000000000002,2.362,116.7,75.51,14,740,N/A
2017,6,13,10,30,459,94,542,83,950,923,13,27.96,0.113,1.9000000000000001,2.388,120.7,71.8,15,740,N/A
2017,6,13,11,30,503,104,601,86,962,991,13,19.69,0.113,2,2.412,121.60000000000001,68.17,15,740,N/A
2017,6,13,12,30,507,124,624,84,962,987,14,20.32,0.113,2,2.441,121.9,69.07000000000001,15,740,N/A
2017,6,13,13,30,417,54,464,89,937,906,14,29.27,0.113,1.9000000000000001,2.476,121.80000000000001,74.5,15,740,N/A
2017,6,13,14,30,340,50,378,84,904,761,14,41.44,0.113,1.7000000000000002,2.5140000000000002,122.2,75.15,14,740,N/A
2017,6,13,15,30,225,30,243,75,844,563,14,54.69,0.113,1.6,2.544,122.30000000000001,80.95,13,740,N/A
2017,6,13,16,30,129,16,135,62,722,329,14,68.34,0.113,1.5,2.56,122.2,86.49,12,740,N/A
2017,6,13,17,30,39,0,39,35,434,95,14,82.10000000000001,0.113,1.2000000000000002,2.56,120.80000000000001,93.52,12,740,N/A
2017,6,13,18,30,0,0,0,0,0,0,15,95.83,0.113,0.9,2.5500000000000003,119.60000000000001,94.3,11,740,N/A
2017,6,13,19,30,0,0,0,0,0,0,14,109.36,0.113,0.8,2.532,117.80000000000001,98.68,11,740,N/A
2017,6,13,20,30,0,0,0,0,0,0,14,122.46000000000001,0.113,0.7000000000000001,2.507,113.80000000000001,96.8,11,740,N/A
2017,6,13,21,30,0,0,0,0,0,0,14,134.68,0.113,0.7000000000000001,2.482,111.10000000000001,94.92,10,740,N/A
2017,6,13,22,30,0,0,0,0,0,0,13,145.03,0.113,0.6000000000000001,2.46,105.9,99.05,10,740,N/A
2017,6,13,23,30,0,0,0,0,0,0,13,151.37,0.113,0.6000000000000001,2.442,103.7,97.15,10,740,N/A
2017,6,14,0,30,0,0,0,0,0,0,13,150.94,0.113,0.5,2.436,107.2,95.23,10,740,N/A
2017,6,14,1,30,0,0,0,0,0,0,12,143.98,0.113,0.5,2.444,110.9,93.58,9,740,N/A
2017,6,14,2,30,0,0,0,0,0,0,12,133.33,0.113,0.5,2.454,110.60000000000001,93.04,9,740,N/A
2017,6,14,3,30,0,0,0,0,0,0,12,120.97,0.113,0.5,2.458,110.80000000000001,93.04,9,740,N/A
2017,6,14,4,30,0,0,0,0,0,0,12,107.81,0.113,0.5,2.454,112.7,98.89,9,740,N/A
2017,6,14,5,30,0,0,0,0,0,0,12,94.25,0.113,0.6000000000000001,2.437,113.80000000000001,97.66,9,740,N/A
2017,6,14,6,30,13,0,13,30,593,127,13,80.51,0.113,1,2.403,118.10000000000001,94.76,10,740,N/A
2017,6,14,7,30,83,0,83,45,818,368,13,66.75,0.113,1.3,2.362,125,90.78,11,740,N/A
2017,6,14,8,30,212,19,224,52,911,599,13,53.14,0.113,1.3,2.33,132.20000000000002,84.44,11,740,N/A
2017,6,14,9,30,385,100,462,56,958,791,13,39.97,0.113,1.5,2.312,129.9,82.52,12,740,N/A
2017,6,14,10,30,473,200,650,69,973,928,12,28.03,0.113,1.7000000000000002,2.301,122.7,76.89,13,740,N/A
2017,6,14,11,30,246,18,264,72,983,997,12,19.75,0.113,1.8,2.2920000000000003,118.4,72.54,14,740,N/A
2017,6,14,12,30,72,982,993,72,982,993,13,20.34,0.113,1.8,2.293,114,68.52,15,740,N/A
2017,6,14,13,30,446,84,520,77,959,914,13,29.26,0.113,2,2.312,111.2,69.3,15,740,N/A
2017,6,14,14,30,385,161,506,73,927,769,13,41.410000000000004,0.113,2,2.338,111.5,70,14,740,N/A
2017,6,14,15,30,67,869,570,67,869,570,13,54.65,0.113,1.8,2.349,111,75.62,14,740,N/A
2017,6,14,16,30,56,757,336,56,757,336,13,68.29,0.113,1.4000000000000001,2.331,109.10000000000001,81.51,13,740,N/A
2017,6,14,17,30,33,483,99,33,483,99,14,82.05,0.113,0.8,2.2920000000000003,104.9,88.9,12,740,N/A
2017,6,14,18,30,0,0,0,0,0,0,13,95.78,0.113,0.4,2.249,99.10000000000001,92.94,11,740,N/A
2017,6,14,19,30,0,0,0,0,0,0,13,109.3,0.113,0.4,2.209,91.10000000000001,89.61,10,740,N/A
2017,6,14,20,30,0,0,0,0,0,0,12,122.4,0.113,0.4,2.165,77.5,92.29,10,740,N/A
2017,6,14,21,30,0,0,0,0,0,0,12,134.61,0.113,0.5,2.113,67.60000000000001,95.46000000000001,9,740,N/A
2017,6,14,22,30,0,0,0,0,0,0,11,144.96,0.113,0.6000000000000001,2.062,67.3,91.58,9,740,N/A
2017,6,14,23,30,0,0,0,0,0,0,11,151.32,0.113,0.6000000000000001,2.017,70.2,88.31,8,740,N/A
2017,6,15,0,30,0,0,0,0,0,0,10,150.91,0.113,0.5,1.985,71.10000000000001,91.49,8,740,N/A
2017,6,15,1,30,0,0,0,0,0,0,10,143.98,0.113,0.4,1.972,63.6,88.73,7,740,N/A
2017,6,15,2,30,0,0,0,0,0,0,9,133.34,0.113,0.30000000000000004,1.97,51.800000000000004,86.44,7,740,N/A
2017,6,15,3,30,0,0,0,0,0,0,9,121,0.113,0.30000000000000004,1.974,47.400000000000006,90.58,7,740,N/A
2017,6,15,4,30,0,0,0,0,0,0,9,107.85000000000001,0.113,0.4,1.979,46.1,89.69,7,740,N/A
2017,6,15,5,30,0,0,0,0,0,0,9,94.29,0.113,0.4,1.976,49.6,83.87,8,740,N/A
2017,6,15,6,30,44,428,114,33,570,127,11,80.56,0.113,0.8,1.961,77.7,82.34,10,740,N/A
2017,6,15,7,30,77,0,77,51,808,369,12,66.8,0.113,1.4000000000000001,1.944,114.4,74.5,12,740,N/A
2017,6,15,8,30,268,64,306,60,905,602,12,53.19,0.113,1.7000000000000002,1.938,124.60000000000001,71.56,14,740,N/A
2017,6,15,9,30,275,21,292,66,954,797,12,40.03,0.113,2,1.95,127.10000000000001,67.47,15,740,N/A
2017,6,15,10,30,283,19,301,75,972,933,13,28.09,0.113,2.4000000000000004,1.978,126.4,65.56,16,740,N/A
2017,6,15,11,30,497,94,586,77,982,1002,13,19.81,0.113,2.6,2.017,126.10000000000001,63.54,16,740,N/A
2017,6,15,12,30,512,183,684,78,980,997,14,20.36,0.113,2.7,2.066,125.30000000000001,64.93,16,740,N/A
2017,6,15,13,30,146,11,156,81,957,917,14,29.240000000000002,0.113,2.6,2.115,124.5,69.54,16,740,N/A
2017,6,15,14,30,331,402,634,77,924,771,14,41.38,0.113,2.4000000000000004,2.165,123.5,69.57000000000001,15,740,N/A
2017,6,15,15,30,70,865,571,70,865,571,14,54.61,0.113,2.2,2.214,121.80000000000001,74.23,14,740,N/A
2017,6,15,16,30,115,3,117,59,746,335,14,68.24,0.113,1.8,2.249,120,80.15,13,740,N/A
2017,6,15,17,30,34,0,34,35,459,98,14,82,0.113,1.3,2.266,118.2,92.17,12,740,N/A
2017,6,15,18,30,0,0,0,0,0,0,14,95.73,0.113,1,2.27,116.7,90.98,11,740,N/A
2017,6,15,19,30,0,0,0,0,0,0,14,109.25,0.113,1,2.2640000000000002,115.60000000000001,94.63,11,740,N/A
2017,6,15,20,30,0,0,0,0,0,0,13,122.34,0.113,1,2.248,112.80000000000001,92.13,10,740,N/A
2017,6,15,21,30,0,0,0,0,0,0,13,134.55,0.113,0.9,2.224,109.4,96.02,10,740,N/A
2017,6,15,22,30,0,0,0,0,0,0,12,144.9,0.113,0.8,2.198,109.9,92.62,10,740,N/A
2017,6,15,23,30,0,0,0,0,0,0,12,151.27,0.113,0.5,2.17,111.4,89.46000000000001,9,740,N/A
2017,6,16,0,30,0,0,0,0,0,0,11,150.89000000000001,0.113,0.30000000000000004,2.1390000000000002,114.7,92.82000000000001,9,740,N/A
2017,6,16,1,30,0,0,0,0,0,0,11,143.98,0.113,0.1,2.099,134.6,90.04,8,740,N/A
2017,6,16,2,30,0,0,0,0,0,0,10,133.37,0.113,0.1,2.048,166.8,93.26,8,740,N/A
2017,6,16,3,30,0,0,0,0,0,0,10,121.03,0.113,0.1,1.996,196.9,91.07000000000001,8,740,N/A
2017,6,16,4,30,0,0,0,0,0,0,10,107.89,0.113,0.1,1.959,203.60000000000002,89.28,8,740,N/A
2017,6,16,5,30,0,0,0,0,0,0,9,94.34,0.113,0.30000000000000004,1.944,162,87.35000000000001,8,740,N/A
2017,6,16,6,30,31,590,127,31,590,127,11,80.61,0.113,0.9,1.938,129.6,83.92,10,740,N/A
2017,6,16,7,30,47,820,370,47,820,370,12,66.85,0.113,1.5,1.934,134.3,75.8,12,740,N/A
2017,6,16,8,30,210,19,222,57,912,602,12,53.25,0.113,1.8,1.942,132.4,71.56,14,740,N/A
2017,6,16,9,30,63,958,796,63,958,796,12,40.09,0.113,2.2,1.972,127,67.43,15,740,N/A
2017,6,16,10,30,375,33,405,79,965,930,13,28.150000000000002,0.113,2.5,2.021,123.7,65.17,16,740,N/A
2017,6,16,11,30,419,36,454,82,974,999,13,19.86,0.113,2.7,2.075,123.2,62.9,17,740,N/A
2017,6,16,12,30,498,100,592,82,973,994,13,20.37,0.113,2.6,2.122,124.2,63.7,16,740,N/A
2017,6,16,13,30,439,74,504,85,950,914,13,29.22,0.113,2.4000000000000004,2.1710000000000003,125.2,64.11,16,740,N/A
2017,6,16,14,30,79,919,769,79,919,769,14,41.35,0.113,2.1,2.228,125.5,68.68,16,740,N/A
2017,6,16,15,30,70,863,570,70,863,570,14,54.57,0.113,1.8,2.291,125.10000000000001,73.60000000000001,15,740,N/A
2017,6,16,16,30,59,744,335,59,744,335,14,68.2,0.113,1.4000000000000001,2.351,125.2,79.62,14,740,N/A
2017,6,16,17,30,35,459,99,35,459,99,14,81.95,0.113,0.8,2.396,124.9,87.54,12,740,N/A
2017,6,16,18,30,0,0,0,0,0,0,14,95.67,0.113,0.5,2.419,124.2,93.65,12,740,N/A
2017,6,16,19,30,0,0,0,0,0,0,14,109.19,0.113,0.5,2.4210000000000003,125.60000000000001,91.74,11,740,N/A
2017,6,16,20,30,0,0,0,0,0,0,14,122.28,0.113,0.6000000000000001,2.415,128.3,91.11,11,740,N/A
2017,6,16,21,30,0,0,0,0,0,0,14,134.49,0.113,0.5,2.426,126.4,95.22,11,740,N/A
2017,6,16,22,30,0,0,0,0,0,0,14,144.85,0.113,0.4,2.444,126.7,94.06,11,740,N/A
2017,6,16,23,30,0,0,0,0,0,0,13,151.23,0.113,0.2,2.435,136.20000000000002,93.57000000000001,10,740,N/A
2017,6,17,0,30,0,0,0,0,0,0,13,150.88,0.113,0.2,2.396,165.9,92.23,10,740,N/A
2017,6,17,1,30,0,0,0,0,0,0,13,143.99,0.113,0.2,2.362,206,96.44,10,740,N/A
2017,6,17,2,30,0,0,0,0,0,0,13,133.39000000000001,0.113,0.1,2.351,235,94.44,10,740,N/A
2017,6,17,3,30,0,0,0,0,0,0,12,121.07000000000001,0.113,0.2,2.355,299.7,92.61,10,740,N/A
2017,6,17,4,30,0,0,0,0,0,0,12,107.93,0.113,0.30000000000000004,2.365,16.7,91.46000000000001,9,740,N/A
2017,6,17,5,30,0,0,0,0,0,0,12,94.38,0.113,0.4,2.368,57.6,90.08,9,740,N/A
2017,6,17,6,30,57,182,86,33,553,123,13,80.66,0.113,0.6000000000000001,2.35,82.30000000000001,88.74,10,740,N/A
2017,6,17,7,30,133,437,305,52,793,363,13,66.91,0.113,1,2.321,114.4,86.7,12,740,N/A
2017,6,17,8,30,286,129,363,62,891,595,13,53.300000000000004,0.113,1.4000000000000001,2.299,120.10000000000001,76.84,13,740,N/A
2017,6,17,9,30,387,111,472,68,942,788,13,40.15,0.113,1.6,2.295,119.9,72.49,14,740,N/A
2017,6,17,10,30,467,120,573,82,952,922,13,28.21,0.113,1.7000000000000002,2.314,118.4,68.36,15,740,N/A
2017,6,17,11,30,452,50,500,86,962,991,14,19.900000000000002,0.113,1.6,2.35,118.60000000000001,68.95,16,740,N/A
2017,6,17,12,30,495,94,583,86,960,986,14,20.37,0.113,1.5,2.398,119.9,69.21000000000001,16,740,N/A
2017,6,17,13,30,416,54,464,94,929,905,14,29.2,0.113,1.2000000000000002,2.455,121.7,73.99,15,740,N/A
2017,6,17,14,30,386,179,521,91,889,759,14,41.31,0.113,1.1,2.511,124.2,79.39,14,740,N/A
2017,6,17,15,30,161,9,167,83,823,561,14,54.53,0.113,1,2.5500000000000003,125.80000000000001,80.21000000000001,13,740,N/A
2017,6,17,16,30,13,0,13,70,689,327,14,68.15,0.113,0.9,2.572,127.30000000000001,86.8,12,740,N/A
2017,6,17,17,30,3,0,3,40,394,95,15,81.9,0.113,0.8,2.588,128.1,94.59,12,740,N/A
2017,6,17,18,30,0,0,0,0,0,0,15,95.62,0.113,0.7000000000000001,2.601,128.6,95.47,11,740,N/A
2017,6,17,19,30,0,0,0,0,0,0,15,109.14,0.114,0.8,2.603,126.5,94.74,11,740,N/A
2017,6,17,20,30,0,0,0,0,0,0,14,122.22,0.114,0.8,2.586,124.7,99.88,11,740,N/A
2017,6,17,21,30,0,0,0,0,0,0,14,134.43,0.114,0.7000000000000001,2.551,122.7,98.54,11,740,N/A
2017,6,17,22,30,0,0,0,0,0,0,14,144.8,0.114,0.5,2.5100000000000002,123.7,96.74000000000001,10,740,N/A
2017,6,17,23,30,0,0,0,0,0,0,14,151.19,0.114,0.4,2.474,126.9,100,10,740,N/A
2017,6,18,0,30,0,0,0,0,0,0,13,150.87,0.114,0.30000000000000004,2.448,140,98.9,10,740,N/A
2017,6,18,1,30,0,0,0,0,0,0,13,144.01,0.114,0.2,2.431,157.4,96.82000000000001,10,740,N/A
2017,6,18,2,30,0,0,0,0,0,0,13,133.42000000000002,0.114,0.1,2.416,168.8,94.73,9,740,N/A
2017,6,18,3,30,0,0,0,0,0,0,12,121.11,0.114,0.1,2.4,154.70000000000002,92.76,9,740,N/A
2017,6,18,4,30,0,0,0,0,0,0,12,107.97,0.114,0.1,2.38,96.5,91.01,9,740,N/A
2017,6,18,5,30,0,0,0,0,0,0,12,94.43,0.114,0.30000000000000004,2.356,65.5,89,9,740,N/A
2017,6,18,6,30,50,0,50,36,527,121,12,80.7,0.114,0.7000000000000001,2.332,93.60000000000001,86.33,10,740,N/A
2017,6,18,7,30,166,94,203,55,779,360,13,66.96000000000001,0.114,1.1,2.314,111,83.27,12,740,N/A
2017,6,18,8,30,31,0,31,66,882,592,13,53.36,0.114,1.3,2.3040000000000003,116.60000000000001,78.14,13,740,N/A
2017,6,18,9,30,298,27,319,72,933,785,13,40.2,0.114,1.4000000000000001,2.315,122.30000000000001,74.87,14,740,N/A
2017,6,18,10,30,471,143,598,78,957,922,13,28.26,0.114,1.5,2.355,129,72.29,15,740,N/A
2017,6,18,11,30,269,19,287,82,965,990,14,19.94,0.114,1.6,2.4130000000000003,132.4,69.35000000000001,15,740,N/A
2017,6,18,12,30,245,18,263,84,961,985,14,20.37,0.114,1.6,2.479,132.5,70.37,15,740,N/A
2017,6,18,13,30,86,939,906,86,939,906,14,29.17,0.114,1.5,2.541,133.6,75.37,15,740,N/A
2017,6,18,14,30,112,4,115,83,904,762,14,41.27,0.114,1.4000000000000001,2.596,137.20000000000002,80.63,14,740,N/A
2017,6,18,15,30,234,407,471,74,843,565,14,54.480000000000004,0.114,1.3,2.638,142,86.8,13,740,N/A
2017,6,18,16,30,123,437,286,64,717,331,14,68.1,0.114,1.2000000000000002,2.6630000000000003,144.9,87.96000000000001,12,740,N/A
2017,6,18,17,30,45,284,85,36,437,98,15,81.85000000000001,0.114,0.8,2.6630000000000003,143.5,94.74,11,740,N/A
2017,6,18,18,30,0,0,0,0,0,0,15,95.57000000000001,0.114,0.5,2.638,138.4,95.16,11,740,N/A
2017,6,18,19,30,0,0,0,0,0,0,15,109.08,0.114,0.30000000000000004,2.591,144.4,100,11,740,N/A
2017,6,18,20,30,0,0,0,0,0,0,14,122.17,0.114,0.2,2.531,159.20000000000002,98.77,11,740,N/A
2017,6,18,21,30,0,0,0,0,0,0,14,134.38,0.114,0.2,2.474,204.4,97.07000000000001,10,740,N/A
2017,6,18,22,30,0,0,0,0,0,0,14,144.75,0.114,0.30000000000000004,2.449,212.20000000000002,100,10,740,N/A
2017,6,18,23,30,0,0,0,0,0,0,13,151.16,0.114,0.4,2.449,165.70000000000002,99.25,10,740,N/A
2017,6,19,0,30,0,0,0,0,0,0,13,150.87,0.114,0.5,2.445,152.5,97.9,10,740,N/A
2017,6,19,1,30,0,0,0,0,0,0,13,144.03,0.114,0.5,2.4290000000000003,180,96.53,10,740,N/A
2017,6,19,2,30,0,0,0,0,0,0,13,133.46,0.114,0.4,2.416,201.3,95.24,9,740,N/A
2017,6,19,3,30,0,0,0,0,0,0,13,121.15,0.114,0.4,2.42,202.10000000000002,94.10000000000001,9,740,N/A
2017,6,19,4,30,0,0,0,0,0,0,12,108.01,0.114,0.4,2.4290000000000003,188.4,93.35000000000001,9,740,N/A
2017,6,19,5,30,0,0,0,0,0,0,12,94.48,0.114,0.5,2.4210000000000003,202.8,92.51,9,740,N/A
2017,6,19,6,30,51,0,51,32,556,122,13,80.75,0.114,0.8,2.41,212.20000000000002,93.85000000000001,10,740,N/A
2017,6,19,7,30,148,32,161,51,792,360,13,67.01,0.114,1,2.433,204.5,90.35000000000001,11,740,N/A
2017,6,19,8,30,284,124,359,63,884,590,13,53.410000000000004,0.114,1.2000000000000002,2.458,151.20000000000002,86.45,12,740,N/A
2017,6,19,9,30,352,55,394,70,934,783,13,40.25,0.114,1.3,2.452,134.8,80.66,12,740,N/A
2017,6,19,10,30,472,159,612,81,951,919,13,28.3,0.114,1.4000000000000001,2.432,127.10000000000001,82.28,13,740,N/A
2017,6,19,11,30,473,65,535,83,965,990,13,19.97,0.114,1.6,2.415,117.5,76.84,14,740,N/A
2017,6,19,12,30,478,72,545,82,966,987,13,20.36,0.114,1.8,2.41,113.30000000000001,72.04,15,740,N/A
2017,6,19,13,30,435,362,752,98,922,904,14,29.14,0.114,1.9000000000000001,2.4130000000000003,111.30000000000001,72.81,15,740,N/A
2017,6,19,14,30,117,5,121,93,889,761,14,41.230000000000004,0.114,1.8,2.4210000000000003,109.80000000000001,73.23,14,740,N/A
2017,6,19,15,30,246,376,465,82,828,564,14,54.44,0.114,1.5,2.433,108.5,78.61,13,740,N/A
2017,6,19,16,30,155,220,237,68,707,332,14,68.05,0.114,1.1,2.444,108.2,85.45,12,740,N/A
2017,6,19,17,30,51,137,70,38,423,99,14,81.8,0.114,0.6000000000000001,2.45,108.4,93.06,11,740,N/A
2017,6,19,18,30,0,0,0,0,0,0,14,95.52,0.114,0.4,2.455,110.30000000000001,97.96000000000001,11,740,N/A
2017,6,19,19,30,0,0,0,0,0,0,14,109.03,0.114,0.5,2.458,107.80000000000001,95.79,10,740,N/A
2017,6,19,20,30,0,0,0,0,0,0,14,122.12,0.114,0.6000000000000001,2.444,104.2,100,10,740,N/A
2017,6,19,21,30,0,0,0,0,0,0,13,134.34,0.114,0.6000000000000001,2.41,99.10000000000001,97.02,10,740,N/A
2017,6,19,22,30,0,0,0,0,0,0,13,144.71,0.114,0.6000000000000001,2.379,99.10000000000001,94.11,9,740,N/A
2017,6,19,23,30,0,0,0,0,0,0,12,151.14000000000001,0.114,0.6000000000000001,2.372,98.2,97.04,9,740,N/A
2017,6,20,0,30,0,0,0,0,0,0,12,150.87,0.114,0.6000000000000001,2.372,93.10000000000001,95.09,9,740,N/A
2017,6,20,1,30,0,0,0,0,0,0,12,144.05,0.114,0.6000000000000001,2.36,90.5,94.67,9,740,N/A
2017,6,20,2,30,0,0,0,0,0,0,12,133.49,0.114,0.5,2.336,91.4,94.27,9,740,N/A
2017,6,20,3,30,0,0,0,0,0,0,11,121.19,0.114,0.5,2.306,96.10000000000001,93.31,8,740,N/A
2017,6,20,4,30,0,0,0,0,0,0,11,108.06,0.114,0.5,2.279,100.10000000000001,92.21000000000001,8,740,N/A
2017,6,20,5,30,0,0,0,0,0,0,11,94.52,0.114,0.7000000000000001,2.269,102.60000000000001,90.85000000000001,8,740,N/A
2017,6,20,6,30,58,100,74,35,525,119,12,80.8,0.114,1.3,2.277,106.7,90.89,10,740,N/A
2017,6,20,7,30,167,143,223,57,772,358,13,67.06,0.114,1.9000000000000001,2.289,110.80000000000001,83.51,11,740,N/A
2017,6,20,8,30,132,5,135,69,873,588,13,53.46,0.114,2.2,2.308,112.5,79.98,13,740,N/A
2017,6,20,9,30,392,186,535,76,924,782,13,40.300000000000004,0.114,2.3000000000000003,2.336,111.4,74.74,14,740,N/A
2017,6,20,10,30,398,41,434,82,950,919,13,28.35,0.114,2.4000000000000004,2.368,111.60000000000001,70.08,14,740,N/A
2017,6,20,11,30,485,78,559,86,960,988,13,19.990000000000002,0.114,2.4000000000000004,2.403,112.10000000000001,70.18,15,740,N/A
2017,6,20,12,30,512,183,684,87,957,985,13,20.35,0.114,2.3000000000000003,2.438,112.9,70.67,14,740,N/A
2017,6,20,13,30,467,199,641,90,934,907,13,29.1,0.114,2.1,2.466,114.2,75.87,14,740,N/A
2017,6,20,14,30,85,901,764,85,901,764,13,41.19,0.114,1.9000000000000001,2.483,115.2,76.42,13,740,N/A
2017,6,20,15,30,274,224,405,75,845,568,13,54.39,0.114,1.7000000000000002,2.489,116.7,81.97,13,740,N/A
2017,6,20,16,30,54,0,54,62,730,335,13,68,0.114,1.4000000000000001,2.484,117.7,87.64,12,740,N/A
2017,6,20,17,30,16,0,16,36,459,101,14,81.75,0.114,1,2.469,117,94.81,11,740,N/A
2017,6,20,18,30,0,0,0,0,0,0,14,95.47,0.114,0.8,2.45,115,93.92,11,740,N/A
2017,6,20,19,30,0,0,0,0,0,0,13,108.98,0.114,0.8,2.433,111.80000000000001,92.04,10,740,N/A
2017,6,20,20,30,0,0,0,0,0,0,13,122.07000000000001,0.114,0.8,2.4130000000000003,109,96.22,10,740,N/A
2017,6,20,21,30,0,0,0,0,0,0,13,134.29,0.114,0.7000000000000001,2.386,105.9,94.08,9,740,N/A
2017,6,20,22,30,0,0,0,0,0,0,12,144.67000000000002,0.114,0.6000000000000001,2.355,103.10000000000001,97.4,9,740,N/A
2017,6,20,23,30,0,0,0,0,0,0,12,151.13,0.114,0.6000000000000001,2.323,102.9,94.37,9,740,N/A
2017,6,21,0,30,0,0,0,0,0,0,11,150.88,0.114,0.6000000000000001,2.291,106.10000000000001,92.04,8,740,N/A
2017,6,21,1,30,0,0,0,0,0,0,11,144.09,0.114,0.6000000000000001,2.263,108.7,96.55,8,740,N/A
2017,6,21,2,30,0,0,0,0,0,0,11,133.53,0.114,0.7000000000000001,2.244,108.10000000000001,95.32000000000001,8,740,N/A
2017,6,21,3,30,0,0,0,0,0,0,11,121.24000000000001,0.114,0.8,2.239,106.9,94.51,8,740,N/A
2017,6,21,4,30,0,0,0,0,0,0,11,108.11,0.114,0.8,2.243,103.4,94.06,8,740,N/A
2017,6,21,5,30,0,0,0,0,0,0,10,94.57000000000001,0.114,1.1,2.248,101.60000000000001,93.38,8,740,N/A
2017,6,21,6,30,54,17,57,32,560,121,11,80.85000000000001,0.114,1.7000000000000002,2.25,107.30000000000001,86.44,9,740,N/A
2017,6,21,7,30,163,80,194,50,797,360,12,67.11,0.114,2.3000000000000003,2.2520000000000002,116.80000000000001,84.92,11,740,N/A
2017,6,21,8,30,233,30,251,61,891,591,12,53.51,0.114,2.6,2.254,122.2,80.91,12,740,N/A
2017,6,21,9,30,387,233,565,70,939,785,12,40.35,0.114,2.7,2.246,122.4,75.76,13,740,N/A
2017,6,21,10,30,84,950,921,84,950,921,12,28.39,0.114,2.8000000000000003,2.228,122.60000000000001,70.65,14,740,N/A
2017,6,21,11,30,86,964,992,86,964,992,12,20.01,0.114,2.8000000000000003,2.214,122.9,66.3,15,740,N/A
2017,6,21,12,30,506,121,620,85,966,991,12,20.330000000000002,0.114,2.7,2.211,122.4,66.9,15,740,N/A
2017,6,21,13,30,419,55,467,90,941,912,12,29.060000000000002,0.114,2.6,2.218,120.7,67.22,15,740,N/A
2017,6,21,14,30,83,911,770,83,911,770,12,41.14,0.114,2.4000000000000004,2.233,118.5,67.82000000000001,15,740,N/A
2017,6,21,15,30,74,855,573,74,855,573,13,54.34,0.114,2,2.251,115.7,72.76,14,740,N/A
2017,6,21,16,30,61,741,339,61,741,339,13,67.96000000000001,0.114,1.6,2.261,112.60000000000001,78.64,13,740,N/A
2017,6,21,17,30,36,459,103,36,459,103,13,81.7,0.114,0.9,2.261,107.7,85.72,11,740,N/A
2017,6,21,18,30,0,0,0,0,0,0,13,95.42,0.114,0.5,2.248,94.9,89.98,10,740,N/A
2017,6,21,19,30,0,0,0,0,0,0,12,108.94,0.114,0.4,2.222,83.60000000000001,91.94,10,740,N/A
2017,6,21,20,30,0,0,0,0,0,0,12,122.03,0.114,0.5,2.184,81.80000000000001,87.93,9,740,N/A
2017,6,21,21,30,0,0,0,0,0,0,11,134.25,0.114,0.6000000000000001,2.149,87.4,89.9,9,740,N/A
2017,6,21,22,30,0,0,0,0,0,0,10,144.65,0.114,0.5,2.121,86.7,87,8,740,N/A
2017,6,21,23,30,0,0,0,0,0,0,10,151.12,0.114,0.4,2.091,87.2,90.25,8,740,N/A
2017,6,22,0,30,0,0,0,0,0,0,10,150.9,0.114,0.2,2.056,86.4,93.77,7,740,N/A
2017,6,22,1,30,0,0,0,0,0,0,9,144.12,0.114,0.2,2.019,72.7,91.23,7,740,N/A
2017,6,22,2,30,0,0,0,0,0,0,9,133.58,0.114,0.2,1.986,53.900000000000006,89.3,6,740,N/A
2017,6,22,3,30,0,0,0,0,0,0,9,121.28,0.114,0.30000000000000004,1.964,38.900000000000006,93.76,6,740,N/A
2017,6,22,4,30,0,0,0,0,0,0,8,108.16,0.114,0.30000000000000004,1.959,27,92.68,6,740,N/A
2017,6,22,5,30,0,0,0,0,0,0,8,94.62,0.114,0.30000000000000004,1.971,18.400000000000002,86.07000000000001,7,740,N/A
2017,6,22,6,30,33,543,119,33,543,119,10,80.9,0.114,0.7000000000000001,2.001,37.5,83.39,9,740,N/A
2017,6,22,7,30,151,39,166,53,788,359,11,67.16,0.114,1.3,2.054,95.80000000000001,74.9,12,740,N/A
2017,6,22,8,30,142,6,147,65,884,591,12,53.550000000000004,0.114,1.6,2.123,109.9,68.39,14,740,N/A
2017,6,22,9,30,389,128,486,74,931,784,12,40.39,0.114,1.7000000000000002,2.197,115.7,66.85,15,740,N/A
2017,6,22,10,30,356,28,382,91,938,917,13,28.42,0.114,1.7000000000000002,2.2640000000000002,120,64.84,15,740,N/A
2017,6,22,11,30,421,37,456,94,950,987,13,20.02,0.114,1.8,2.323,121.4,66.38,16,740,N/A
2017,6,22,12,30,497,99,591,93,950,984,13,20.3,0.114,1.8,2.3770000000000002,120.60000000000001,67.35,15,740,N/A
2017,6,22,13,30,467,146,595,105,912,902,13,29.02,0.114,1.9000000000000001,2.43,118.4,72.4,15,740,N/A
2017,6,22,14,30,151,10,160,98,877,759,14,41.09,0.114,1.9000000000000001,2.48,116.7,73.41,14,740,N/A
2017,6,22,15,30,40,0,40,88,813,563,14,54.29,0.114,1.9000000000000001,2.519,116.10000000000001,79.11,13,740,N/A
2017,6,22,16,30,72,690,331,72,690,331,14,67.91,0.114,1.5,2.5380000000000003,117.60000000000001,84.92,12,740,N/A
2017,6,22,17,30,40,407,99,40,407,99,14,81.65,0.114,1,2.5300000000000002,120.10000000000001,90.63,11,740,N/A
2017,6,22,18,30,0,0,0,0,0,0,14,95.37,0.114,0.6000000000000001,2.493,118.4,96.98,11,740,N/A
2017,6,22,19,30,0,0,0,0,0,0,14,108.89,0.114,0.5,2.442,119.2,94.69,10,740,N/A
2017,6,22,20,30,0,0,0,0,0,0,13,121.98,0.114,0.4,2.398,126,98.87,10,740,N/A
2017,6,22,21,30,0,0,0,0,0,0,13,134.22,0.114,0.30000000000000004,2.369,127.60000000000001,96.43,10,740,N/A
2017,6,22,22,30,0,0,0,0,0,0,12,144.62,0.114,0.30000000000000004,2.35,124,93.34,9,740,N/A
2017,6,22,23,30,0,0,0,0,0,0,12,151.11,0.114,0.2,2.334,119.30000000000001,96.01,9,740,N/A
2017,6,23,0,30,0,0,0,0,0,0,11,150.93,0.114,0.1,2.315,99.5,92.55,9,740,N/A
2017,6,23,1,30,0,0,0,0,0,0,11,144.16,0.114,0.1,2.29,66.60000000000001,89.42,8,740,N/A
2017,6,23,2,30,0,0,0,0,0,0,10,133.63,0.114,0.2,2.2560000000000002,43.7,92.56,8,740,N/A
2017,6,23,3,30,0,0,0,0,0,0,10,121.33,0.114,0.30000000000000004,2.218,52.7,90.13,8,740,N/A
2017,6,23,4,30,0,0,0,0,0,0,10,108.21000000000001,0.114,0.4,2.178,63.800000000000004,88.68,8,740,N/A
2017,6,23,5,30,0,0,0,0,0,0,10,94.67,0.114,0.5,2.134,75.7,87.99,8,740,N/A
2017,6,23,6,30,48,0,48,36,503,116,11,80.95,0.114,0.8,2.089,92,85.65,10,740,N/A
2017,6,23,7,30,58,766,355,58,766,355,12,67.2,0.114,1.1,2.048,110.4,77.26,12,740,N/A
2017,6,23,8,30,281,114,349,71,871,588,13,53.6,0.114,1.3,2.027,99.7,75.09,14,740,N/A
2017,6,23,9,30,333,42,365,80,924,784,13,40.43,0.114,1.7000000000000002,2.041,89.60000000000001,71.69,15,740,N/A
2017,6,23,10,30,343,25,365,89,945,921,14,28.45,0.114,2.2,2.078,93.60000000000001,69.42,16,740,N/A
2017,6,23,11,30,478,70,544,94,954,991,14,20.02,0.114,2.4000000000000004,2.108,99.2,66.03,16,740,N/A
2017,6,23,12,30,506,237,729,94,954,989,14,20.27,0.114,2.4000000000000004,2.121,102.7,66.33,17,740,N/A
2017,6,23,13,30,464,226,663,96,932,912,14,28.97,0.114,2.2,2.1390000000000002,106.10000000000001,67.04,16,740,N/A
2017,6,23,14,30,378,103,456,89,902,769,14,41.04,0.114,2,2.17,108.60000000000001,71.87,16,740,N/A
2017,6,23,15,30,77,847,573,77,847,573,14,54.24,0.114,1.9000000000000001,2.203,109.80000000000001,77.04,15,740,N/A
2017,6,23,16,30,106,0,106,63,732,339,15,67.85,0.114,1.5,2.226,112.4,82.66,14,740,N/A
2017,6,23,17,30,37,454,103,37,454,103,15,81.61,0.114,1,2.236,117.30000000000001,90.06,12,740,N/A
2017,6,23,18,30,0,0,0,0,0,0,15,95.32000000000001,0.114,0.7000000000000001,2.249,123.5,93.82000000000001,12,740,N/A
2017,6,23,19,30,0,0,0,0,0,0,14,108.85000000000001,0.114,0.7000000000000001,2.273,123.5,96.92,11,740,N/A
2017,6,23,20,30,0,0,0,0,0,0,14,121.95,0.114,0.5,2.303,123.7,94.87,11,740,N/A
2017,6,23,21,30,0,0,0,0,0,0,13,134.18,0.114,0.5,2.335,133.9,93.47,10,740,N/A
2017,6,23,22,30,0,0,0,0,0,0,13,144.6,0.114,0.5,2.367,140.9,98.08,10,740,N/A
2017,6,23,23,30,0,0,0,0,0,0,13,151.12,0.114,0.6000000000000001,2.394,142.3,96.58,10,740,N/A
2017,6,24,0,30,0,0,0,0,0,0,13,150.96,0.114,0.6000000000000001,2.4090000000000003,148,95.13,10,740,N/A
2017,6,24,1,30,0,0,0,0,0,0,13,144.21,0.114,0.7000000000000001,2.4170000000000003,150.5,93.84,10,740,N/A
2017,6,24,2,30,0,0,0,0,0,0,12,133.68,0.114,0.7000000000000001,2.432,152.9,92.71000000000001,9,740,N/A
2017,6,24,3,30,0,0,0,0,0,0,12,121.39,0.114,0.6000000000000001,2.453,154.9,92.17,9,740,N/A
2017,6,24,4,30,0,0,0,0,0,0,12,108.26,0.114,0.6000000000000001,2.465,155.60000000000002,97.89,9,740,N/A
2017,6,24,5,30,0,0,0,0,0,0,12,94.73,0.114,0.6000000000000001,2.46,157,96.59,9,740,N/A
2017,6,24,6,30,54,194,84,33,531,116,13,81,0.114,1,2.439,158.3,95.05,10,740,N/A
2017,6,24,7,30,153,296,268,50,788,355,13,67.25,0.114,1.5,2.418,162.10000000000002,86.19,11,740,N/A
2017,6,24,8,30,59,891,587,59,891,587,13,53.64,0.114,1.7000000000000002,2.419,163.9,82.17,12,740,N/A
2017,6,24,9,30,272,484,640,64,942,781,13,40.47,0.114,1.9000000000000001,2.437,164.5,76.8,13,740,N/A
2017,6,24,10,30,471,166,618,79,952,916,13,28.48,0.114,2,2.459,166.60000000000002,76.9,14,740,N/A
2017,6,24,11,30,394,30,422,81,964,987,14,20.02,0.114,2.1,2.49,167.9,72.77,14,740,N/A
2017,6,24,12,30,506,122,621,81,962,985,14,20.23,0.114,2,2.537,165.5,73.28,14,740,N/A
2017,6,24,13,30,456,100,543,92,928,905,14,28.92,0.114,1.9000000000000001,2.589,159.5,78.22,13,740,N/A
2017,6,24,14,30,387,196,535,86,897,763,14,40.99,0.114,1.9000000000000001,2.633,149.1,83.37,13,740,N/A
2017,6,24,15,30,259,61,295,76,839,568,14,54.19,0.114,1.8,2.658,135.1,89.68,12,740,N/A
2017,6,24,16,30,63,724,336,63,724,336,14,67.8,0.114,1.5,2.6550000000000002,126.9,91.29,11,740,N/A
2017,6,24,17,30,35,469,104,35,469,104,14,81.56,0.114,1.2000000000000002,2.624,123.9,97.68,11,740,N/A
2017,6,24,18,30,0,0,0,0,0,0,14,95.28,0.114,1.1,2.58,122.7,95.72,10,740,N/A
2017,6,24,19,30,0,0,0,0,0,0,14,108.8,0.114,1.1,2.5340000000000003,119.2,93.97,10,740,N/A
2017,6,24,20,30,0,0,0,0,0,0,13,121.91,0.114,1,2.491,114.7,98.78,10,740,N/A
2017,6,24,21,30,0,0,0,0,0,0,13,134.16,0.114,0.9,2.45,113.9,96.64,10,740,N/A
2017,6,24,22,30,0,0,0,0,0,0,13,144.59,0.114,0.7000000000000001,2.412,114.2,93.96000000000001,9,740,N/A
2017,6,24,23,30,0,0,0,0,0,0,12,151.13,0.114,0.6000000000000001,2.3770000000000002,110.7,91.97,9,740,N/A
2017,6,25,0,30,0,0,0,0,0,0,12,150.99,0.114,0.7000000000000001,2.346,107.10000000000001,95.95,9,740,N/A
2017,6,25,1,30,0,0,0,0,0,0,12,144.26,0.114,0.7000000000000001,2.323,106.4,93.81,9,740,N/A
2017,6,25,2,30,0,0,0,0,0,0,11,133.73,0.114,0.8,2.307,107,92.36,9,740,N/A
2017,6,25,3,30,0,0,0,0,0,0,11,121.44,0.114,0.9,2.293,108.80000000000001,91.16,8,740,N/A
2017,6,25,4,30,0,0,0,0,0,0,11,108.31,0.114,0.8,2.283,108.4,90.05,8,740,N/A
2017,6,25,5,30,0,0,0,0,0,0,11,94.78,0.114,0.9,2.2720000000000002,106.5,89.21000000000001,8,740,N/A
2017,6,25,6,30,51,2,51,32,548,117,11,81.05,0.114,1.4000000000000001,2.2600000000000002,111.60000000000001,87.65,10,740,N/A
2017,6,25,7,30,123,6,125,51,789,356,12,67.3,0.114,2,2.248,114.9,79.95,11,740,N/A
2017,6,25,8,30,278,100,337,61,889,588,12,53.69,0.114,2.5,2.248,115.2,76.06,13,740,N/A
2017,6,25,9,30,67,941,783,67,941,783,13,40.51,0.114,2.8000000000000003,2.263,117.4,72.76,14,740,N/A
2017,6,25,10,30,388,38,422,71,968,922,13,28.5,0.114,2.9000000000000004,2.274,119.5,69.5,15,740,N/A
2017,6,25,11,30,513,160,663,73,979,994,13,20.01,0.114,3,2.279,119.7,65.92,15,740,N/A
2017,6,25,12,30,72,981,993,72,981,993,13,20.19,0.114,2.9000000000000004,2.289,119.60000000000001,70.71000000000001,15,740,N/A
2017,6,25,13,30,462,243,675,69,969,919,13,28.86,0.114,2.7,2.301,119.2,71.12,15,740,N/A
2017,6,25,14,30,64,944,778,64,944,778,13,40.93,0.114,2.5,2.311,118,71.48,14,740,N/A
2017,6,25,15,30,56,897,582,56,897,582,13,54.13,0.114,2.2,2.312,116.2,76.35000000000001,14,740,N/A
2017,6,25,16,30,47,801,350,47,801,350,13,67.75,0.114,1.8,2.3000000000000003,113.30000000000001,82.36,13,740,N/A
2017,6,25,17,30,29,559,111,29,559,111,14,81.51,0.114,1.1,2.2760000000000002,109,89.42,12,740,N/A
2017,6,25,18,30,0,0,0,0,0,0,13,95.23,0.114,0.7000000000000001,2.251,100,92.53,11,740,N/A
2017,6,25,19,30,0,0,0,0,0,0,13,108.76,0.113,0.6000000000000001,2.223,88.10000000000001,88.67,10,740,N/A
2017,6,25,20,30,0,0,0,0,0,0,12,121.88,0.113,0.4,2.183,78.60000000000001,91.9,10,740,N/A
2017,6,25,21,30,0,0,0,0,0,0,12,134.13,0.113,0.30000000000000004,2.136,68.8,89.81,9,740,N/A
2017,6,25,22,30,0,0,0,0,0,0,12,144.58,0.113,0.30000000000000004,2.094,62.7,93.7,9,740,N/A
2017,6,25,23,30,0,0,0,0,0,0,11,151.15,0.113,0.30000000000000004,2.068,58.1,90.73,9,740,N/A
2017,6,26,0,30,0,0,0,0,0,0,11,151.04,0.113,0.30000000000000004,2.075,49.5,87.72,8,740,N/A
2017,6,26,1,30,0,0,0,0,0,0,10,144.31,0.113,0.30000000000000004,2.113,51.1,85.5,8,740,N/A
2017,6,26,2,30,0,0,0,0,0,0,10,133.79,0.113,0.30000000000000004,2.153,43.1,89.85000000000001,8,740,N/A
2017,6,26,3,30,0,0,0,0,0,0,10,121.5,0.113,0.30000000000000004,2.169,43,89.59,8,740,N/A
2017,6,26,4,30,0,0,0,0,0,0,10,108.37,0.113,0.30000000000000004,2.1670000000000003,51.900000000000006,88.7,7,740,N/A
2017,6,26,5,30,0,0,0,0,0,0,9,94.83,0.113,0.4,2.168,53.300000000000004,87.13,8,740,N/A
2017,6,26,6,30,55,58,64,29,578,119,11,81.10000000000001,0.113,0.6000000000000001,2.178,66.8,84.22,10,740,N/A
2017,6,26,7,30,136,18,144,46,810,358,12,67.34,0.113,1.1,2.195,97.4,80.33,12,740,N/A
2017,6,26,8,30,189,14,198,56,903,590,13,53.730000000000004,0.113,1.5,2.219,99.2,72.75,13,740,N/A
2017,6,26,9,30,237,17,250,62,950,784,13,40.54,0.113,1.8,2.2520000000000002,102.2,68.93,14,740,N/A
2017,6,26,10,30,471,175,625,75,962,921,13,28.52,0.113,2,2.2960000000000003,103,66.11,15,740,N/A
2017,6,26,11,30,436,43,477,78,972,991,13,20,0.113,2.1,2.353,104.4,67.3,16,740,N/A
2017,6,26,12,30,283,19,302,77,971,989,13,20.14,0.113,2.1,2.42,106,68.08,15,740,N/A
2017,6,26,13,30,469,191,636,89,936,909,14,28.8,0.113,1.9000000000000001,2.49,106.9,73.03,15,740,N/A
2017,6,26,14,30,388,146,499,84,902,767,14,40.87,0.113,1.7000000000000002,2.552,108.9,78.42,14,740,N/A
2017,6,26,15,30,241,39,264,75,844,571,14,54.08,0.113,1.5,2.596,110.9,79.75,13,740,N/A
2017,6,26,16,30,159,184,229,62,728,339,14,67.7,0.113,1.2000000000000002,2.617,110,86.37,12,740,N/A
2017,6,26,17,30,53,121,71,36,460,105,14,81.46000000000001,0.113,0.9,2.626,110.30000000000001,93,12,740,N/A
2017,6,26,18,30,0,0,0,0,0,0,15,95.19,0.113,0.7000000000000001,2.6270000000000002,109.60000000000001,94.36,11,740,N/A
2017,6,26,19,30,0,0,0,0,0,0,14,108.73,0.113,0.6000000000000001,2.628,110.60000000000001,98.73,11,740,N/A
2017,6,26,20,30,0,0,0,0,0,0,14,121.84,0.113,0.6000000000000001,2.629,112,97.43,11,740,N/A
2017,6,26,21,30,0,0,0,0,0,0,14,134.11,0.113,0.5,2.6270000000000002,111.10000000000001,96.79,10,740,N/A
2017,6,26,22,30,0,0,0,0,0,0,14,144.58,0.113,0.5,2.62,113.80000000000001,100,10,740,N/A
2017,6,26,23,30,0,0,0,0,0,0,14,151.17000000000002,0.113,0.5,2.606,115,100,10,740,N/A
2017,6,27,0,30,0,0,0,0,0,0,13,151.09,0.113,0.5,2.589,110.7,99.03,10,740,N/A
2017,6,27,1,30,0,0,0,0,0,0,13,144.37,0.113,0.5,2.568,103.9,97.55,10,740,N/A
2017,6,27,2,30,0,0,0,0,0,0,13,133.85,0.113,0.5,2.5420000000000003,94.30000000000001,95.97,9,740,N/A
2017,6,27,3,30,0,0,0,0,0,0,13,121.56,0.113,0.4,2.509,83.60000000000001,94.31,9,740,N/A
2017,6,27,4,30,0,0,0,0,0,0,12,108.42,0.113,0.4,2.466,71.10000000000001,92.68,9,740,N/A
2017,6,27,5,30,0,0,0,0,0,0,12,94.88,0.113,0.4,2.4170000000000003,53.800000000000004,91.14,9,740,N/A
2017,6,27,6,30,42,0,42,34,515,113,13,81.15,0.113,0.6000000000000001,2.373,53.900000000000006,94.42,10,740,N/A
2017,6,27,7,30,156,59,179,55,768,351,13,67.39,0.113,1,2.341,55.800000000000004,85.54,11,740,N/A
2017,6,27,8,30,215,22,228,68,870,583,13,53.76,0.113,1.5,2.319,64.4,81.49,13,740,N/A
2017,6,27,9,30,253,19,267,76,923,778,13,40.57,0.113,1.8,2.305,76.80000000000001,76.41,14,740,N/A
2017,6,27,10,30,427,60,480,81,951,918,13,28.53,0.113,1.9000000000000001,2.301,86.5,72.54,15,740,N/A
2017,6,27,11,30,415,35,449,84,964,990,14,19.98,0.113,2,2.312,93.9,69.15,16,740,N/A
2017,6,27,12,30,149,12,160,84,963,989,14,20.080000000000002,0.113,2.1,2.335,99.9,70.06,16,740,N/A
2017,6,27,13,30,467,215,656,90,935,911,14,28.740000000000002,0.113,2,2.367,102.9,70.87,16,740,N/A
2017,6,27,14,30,85,904,769,85,904,769,14,40.81,0.113,1.9000000000000001,2.4010000000000002,102.5,76.06,15,740,N/A
2017,6,27,15,30,76,847,573,76,847,573,14,54.02,0.113,1.8,2.428,100.80000000000001,76.60000000000001,14,740,N/A
2017,6,27,16,30,63,729,340,63,729,340,15,67.65,0.113,1.5,2.446,100.60000000000001,82.98,13,740,N/A
2017,6,27,17,30,38,449,105,38,449,105,15,81.42,0.113,1,2.463,102.60000000000001,95.01,12,740,N/A
2017,6,27,18,30,0,0,0,0,0,0,15,95.15,0.113,0.7000000000000001,2.482,107,94.04,11,740,N/A
2017,6,27,19,30,0,0,0,0,0,0,14,108.69,0.113,0.6000000000000001,2.5,105.80000000000001,98.21000000000001,11,740,N/A
2017,6,27,20,30,0,0,0,0,0,0,14,121.82000000000001,0.113,0.5,2.507,101.30000000000001,96.61,11,740,N/A
2017,6,27,21,30,0,0,0,0,0,0,14,134.1,0.113,0.5,2.503,102.60000000000001,95.07000000000001,10,740,N/A
2017,6,27,22,30,0,0,0,0,0,0,13,144.58,0.113,0.4,2.494,111.5,99.18,10,740,N/A
2017,6,27,23,30,0,0,0,0,0,0,13,151.20000000000002,0.113,0.4,2.487,122.80000000000001,97.29,10,740,N/A
2017,6,28,0,30,0,0,0,0,0,0,13,151.14000000000001,0.113,0.4,2.481,125.60000000000001,95.51,10,740,N/A
2017,6,28,1,30,0,0,0,0,0,0,13,144.44,0.113,0.5,2.465,130.20000000000002,94.49,9,740,N/A
2017,6,28,2,30,0,0,0,0,0,0,13,133.91,0.113,0.8,2.439,128.3,94.62,9,740,N/A
2017,6,28,3,30,0,0,0,0,0,0,13,121.62,0.113,1.1,2.39,111.7,94.43,9,740,N/A
2017,6,28,4,30,0,0,0,0,0,0,13,108.48,0.113,1.2000000000000002,2.305,105.10000000000001,93.92,9,740,N/A
2017,6,28,5,30,0,0,0,0,0,0,12,94.93,0.113,1.2000000000000002,2.179,99.9,92.58,9,740,N/A
2017,6,28,6,30,38,472,110,38,472,110,13,81.2,0.113,1.3,2.019,93,95.31,10,740,N/A
2017,6,28,7,30,64,745,350,64,745,350,13,67.43,0.113,1.4000000000000001,1.867,84.30000000000001,84.14,12,740,N/A
2017,6,28,8,30,79,856,585,79,856,585,12,53.800000000000004,0.113,1.7000000000000002,1.7710000000000001,84,72.49,13,740,N/A
2017,6,28,9,30,307,30,331,90,911,782,12,40.59,0.113,2.1,1.738,97,65.63,14,740,N/A
2017,6,28,10,30,466,224,664,100,936,923,12,28.54,0.113,2.3000000000000003,1.729,107.5,62.09,15,740,N/A
2017,6,28,11,30,458,55,510,104,949,996,12,19.95,0.113,2.3000000000000003,1.718,111.80000000000001,63.49,16,740,N/A
2017,6,28,12,30,241,18,259,103,951,997,13,20.02,0.113,2.3000000000000003,1.706,111.5,60.910000000000004,17,740,N/A
2017,6,28,13,30,265,18,282,103,932,921,13,28.67,0.113,2.2,1.701,111,61.58,17,740,N/A
2017,6,28,14,30,154,11,163,96,900,778,13,40.75,0.113,2.1,1.706,111.4,61.74,16,740,N/A
2017,6,28,15,30,85,841,580,85,841,580,13,53.97,0.113,2,1.716,111.30000000000001,65.77,15,740,N/A
2017,6,28,16,30,70,722,345,70,722,345,13,67.6,0.113,1.6,1.722,108.9,71.35000000000001,14,740,N/A
2017,6,28,17,30,42,426,106,42,426,106,14,81.37,0.113,1.1,1.719,105.4,84.37,13,740,N/A
2017,6,28,18,30,0,0,0,0,0,0,13,95.11,0.113,0.8,1.717,99.5,93.14,11,740,N/A
2017,6,28,19,30,0,0,0,0,0,0,13,108.66,0.113,0.7000000000000001,1.725,89.7,91.24,10,740,N/A
2017,6,28,20,30,0,0,0,0,0,0,13,121.79,0.113,0.7000000000000001,1.738,81.80000000000001,95.58,10,740,N/A
2017,6,28,21,30,0,0,0,0,0,0,12,134.08,0.113,0.6000000000000001,1.747,75.10000000000001,93.33,9,740,N/A
2017,6,28,22,30,0,0,0,0,0,0,12,144.59,0.113,0.4,1.748,67.8,96.43,9,740,N/A
2017,6,28,23,30,0,0,0,0,0,0,11,151.24,0.113,0.30000000000000004,1.741,58.300000000000004,92.73,9,740,N/A
2017,6,29,0,30,0,0,0,0,0,0,11,151.21,0.113,0.30000000000000004,1.731,51.300000000000004,89.08,8,740,N/A
2017,6,29,1,30,0,0,0,0,0,0,10,144.51,0.113,0.30000000000000004,1.732,43.6,86.18,8,740,N/A
2017,6,29,2,30,0,0,0,0,0,0,10,133.98,0.113,0.4,1.764,29.200000000000003,83.93,8,740,N/A
2017,6,29,3,30,0,0,0,0,0,0,10,121.68,0.113,0.5,1.823,68.10000000000001,87.86,8,740,N/A
2017,6,29,4,30,0,0,0,0,0,0,10,108.54,0.113,0.5,1.881,85.7,87.97,7,740,N/A
2017,6,29,5,30,0,0,0,0,0,0,10,94.98,0.113,0.5,1.9180000000000001,90.80000000000001,88.44,8,740,N/A
2017,6,29,6,30,55,64,65,45,395,105,11,81.24,0.113,1,1.946,101,83.76,10,740,N/A
2017,6,29,7,30,75,695,342,75,695,342,11,67.47,0.113,1.8,1.982,105.5,75.56,12,740,N/A
2017,6,29,8,30,260,60,296,91,820,575,12,53.83,0.113,2.2,2.033,105.60000000000001,72.86,13,740,N/A
2017,6,29,9,30,99,885,771,99,885,771,12,40.62,0.113,2.2,2.099,106,70.67,14,740,N/A
2017,6,29,10,30,104,918,911,104,918,911,12,28.54,0.113,2.1,2.162,108.7,68.08,15,740,N/A
2017,6,29,11,30,405,32,436,106,933,984,13,19.92,0.113,2.1,2.216,113.5,65.22,15,740,N/A
2017,6,29,12,30,309,20,328,104,935,984,13,19.95,0.113,2.2,2.266,117,66.19,16,740,N/A
2017,6,29,13,30,459,104,551,108,909,906,13,28.6,0.113,2.1,2.317,118.80000000000001,66.72,15,740,N/A
2017,6,29,14,30,378,97,452,103,872,764,13,40.69,0.113,2,2.36,119.9,71.2,15,740,N/A
2017,6,29,15,30,270,80,317,91,809,568,13,53.910000000000004,0.113,1.8,2.391,120.2,76.62,14,740,N/A
2017,6,29,16,30,128,11,132,75,685,336,14,67.55,0.113,1.5,2.4050000000000002,118.80000000000001,82.77,13,740,N/A
2017,6,29,17,30,40,0,40,44,394,103,14,81.33,0.113,1.1,2.4050000000000002,115.30000000000001,90.24,11,740,N/A
2017,6,29,18,30,0,0,0,0,0,0,14,95.07000000000001,0.113,0.8,2.396,107.7,96.27,11,740,N/A
2017,6,29,19,30,0,0,0,0,0,0,14,108.63,0.113,0.8,2.382,102.4,93.93,10,740,N/A
2017,6,29,20,30,0,0,0,0,0,0,13,121.77,0.113,0.9,2.361,102.60000000000001,97.60000000000001,10,740,N/A
2017,6,29,21,30,0,0,0,0,0,0,13,134.08,0.113,1,2.336,103.10000000000001,94.59,10,740,N/A
2017,6,29,22,30,0,0,0,0,0,0,12,144.6,0.113,1.1,2.309,103.10000000000001,97.99000000000001,9,740,N/A
2017,6,29,23,30,0,0,0,0,0,0,12,151.28,0.113,1,2.2840000000000003,101.60000000000001,95.44,9,740,N/A
2017,6,30,0,30,0,0,0,0,0,0,11,151.27,0.113,0.9,2.261,98.4,93.28,8,740,N/A
2017,6,30,1,30,0,0,0,0,0,0,11,144.58,0.113,0.8,2.247,95.7,97.83,8,740,N/A
2017,6,30,2,30,0,0,0,0,0,0,11,134.05,0.113,0.8,2.243,94.10000000000001,95.79,8,740,N/A
2017,6,30,3,30,0,0,0,0,0,0,11,121.74000000000001,0.113,0.8,2.246,92.9,94.12,8,740,N/A
2017,6,30,4,30,0,0,0,0,0,0,10,108.60000000000001,0.113,0.7000000000000001,2.253,91.4,93.45,8,740,N/A
2017,6,30,5,30,0,0,0,0,0,0,10,95.04,0.113,0.9,2.2600000000000002,92.7,93.09,8,740,N/A
2017,6,30,6,30,32,533,113,32,533,113,11,81.29,0.113,1.4000000000000001,2.266,99.80000000000001,92.26,9,740,N/A
2017,6,30,7,30,51,787,352,51,787,352,12,67.51,0.113,1.9000000000000001,2.271,108.80000000000001,85.09,11,740,N/A
2017,6,30,8,30,71,0,71,61,889,585,12,53.86,0.113,2.4000000000000004,2.275,111.60000000000001,82,12,740,N/A
2017,6,30,9,30,256,19,271,67,941,781,13,40.64,0.113,2.8000000000000003,2.274,115.10000000000001,77.34,13,740,N/A
2017,6,30,10,30,446,79,516,76,961,920,13,28.54,0.113,3.1,2.267,119.5,72.67,14,740,N/A
2017,6,30,11,30,513,165,669,76,976,994,13,19.88,0.113,3.2,2.2640000000000002,121.9,68.72,15,740,N/A
2017,6,30,12,30,505,114,613,75,978,995,13,19.87,0.113,3.1,2.269,123.10000000000001,69.38,15,740,N/A
2017,6,30,13,30,94,933,914,94,933,914,13,28.53,0.113,2.9000000000000004,2.275,123.10000000000001,69.82000000000001,15,740,N/A
2017,6,30,14,30,87,905,774,87,905,774,13,40.63,0.113,2.6,2.278,122.10000000000001,70,14,740,N/A
2017,6,30,15,30,76,852,579,76,852,579,13,53.85,0.113,2.3000000000000003,2.278,120.30000000000001,74.73,13,740,N/A
2017,6,30,16,30,61,746,347,61,746,347,13,67.5,0.113,1.8,2.274,117.2,80.24,12,740,N/A
2017,6,30,17,30,36,484,110,36,484,110,13,81.28,0.113,1.1,2.2640000000000002,112.2,92.86,11,740,N/A
2017,6,30,18,30,0,0,0,0,0,0,13,95.04,0.113,0.8,2.255,99.4,96.26,10,740,N/A
2017,6,30,19,30,0,0,0,0,0,0,12,108.60000000000001,0.113,0.8,2.248,93.9,92.22,9,740,N/A
2017,6,30,20,30,0,0,0,0,0,0,12,121.75,0.113,0.8,2.241,92.60000000000001,94.41,9,740,N/A
2017,6,30,21,30,0,0,0,0,0,0,11,134.07,0.113,0.8,2.232,94.7,91.02,8,740,N/A
2017,6,30,22,30,0,0,0,0,0,0,11,144.62,0.113,0.8,2.222,96,94.05,8,740,N/A
2017,6,30,23,30,0,0,0,0,0,0,10,151.33,0.113,0.7000000000000001,2.214,96.5,91.19,7,740,N/A
2017,7,1,0,30,0,0,0,0,0,0,10,151.35,0.113,0.6000000000000001,2.208,97.60000000000001,95.15,7,740,N/A
2017,7,1,1,30,0,0,0,0,0,0,10,144.66,0.113,0.4,2.207,95.2,93.76,7,740,N/A
2017,7,1,2,30,0,0,0,0,0,0,9,134.12,0.113,0.4,2.205,88.30000000000001,93.29,7,740,N/A
2017,7,1,3,30,0,0,0,0,0,0,9,121.81,0.113,0.30000000000000004,2.195,84.7,93.12,7,740,N/A
2017,7,1,4,30,0,0,0,0,0,0,9,108.65,0.113,0.30000000000000004,2.183,85.80000000000001,92.2,7,740,N/A
2017,7,1,5,30,0,0,0,0,0,0,9,95.09,0.113,0.6000000000000001,2.1750000000000003,87.5,91.32000000000001,7,740,N/A
2017,7,1,6,30,54,72,65,33,524,112,10,81.34,0.113,1.2000000000000002,2.1750000000000003,101.80000000000001,86.92,9,740,N/A
2017,7,1,7,30,143,348,276,53,779,351,12,67.55,0.113,1.9000000000000001,2.183,107.5,82.77,11,740,N/A
2017,7,1,8,30,275,96,331,65,880,584,12,53.89,0.113,2.4000000000000004,2.199,108.9,75.75,12,740,N/A
2017,7,1,9,30,73,931,780,73,931,780,12,40.65,0.113,2.8000000000000003,2.215,112.7,72.02,13,740,N/A
2017,7,1,10,30,469,205,649,84,949,918,13,28.53,0.113,3,2.221,114.7,68.83,14,740,N/A
2017,7,1,11,30,475,330,785,88,960,992,13,19.830000000000002,0.113,3.1,2.22,116.30000000000001,70.08,15,740,N/A
2017,7,1,12,30,89,959,992,89,959,992,13,19.79,0.113,3,2.219,117.4,66.42,15,740,N/A
2017,7,1,13,30,98,927,914,98,927,914,13,28.45,0.113,2.9000000000000004,2.218,117.80000000000001,70.93,15,740,N/A
2017,7,1,14,30,353,348,618,92,896,773,13,40.56,0.113,2.7,2.213,117.80000000000001,71.15,14,740,N/A
2017,7,1,15,30,81,840,578,81,840,578,13,53.800000000000004,0.113,2.5,2.202,117.2,76.28,13,740,N/A
2017,7,1,16,30,66,730,345,66,730,345,13,67.45,0.113,2.1,2.186,115.60000000000001,81.44,12,740,N/A
2017,7,1,17,30,39,458,109,39,458,109,14,81.24,0.113,1.4000000000000001,2.162,112.80000000000001,95.13,11,740,N/A
2017,7,1,18,30,0,0,0,0,0,0,13,95,0.113,1.1,2.137,104.10000000000001,97.81,10,740,N/A
2017,7,1,19,30,0,0,0,0,0,0,12,108.57000000000001,0.113,1.2000000000000002,2.116,103.30000000000001,93.67,9,740,N/A
2017,7,1,20,30,0,0,0,0,0,0,12,121.74000000000001,0.113,1.2000000000000002,2.103,107.9,96.63,9,740,N/A
2017,7,1,21,30,0,0,0,0,0,0,11,134.07,0.113,1.2000000000000002,2.101,112.60000000000001,93.49,8,740,N/A
2017,7,1,22,30,0,0,0,0,0,0,11,144.65,0.113,1.2000000000000002,2.104,118.10000000000001,91.27,8,740,N/A
2017,7,1,23,30,0,0,0,0,0,0,11,151.39000000000001,0.113,1.2000000000000002,2.107,122.7,95.65,8,740,N/A
2017,7,2,0,30,0,0,0,0,0,0,11,151.43,0.113,1.3,2.115,124.9,94.37,8,740,N/A
2017,7,2,1,30,0,0,0,0,0,0,10,144.74,0.113,1.3,2.128,126.10000000000001,93.26,8,740,N/A
2017,7,2,2,30,0,0,0,0,0,0,10,134.2,0.113,1.4000000000000001,2.142,125.10000000000001,92.54,8,740,N/A
2017,7,2,3,30,0,0,0,0,0,0,10,121.87,0.113,1.4000000000000001,2.157,123.80000000000001,92.28,8,740,N/A
2017,7,2,4,30,0,0,0,0,0,0,10,108.71000000000001,0.113,1.4000000000000001,2.1710000000000003,122.10000000000001,91.77,8,740,N/A
2017,7,2,5,30,0,0,0,0,0,0,10,95.14,0.113,1.6,2.179,121.60000000000001,91.54,8,740,N/A
2017,7,2,6,30,47,0,47,31,543,112,11,81.38,0.113,2,2.182,121.5,92.02,9,740,N/A
2017,7,2,7,30,49,797,353,49,797,353,12,67.59,0.113,2.4000000000000004,2.189,123.10000000000001,84.81,10,740,N/A
2017,7,2,8,30,260,61,296,58,896,586,12,53.92,0.113,2.6,2.207,124.9,80.12,11,740,N/A
2017,7,2,9,30,64,946,782,64,946,782,12,40.67,0.113,2.8000000000000003,2.224,128.3,75,12,740,N/A
2017,7,2,10,30,470,167,617,73,966,922,12,28.52,0.113,3,2.226,131.1,70.49,13,740,N/A
2017,7,2,11,30,438,43,479,75,979,996,12,19.78,0.113,3.1,2.218,130.70000000000002,70.68,14,740,N/A
2017,7,2,12,30,73,981,997,73,981,997,12,19.71,0.113,3.1,2.214,129.70000000000002,66.81,14,740,N/A
2017,7,2,13,30,72,969,924,72,969,924,12,28.37,0.113,3,2.216,128.1,71.12,14,740,N/A
2017,7,2,14,30,197,14,207,67,942,784,12,40.49,0.113,2.7,2.222,125.7,70.81,14,740,N/A
2017,7,2,15,30,95,0,95,60,894,588,12,53.74,0.113,2.4000000000000004,2.229,122.80000000000001,75.2,13,740,N/A
2017,7,2,16,30,91,0,91,50,795,355,12,67.4,0.113,1.9000000000000001,2.233,119.9,80.89,12,740,N/A
2017,7,2,17,30,31,548,115,31,548,115,13,81.2,0.113,1.2000000000000002,2.234,115.5,88.39,10,740,N/A
2017,7,2,18,30,0,0,0,0,0,0,12,94.97,0.113,0.8,2.235,106.80000000000001,92.84,9,740,N/A
2017,7,2,19,30,0,0,0,0,0,0,12,108.55,0.113,0.8,2.24,101.60000000000001,90.03,9,740,N/A
2017,7,2,20,30,0,0,0,0,0,0,11,121.73,0.113,0.8,2.242,106.60000000000001,93.18,9,740,N/A
2017,7,2,21,30,0,0,0,0,0,0,11,134.08,0.113,0.8,2.234,109.4,90.88,9,740,N/A
2017,7,2,22,30,0,0,0,0,0,0,11,144.68,0.113,0.7000000000000001,2.212,110.2,88.84,8,740,N/A
2017,7,2,23,30,0,0,0,0,0,0,10,151.45000000000002,0.113,0.7000000000000001,2.178,114.30000000000001,93.15,8,740,N/A
2017,7,3,0,30,0,0,0,0,0,0,10,151.52,0.113,0.7000000000000001,2.138,118.9,91.56,8,740,N/A
2017,7,3,1,30,0,0,0,0,0,0,10,144.83,0.113,0.7000000000000001,2.101,119,90.31,7,740,N/A
2017,7,3,2,30,0,0,0,0,0,0,10,134.28,0.113,0.7000000000000001,2.067,122.5,95.07000000000001,7,740,N/A
2017,7,3,3,30,0,0,0,0,0,0,10,121.94,0.113,0.6000000000000001,2.041,121.5,93.66,7,740,N/A
2017,7,3,4,30,0,0,0,0,0,0,9,108.77,0.113,0.4,2.024,118.10000000000001,92.36,7,740,N/A
2017,7,3,5,30,0,0,0,0,0,0,9,95.19,0.113,0.6000000000000001,1.999,115.7,91.10000000000001,7,740,N/A
2017,7,3,6,30,53,138,73,31,544,112,10,81.42,0.113,1.2000000000000002,1.966,121,85.17,9,740,N/A
2017,7,3,7,30,162,117,207,50,799,354,11,67.62,0.113,1.9000000000000001,1.937,127.9,78.85000000000001,11,740,N/A
2017,7,3,8,30,279,123,352,60,899,589,11,53.95,0.113,2.3000000000000003,1.928,129.3,71.60000000000001,13,740,N/A
2017,7,3,9,30,345,365,622,66,950,787,12,40.68,0.113,2.6,1.953,127.80000000000001,68.14,14,740,N/A
2017,7,3,10,30,413,50,457,83,956,924,12,28.51,0.113,2.9000000000000004,2.009,125.7,66.24,15,740,N/A
2017,7,3,11,30,473,65,535,86,967,997,12,19.72,0.113,3,2.074,124.30000000000001,63.910000000000004,15,740,N/A
2017,7,3,12,30,515,176,681,85,968,997,13,19.62,0.113,3,2.133,123.30000000000001,64.67,15,740,N/A
2017,7,3,13,30,364,42,401,98,929,917,13,28.29,0.113,2.8000000000000003,2.184,122.5,69.15,15,740,N/A
2017,7,3,14,30,161,11,170,91,899,776,13,40.42,0.113,2.5,2.225,120.5,69.59,14,740,N/A
2017,7,3,15,30,254,50,284,79,846,580,13,53.68,0.113,2.2,2.2520000000000002,117.7,74.46000000000001,14,740,N/A
2017,7,3,16,30,63,740,348,63,740,348,13,67.36,0.113,1.8,2.262,114.7,80.74,13,740,N/A
2017,7,3,17,30,37,480,111,37,480,111,13,81.16,0.113,1.2000000000000002,2.261,110.60000000000001,87.51,11,740,N/A
2017,7,3,18,30,0,0,0,0,0,0,13,94.94,0.113,0.9,2.2560000000000002,102.10000000000001,91.38,10,740,N/A
2017,7,3,19,30,0,0,0,0,0,0,12,108.53,0.111,0.8,2.251,96.4,93.68,10,740,N/A
2017,7,3,20,30,0,0,0,0,0,0,12,121.72,0.111,0.6000000000000001,2.242,95,90.27,10,740,N/A
2017,7,3,21,30,0,0,0,0,0,0,11,134.09,0.111,0.5,2.229,103,92.94,9,740,N/A
2017,7,3,22,30,0,0,0,0,0,0,11,144.71,0.111,0.6000000000000001,2.216,110.60000000000001,89.95,9,740,N/A
2017,7,3,23,30,0,0,0,0,0,0,10,151.52,0.111,0.6000000000000001,2.203,114.9,87.42,8,740,N/A
2017,7,4,0,30,0,0,0,0,0,0,10,151.61,0.111,0.5,2.191,115.9,91.24,8,740,N/A
2017,7,4,1,30,0,0,0,0,0,0,10,144.92000000000002,0.111,0.4,2.182,115.10000000000001,89.32000000000001,8,740,N/A
2017,7,4,2,30,0,0,0,0,0,0,10,134.36,0.111,0.30000000000000004,2.173,107.60000000000001,87.60000000000001,7,740,N/A
2017,7,4,3,30,0,0,0,0,0,0,9,122.01,0.111,0.2,2.161,91.60000000000001,86.71000000000001,7,740,N/A
2017,7,4,4,30,0,0,0,0,0,0,9,108.83,0.111,0.2,2.144,74.5,91.48,7,740,N/A
2017,7,4,5,30,0,0,0,0,0,0,9,95.25,0.111,0.30000000000000004,2.122,57.7,84.60000000000001,7,740,N/A
2017,7,4,6,30,33,508,109,33,508,109,10,81.47,0.111,0.9,2.098,92.7,81.27,9,740,N/A
2017,7,4,7,30,54,775,349,54,775,349,12,67.66,0.111,1.7000000000000002,2.074,107.9,78.11,12,740,N/A
2017,7,4,8,30,280,187,391,65,883,584,12,53.97,0.111,2.4000000000000004,2.059,109.10000000000001,70.35000000000001,13,740,N/A
2017,7,4,9,30,201,14,212,71,937,782,12,40.68,0.111,2.8000000000000003,2.066,110.60000000000001,65.47,14,740,N/A
2017,7,4,10,30,468,213,656,78,962,924,12,28.490000000000002,0.111,2.9000000000000004,2.089,111.30000000000001,62.76,15,740,N/A
2017,7,4,11,30,225,18,242,80,975,998,13,19.66,0.111,2.8000000000000003,2.11,111.5,64.11,16,740,N/A
2017,7,4,12,30,79,975,999,79,975,999,13,19.52,0.111,2.7,2.122,111.4,61.08,16,740,N/A
2017,7,4,13,30,335,24,357,80,959,925,13,28.21,0.111,2.6,2.125,111.4,61.31,16,740,N/A
2017,7,4,14,30,201,14,212,75,932,785,13,40.35,0.111,2.3000000000000003,2.12,111.2,65.12,16,740,N/A
2017,7,4,15,30,67,881,589,67,881,589,13,53.620000000000005,0.111,2,2.101,111.2,69.09,15,740,N/A
2017,7,4,16,30,55,778,355,55,778,355,13,67.31,0.111,1.5,2.064,110.30000000000001,74.05,14,740,N/A
2017,7,4,17,30,34,524,115,34,524,115,13,81.12,0.111,0.9,2.017,111.10000000000001,81.37,12,740,N/A
2017,7,4,18,30,0,0,0,0,0,0,13,94.91,0.111,0.5,1.975,108.5,91.68,11,740,N/A
2017,7,4,19,30,0,0,0,0,0,0,12,108.51,0.111,0.30000000000000004,1.937,101.5,87.37,10,740,N/A
2017,7,4,20,30,0,0,0,0,0,0,12,121.71000000000001,0.111,0.30000000000000004,1.9000000000000001,93.5,90.36,10,740,N/A
2017,7,4,21,30,0,0,0,0,0,0,12,134.1,0.111,0.30000000000000004,1.871,76.5,94.10000000000001,9,740,N/A
2017,7,4,22,30,0,0,0,0,0,0,11,144.75,0.111,0.30000000000000004,1.85,70.10000000000001,91.14,9,740,N/A
2017,7,4,23,30,0,0,0,0,0,0,10,151.6,0.111,0.30000000000000004,1.82,79.9,87.3,8,740,N/A
2017,7,5,0,30,0,0,0,0,0,0,10,151.71,0.111,0.30000000000000004,1.7730000000000001,87.5,89.47,8,740,N/A
2017,7,5,1,30,0,0,0,0,0,0,9,145.02,0.111,0.4,1.717,91.10000000000001,85.71000000000001,7,740,N/A
2017,7,5,2,30,0,0,0,0,0,0,9,134.44,0.111,0.4,1.657,90.4,88.29,7,740,N/A
2017,7,5,3,30,0,0,0,0,0,0,8,122.08,0.111,0.4,1.612,89.2,85.66,7,740,N/A
2017,7,5,4,30,0,0,0,0,0,0,8,108.9,0.111,0.4,1.601,84.7,84,6,740,N/A
2017,7,5,5,30,0,0,0,0,0,0,8,95.3,0.111,0.5,1.635,75.7,83.41,7,740,N/A
2017,7,5,6,30,32,534,111,32,534,111,9,81.51,0.111,1,1.713,83.7,81.13,9,740,N/A
2017,7,5,7,30,52,791,353,52,791,353,10,67.69,0.111,1.6,1.822,106.9,70.12,11,740,N/A
2017,7,5,8,30,220,25,235,63,891,587,10,53.99,0.111,2.1,1.941,111.30000000000001,67.74,13,740,N/A
2017,7,5,9,30,341,48,377,70,941,784,11,40.69,0.111,2.5,2.048,115,66.94,14,740,N/A
2017,7,5,10,30,422,56,472,100,926,915,12,28.47,0.111,2.9000000000000004,2.124,117.80000000000001,65.56,15,740,N/A
2017,7,5,11,30,430,40,467,102,941,989,12,19.580000000000002,0.111,3.1,2.1750000000000003,119.2,63.57,16,740,N/A
2017,7,5,12,30,448,48,494,100,945,991,13,19.41,0.111,3.1,2.214,119.60000000000001,64.73,16,740,N/A
2017,7,5,13,30,407,45,447,115,901,910,13,28.12,0.111,2.9000000000000004,2.244,120.30000000000001,65.26,15,740,N/A
2017,7,5,14,30,391,209,551,108,866,769,13,40.28,0.111,2.7,2.2600000000000002,121,69.54,15,740,N/A
2017,7,5,15,30,281,222,413,96,805,574,13,53.57,0.111,2.4000000000000004,2.263,120.9,74.56,14,740,N/A
2017,7,5,16,30,77,687,342,77,687,342,13,67.26,0.111,1.9000000000000001,2.2560000000000002,119.9,79.96000000000001,13,740,N/A
2017,7,5,17,30,44,408,108,44,408,108,14,81.09,0.111,1.2000000000000002,2.241,116.5,89.13,12,740,N/A
2017,7,5,18,30,0,0,0,0,0,0,13,94.88,0.111,0.9,2.229,107.9,92.3,11,740,N/A
2017,7,5,19,30,0,0,0,0,0,0,13,108.5,0.111,0.9,2.223,101.10000000000001,89.67,11,740,N/A
2017,7,5,20,30,0,0,0,0,0,0,12,121.71000000000001,0.111,0.9,2.208,99.80000000000001,93.56,10,740,N/A
2017,7,5,21,30,0,0,0,0,0,0,12,134.12,0.111,1,2.187,104.80000000000001,92.09,10,740,N/A
2017,7,5,22,30,0,0,0,0,0,0,12,144.8,0.111,1.1,2.168,106.7,95.76,9,740,N/A
2017,7,5,23,30,0,0,0,0,0,0,11,151.68,0.111,1.2000000000000002,2.153,106.7,92.97,9,740,N/A
2017,7,6,0,30,0,0,0,0,0,0,11,151.82,0.111,1.4000000000000001,2.1430000000000002,108.80000000000001,90.15,8,740,N/A
2017,7,6,1,30,0,0,0,0,0,0,11,145.12,0.111,1.3,2.149,112,93.69,8,740,N/A
2017,7,6,2,30,0,0,0,0,0,0,10,134.53,0.111,1.2000000000000002,2.169,114.30000000000001,91.98,8,740,N/A
2017,7,6,3,30,0,0,0,0,0,0,10,122.16,0.111,1.1,2.194,116.5,91.09,8,740,N/A
2017,7,6,4,30,0,0,0,0,0,0,10,108.96000000000001,0.111,1,2.211,121,90.53,8,740,N/A
2017,7,6,5,30,0,0,0,0,0,0,10,95.35000000000001,0.111,1.1,2.211,125.60000000000001,90.58,8,740,N/A
2017,7,6,6,30,50,17,52,36,465,105,11,81.55,0.111,1.6,2.187,123.10000000000001,89.76,9,740,N/A
2017,7,6,7,30,59,753,344,59,753,344,11,67.72,0.111,2.3000000000000003,2.15,124.7,80.47,11,740,N/A
2017,7,6,8,30,260,62,297,69,869,580,12,54.01,0.111,2.9000000000000004,2.118,125.7,72.87,12,740,N/A
2017,7,6,9,30,376,279,587,76,928,779,12,40.69,0.111,3.3000000000000003,2.086,122.60000000000001,70.08,14,740,N/A
2017,7,6,10,30,471,182,631,79,961,924,12,28.44,0.111,3.6,2.039,119.30000000000001,67.12,15,740,N/A
2017,7,6,11,30,505,253,744,79,978,1001,12,19.51,0.111,3.8000000000000003,1.991,117.10000000000001,63.77,15,740,N/A
2017,7,6,12,30,501,272,758,78,981,1004,12,19.31,0.111,3.7,1.968,116.4,63.97,15,740,N/A
2017,7,6,13,30,473,155,610,83,958,929,12,28.02,0.111,3.4000000000000004,1.963,117,67.8,15,740,N/A
2017,7,6,14,30,77,933,789,77,933,789,12,40.21,0.111,3,1.951,116.60000000000001,67.29,15,740,N/A
2017,7,6,15,30,67,884,593,67,884,593,12,53.51,0.111,2.7,1.928,115.10000000000001,70.91,14,740,N/A
2017,7,6,16,30,55,783,359,55,783,359,12,67.21000000000001,0.111,2.2,1.9040000000000001,112.30000000000001,75.75,13,740,N/A
2017,7,6,17,30,34,530,117,34,530,117,13,81.05,0.111,1.4000000000000001,1.899,108.2,89.7,11,740,N/A
2017,7,6,18,30,0,0,0,0,0,0,12,94.86,0.111,1.1,1.92,102.9,90.34,10,740,N/A
2017,7,6,19,30,0,0,0,0,0,0,11,108.48,0.111,1.1,1.963,99.30000000000001,86.36,9,740,N/A
2017,7,6,20,30,0,0,0,0,0,0,11,121.72,0.111,1.1,2.013,99.60000000000001,88.81,9,740,N/A
2017,7,6,21,30,0,0,0,0,0,0,10,134.14000000000001,0.111,1,2.058,101.10000000000001,86.48,8,740,N/A
2017,7,6,22,30,0,0,0,0,0,0,10,144.85,0.111,0.8,2.085,100.10000000000001,91.08,8,740,N/A
2017,7,6,23,30,0,0,0,0,0,0,10,151.77,0.111,0.7000000000000001,2.095,97.10000000000001,89.78,7,740,N/A
2017,7,7,0,30,0,0,0,0,0,0,10,151.93,0.111,0.7000000000000001,2.088,97.5,89.03,7,740,N/A
2017,7,7,1,30,0,0,0,0,0,0,10,145.22,0.111,0.8,2.07,101.60000000000001,88.82000000000001,7,740,N/A
2017,7,7,2,30,0,0,0,0,0,0,10,134.61,0.111,0.9,2.05,104,88.96000000000001,7,740,N/A
2017,7,7,3,30,0,0,0,0,0,0,10,122.23,0.111,0.8,2.029,102.9,89.07000000000001,7,740,N/A
2017,7,7,4,30,0,0,0,0,0,0,10,109.02,0.111,0.7000000000000001,2.013,102.7,88.67,7,740,N/A
2017,7,7,5,30,0,0,0,0,0,0,10,95.4,0.111,0.8,2.001,103.80000000000001,87.9,7,740,N/A
2017,7,7,6,30,32,0,32,30,550,110,11,81.59,0.111,1.2000000000000002,1.992,114.9,83.71000000000001,9,740,N/A
2017,7,7,7,30,113,1,113,48,803,352,12,67.75,0.111,1.9000000000000001,1.997,120.60000000000001,79.07000000000001,12,740,N/A
2017,7,7,8,30,278,120,349,57,903,587,12,54.02,0.111,2.5,2.021,120.9,71.88,13,740,N/A
2017,7,7,9,30,303,36,331,63,952,785,12,40.68,0.111,3,2.048,120.30000000000001,67.18,14,740,N/A
2017,7,7,10,30,469,213,656,80,959,924,12,28.400000000000002,0.111,3.3000000000000003,2.068,119.10000000000001,63.690000000000005,15,740,N/A
2017,7,7,11,30,488,79,563,80,975,1000,13,19.42,0.111,3.4000000000000004,2.084,117.9,64.25,16,740,N/A
2017,7,7,12,30,515,203,707,77,980,1003,13,19.19,0.111,3.4000000000000004,2.103,116.30000000000001,60.96,16,740,N/A
2017,7,7,13,30,473,201,651,83,954,927,13,27.93,0.111,3.3000000000000003,2.123,114.10000000000001,61.22,16,740,N/A
2017,7,7,14,30,75,931,788,75,931,788,13,40.14,0.111,3,2.1350000000000002,111.9,64.76,16,740,N/A
2017,7,7,15,30,256,49,285,65,886,592,13,53.45,0.111,2.7,2.134,110.2,68.5,15,740,N/A
2017,7,7,16,30,52,792,359,52,792,359,13,67.17,0.111,2.1,2.125,108,73.41,14,740,N/A
2017,7,7,17,30,32,551,118,32,551,118,13,81.02,0.111,1.3,2.117,105,86.66,12,740,N/A
2017,7,7,18,30,0,0,0,0,0,0,13,94.83,0.111,0.9,2.117,98.2,89.68,11,740,N/A
2017,7,7,19,30,0,0,0,0,0,0,12,108.47,0.111,0.9,2.1270000000000002,93.60000000000001,92.39,10,740,N/A
2017,7,7,20,30,0,0,0,0,0,0,12,121.72,0.111,0.8,2.145,90,89.93,10,740,N/A
2017,7,7,21,30,0,0,0,0,0,0,12,134.17000000000002,0.111,0.7000000000000001,2.1670000000000003,90.10000000000001,88.26,9,740,N/A
2017,7,7,22,30,0,0,0,0,0,0,11,144.91,0.111,0.7000000000000001,2.185,93.80000000000001,92.58,9,740,N/A
2017,7,7,23,30,0,0,0,0,0,0,11,151.87,0.111,0.7000000000000001,2.197,95.9,91.38,8,740,N/A
2017,7,8,0,30,0,0,0,0,0,0,11,152.04,0.111,0.7000000000000001,2.201,99.80000000000001,90.03,8,740,N/A
2017,7,8,1,30,0,0,0,0,0,0,11,145.33,0.111,0.8,2.195,102.4,95.11,8,740,N/A
2017,7,8,2,30,0,0,0,0,0,0,11,134.7,0.111,0.7000000000000001,2.184,104.4,94.42,8,740,N/A
2017,7,8,3,30,0,0,0,0,0,0,11,122.3,0.111,0.6000000000000001,2.1710000000000003,105.5,93.61,8,740,N/A
2017,7,8,4,30,0,0,0,0,0,0,10,109.08,0.111,0.5,2.153,104.4,92.7,8,740,N/A
2017,7,8,5,30,0,0,0,0,0,0,10,95.45,0.111,0.6000000000000001,2.133,99,91.99,8,740,N/A
2017,7,8,6,30,45,286,87,30,540,109,11,81.63,0.111,1.2000000000000002,2.117,102.2,85.7,10,740,N/A
2017,7,8,7,30,51,0,51,49,796,350,12,67.77,0.111,1.8,2.113,110.60000000000001,79.14,12,740,N/A
2017,7,8,8,30,183,13,191,58,897,585,12,54.04,0.111,2.2,2.125,119.7,72.48,13,740,N/A
2017,7,8,9,30,386,124,481,64,947,783,13,40.68,0.111,2.5,2.161,124.80000000000001,69.67,14,740,N/A
2017,7,8,10,30,298,20,316,76,962,923,13,28.37,0.111,2.7,2.214,123.30000000000001,67.18,15,740,N/A
2017,7,8,11,30,514,201,704,78,974,997,14,19.330000000000002,0.111,2.9000000000000004,2.27,121.2,68.56,16,740,N/A
2017,7,8,12,30,384,27,411,76,976,999,14,19.07,0.111,3,2.32,120.10000000000001,69.23,16,740,N/A
2017,7,8,13,30,245,18,261,85,947,922,14,27.830000000000002,0.111,3,2.362,119.7,69.38,15,740,N/A
2017,7,8,14,30,193,14,204,79,917,782,14,40.06,0.111,2.9000000000000004,2.404,118.9,74.23,15,740,N/A
2017,7,8,15,30,214,21,226,70,865,586,14,53.39,0.111,2.5,2.437,119.4,80.72,14,740,N/A
2017,7,8,16,30,129,10,133,59,757,353,14,67.13,0.111,2,2.453,119.4,86.4,13,740,N/A
2017,7,8,17,30,43,0,43,35,508,115,14,80.98,0.111,1.4000000000000001,2.45,120,92.96000000000001,12,740,N/A
2017,7,8,18,30,0,0,0,0,0,0,14,94.81,0.111,1,2.4290000000000003,119.9,93.62,11,740,N/A
2017,7,8,19,30,0,0,0,0,0,0,14,108.47,0.111,0.9,2.399,121.7,97,11,740,N/A
2017,7,8,20,30,0,0,0,0,0,0,14,121.73,0.111,0.8,2.359,118.30000000000001,100,10,740,N/A
2017,7,8,21,30,0,0,0,0,0,0,13,134.2,0.111,0.6000000000000001,2.31,114.7,97.5,10,740,N/A
2017,7,8,22,30,0,0,0,0,0,0,12,144.98,0.111,0.4,2.2640000000000002,114.10000000000001,93.37,9,740,N/A
2017,7,8,23,30,0,0,0,0,0,0,12,151.97,0.111,0.4,2.225,105.5,95.75,9,740,N/A
2017,7,9,0,30,0,0,0,0,0,0,11,152.17000000000002,0.111,0.5,2.192,99.30000000000001,93.4,9,740,N/A
2017,7,9,1,30,0,0,0,0,0,0,11,145.44,0.111,0.7000000000000001,2.164,98.4,91.55,8,740,N/A
2017,7,9,2,30,0,0,0,0,0,0,11,134.8,0.111,0.9,2.144,100.60000000000001,95.93,8,740,N/A
2017,7,9,3,30,0,0,0,0,0,0,11,122.38,0.111,1,2.133,102.9,94.27,8,740,N/A
2017,7,9,4,30,0,0,0,0,0,0,10,109.14,0.111,0.9,2.1310000000000002,101.5,92.93,8,740,N/A
2017,7,9,5,30,0,0,0,0,0,0,10,95.5,0.111,1,2.136,103.10000000000001,91.53,8,740,N/A
2017,7,9,6,30,48,10,50,28,559,109,11,81.67,0.111,1.4000000000000001,2.158,108.7,85.3,9,740,N/A
2017,7,9,7,30,160,170,224,46,804,350,12,67.8,0.111,1.9000000000000001,2.191,108.10000000000001,78.81,11,740,N/A
2017,7,9,8,30,270,84,319,56,899,584,12,54.050000000000004,0.111,2.2,2.223,105.30000000000001,74.97,13,740,N/A
2017,7,9,9,30,375,285,591,62,948,782,12,40.67,0.111,2.5,2.244,104.60000000000001,70.9,14,740,N/A
2017,7,9,10,30,472,165,617,68,973,924,12,28.32,0.111,2.9000000000000004,2.254,106.10000000000001,67.61,15,740,N/A
2017,7,9,11,30,516,172,679,70,984,1000,13,19.240000000000002,0.111,3,2.259,108.7,64.57000000000001,16,740,N/A
2017,7,9,12,30,515,212,716,69,986,1002,13,18.95,0.111,3.1,2.255,110.9,65.18,16,740,N/A
2017,7,9,13,30,67,975,930,67,975,930,13,27.73,0.111,3,2.247,112.30000000000001,65.78,16,740,N/A
2017,7,9,14,30,63,949,791,63,949,791,13,39.99,0.111,2.9000000000000004,2.242,113,65.92,15,740,N/A
2017,7,9,15,30,57,900,595,57,900,595,13,53.34,0.111,2.5,2.248,112.80000000000001,70.46000000000001,14,740,N/A
2017,7,9,16,30,49,802,361,49,802,361,13,67.08,0.111,2,2.265,111.80000000000001,74.87,13,740,N/A
2017,7,9,17,30,31,562,119,31,562,119,14,80.95,0.111,1.2000000000000002,2.275,109.60000000000001,88.03,12,740,N/A
2017,7,9,18,30,0,0,0,0,0,0,13,94.8,0.111,0.8,2.282,103.10000000000001,92.51,11,740,N/A
2017,7,9,19,30,0,0,0,0,0,0,13,108.46000000000001,0.111,0.8,2.297,99.2,89.31,10,740,N/A
2017,7,9,20,30,0,0,0,0,0,0,12,121.74000000000001,0.111,0.7000000000000001,2.317,96.10000000000001,92.17,10,740,N/A
2017,7,9,21,30,0,0,0,0,0,0,12,134.24,0.111,0.6000000000000001,2.325,88.10000000000001,90.34,10,740,N/A
2017,7,9,22,30,0,0,0,0,0,0,12,145.04,0.111,0.6000000000000001,2.317,79.5,89.08,9,740,N/A
2017,7,9,23,30,0,0,0,0,0,0,11,152.08,0.111,0.6000000000000001,2.311,77.2,93.28,9,740,N/A
2017,7,10,0,30,0,0,0,0,0,0,11,152.3,0.111,0.7000000000000001,2.316,77,92.2,9,740,N/A
2017,7,10,1,30,0,0,0,0,0,0,11,145.56,0.111,0.7000000000000001,2.323,80.60000000000001,91.61,8,740,N/A
2017,7,10,2,30,0,0,0,0,0,0,11,134.89000000000001,0.111,0.7000000000000001,2.32,88,91.4,8,740,N/A
2017,7,10,3,30,0,0,0,0,0,0,11,122.46000000000001,0.111,0.8,2.3040000000000003,97.2,90.67,8,740,N/A
2017,7,10,4,30,0,0,0,0,0,0,11,109.2,0.111,0.8,2.3040000000000003,102.30000000000001,89.2,8,740,N/A
2017,7,10,5,30,0,0,0,0,0,0,11,95.55,0.111,0.8,2.324,102.80000000000001,88.32000000000001,8,740,N/A
2017,7,10,6,30,30,529,106,30,529,106,12,81.7,0.111,1.2000000000000002,2.334,110.9,87.84,10,740,N/A
2017,7,10,7,30,49,787,347,49,787,347,12,67.82000000000001,0.111,1.8,2.326,116.5,79.99,11,740,N/A
2017,7,10,8,30,271,89,324,60,888,581,13,54.050000000000004,0.111,2.3000000000000003,2.316,125.5,78.24,12,740,N/A
2017,7,10,9,30,318,35,345,66,941,780,13,40.65,0.111,2.6,2.32,130.4,75.66,13,740,N/A
2017,7,10,10,30,470,213,658,79,954,920,13,28.28,0.111,2.8000000000000003,2.351,130,71.92,14,740,N/A
2017,7,10,11,30,391,29,419,79,970,996,14,19.13,0.111,2.8000000000000003,2.4010000000000002,127.4,72.78,15,740,N/A
2017,7,10,12,30,503,99,597,76,973,998,14,18.82,0.111,2.7,2.444,125.30000000000001,73.04,15,740,N/A
2017,7,10,13,30,117,894,909,117,894,909,14,27.63,0.111,2.6,2.473,124.60000000000001,73.4,15,740,N/A
2017,7,10,14,30,377,299,607,106,866,771,14,39.910000000000004,0.111,2.4000000000000004,2.498,125,74.14,14,740,N/A
2017,7,10,15,30,277,87,330,91,812,577,14,53.28,0.111,2.1,2.5220000000000002,126.2,80.36,13,740,N/A
2017,7,10,16,30,72,702,346,72,702,346,14,67.04,0.111,1.7000000000000002,2.5420000000000003,129.70000000000002,86.51,13,740,N/A
2017,7,10,17,30,42,435,111,42,435,111,15,80.92,0.111,1.2000000000000002,2.545,132.70000000000002,94.71000000000001,12,740,N/A
2017,7,10,18,30,0,0,0,0,0,0,15,94.78,0.111,1.1,2.525,135.4,94.32000000000001,11,740,N/A
2017,7,10,19,30,0,0,0,0,0,0,14,108.46000000000001,0.111,1.2000000000000002,2.492,140.8,98.38,11,740,N/A
2017,7,10,20,30,0,0,0,0,0,0,14,121.76,0.111,1.3,2.457,143.4,95.33,10,740,N/A
2017,7,10,21,30,0,0,0,0,0,0,13,134.28,0.111,1.2000000000000002,2.423,137.8,98.44,10,740,N/A
2017,7,10,22,30,0,0,0,0,0,0,13,145.12,0.111,1.1,2.3850000000000002,129,94.47,9,740,N/A
2017,7,10,23,30,0,0,0,0,0,0,12,152.20000000000002,0.111,1,2.344,123.7,97.2,9,740,N/A
2017,7,11,0,30,0,0,0,0,0,0,12,152.43,0.111,1,2.32,122.7,95.57000000000001,9,740,N/A
2017,7,11,1,30,0,0,0,0,0,0,12,145.68,0.111,1,2.327,123.7,94.25,9,740,N/A
2017,7,11,2,30,0,0,0,0,0,0,11,134.99,0.111,0.8,2.349,124.30000000000001,93.17,9,740,N/A
2017,7,11,3,30,0,0,0,0,0,0,11,122.53,0.111,0.7000000000000001,2.366,125.7,92.85000000000001,9,740,N/A
2017,7,11,4,30,0,0,0,0,0,0,11,109.26,0.111,0.6000000000000001,2.371,128.6,92.57000000000001,9,740,N/A
2017,7,11,5,30,0,0,0,0,0,0,11,95.59,0.111,0.7000000000000001,2.366,132.3,91.99,9,740,N/A
2017,7,11,6,30,50,44,56,30,526,105,12,81.74,0.111,1.2000000000000002,2.355,134,90.45,10,740,N/A
2017,7,11,7,30,137,22,145,48,789,346,13,67.84,0.111,1.8,2.339,136.20000000000002,89.22,11,740,N/A
2017,7,11,8,30,280,143,364,58,892,582,13,54.06,0.111,2.2,2.324,136,80.09,12,740,N/A
2017,7,11,9,30,229,16,242,63,945,781,13,40.64,0.111,2.5,2.311,132.9,74.68,13,740,N/A
2017,7,11,10,30,456,93,538,66,974,924,13,28.23,0.111,2.9000000000000004,2.295,130,69.72,14,740,N/A
2017,7,11,11,30,504,103,602,67,987,1001,13,19.03,0.111,3.2,2.278,128.1,69.31,15,740,N/A
2017,7,11,12,30,485,333,801,66,989,1004,13,18.68,0.111,3.2,2.2720000000000002,126.80000000000001,64.72,15,740,N/A
2017,7,11,13,30,405,43,443,65,978,932,13,27.53,0.111,3,2.2800000000000002,126.30000000000001,68.47,15,740,N/A
2017,7,11,14,30,374,77,434,61,952,792,12,39.84,0.111,2.7,2.293,126.7,72.44,14,740,N/A
2017,7,11,15,30,212,20,224,56,903,597,13,53.230000000000004,0.111,2.4000000000000004,2.3040000000000003,127.2,73.18,13,740,N/A
2017,7,11,16,30,48,806,363,48,806,363,13,67,0.111,1.8,2.312,126.5,78.27,12,740,N/A
2017,7,11,17,30,30,568,120,30,568,120,13,80.9,0.111,1.2000000000000002,2.316,123.10000000000001,93.27,11,740,N/A
2017,7,11,18,30,0,0,0,0,0,0,13,94.77,0.111,0.8,2.32,122.10000000000001,91.62,10,740,N/A
2017,7,11,19,30,0,0,0,0,0,0,13,108.46000000000001,0.113,0.6000000000000001,2.328,116.5,95.52,10,740,N/A
2017,7,11,20,30,0,0,0,0,0,0,12,121.78,0.113,0.6000000000000001,2.336,115.4,93.33,10,740,N/A
2017,7,11,21,30,0,0,0,0,0,0,12,134.32,0.113,0.5,2.339,118.30000000000001,91.41,10,740,N/A
2017,7,11,22,30,0,0,0,0,0,0,12,145.20000000000002,0.113,0.5,2.332,124.2,89.94,9,740,N/A
2017,7,11,23,30,0,0,0,0,0,0,12,152.32,0.113,0.5,2.314,130,94.78,9,740,N/A
2017,7,12,0,30,0,0,0,0,0,0,11,152.57,0.113,0.5,2.289,134.3,93.09,9,740,N/A
2017,7,12,1,30,0,0,0,0,0,0,11,145.8,0.113,0.5,2.263,132.3,90.88,8,740,N/A
2017,7,12,2,30,0,0,0,0,0,0,11,135.08,0.113,0.5,2.239,128.4,89.72,8,740,N/A
2017,7,12,3,30,0,0,0,0,0,0,11,122.61,0.113,0.4,2.218,128,93.81,8,740,N/A
2017,7,12,4,30,0,0,0,0,0,0,10,109.32000000000001,0.113,0.30000000000000004,2.198,127.4,92.39,8,740,N/A
2017,7,12,5,30,0,0,0,0,0,0,10,95.64,0.113,0.4,2.174,118.7,91.54,8,740,N/A
2017,7,12,6,30,33,494,104,33,494,104,11,81.77,0.113,0.8,2.1430000000000002,103.7,86.68,10,740,N/A
2017,7,12,7,30,55,769,345,55,769,345,12,67.86,0.113,1.4000000000000001,2.117,129,81.08,12,740,N/A
2017,7,12,8,30,168,10,174,66,877,581,12,54.06,0.113,1.7000000000000002,2.108,139.9,72.4,14,740,N/A
2017,7,12,9,30,312,32,337,74,931,781,12,40.62,0.113,1.9000000000000001,2.124,140.70000000000002,67.81,15,740,N/A
2017,7,12,10,30,458,98,545,96,932,918,13,28.17,0.113,2.3000000000000003,2.172,140.20000000000002,65.02,16,740,N/A
2017,7,12,11,30,369,25,394,98,946,994,13,18.91,0.113,2.6,2.245,137,66.68,16,740,N/A
2017,7,12,12,30,380,27,406,98,945,995,13,18.54,0.113,2.9000000000000004,2.325,132.8,67.62,15,740,N/A
2017,7,12,13,30,351,26,375,117,896,913,13,27.42,0.113,2.9000000000000004,2.395,129.4,71.55,15,740,N/A
2017,7,12,14,30,279,22,297,107,866,773,13,39.76,0.113,2.8000000000000003,2.45,127.60000000000001,76.07000000000001,14,740,N/A
2017,7,12,15,30,58,0,58,92,810,578,13,53.17,0.113,2.5,2.487,125.5,81.75,13,740,N/A
2017,7,12,16,30,35,0,35,73,698,347,13,66.96000000000001,0.113,2.1,2.498,122.4,87.88,12,740,N/A
2017,7,12,17,30,11,0,11,41,442,112,14,80.87,0.113,1.6,2.483,120,90.03,11,740,N/A
2017,7,12,18,30,0,0,0,0,0,0,14,94.76,0.113,1.4000000000000001,2.45,121.2,96.39,11,740,N/A
2017,7,12,19,30,0,0,0,0,0,0,14,108.47,0.113,1.2000000000000002,2.4130000000000003,121.80000000000001,94.57000000000001,10,740,N/A
2017,7,12,20,30,0,0,0,0,0,0,13,121.8,0.113,1.1,2.3810000000000002,120.9,98.14,10,740,N/A
2017,7,12,21,30,0,0,0,0,0,0,13,134.37,0.113,0.9,2.349,119,96.08,9,740,N/A
2017,7,12,22,30,0,0,0,0,0,0,13,145.28,0.113,0.7000000000000001,2.317,119.7,100,9,740,N/A
2017,7,12,23,30,0,0,0,0,0,0,12,152.45000000000002,0.113,0.5,2.283,133.4,97.51,9,740,N/A
2017,7,13,0,30,0,0,0,0,0,0,12,152.72,0.113,0.4,2.246,139.3,94.9,8,740,N/A
2017,7,13,1,30,0,0,0,0,0,0,11,145.92000000000002,0.113,0.4,2.208,139.4,98.33,8,740,N/A
2017,7,13,2,30,0,0,0,0,0,0,11,135.18,0.113,0.4,2.176,136.8,95.51,8,740,N/A
2017,7,13,3,30,0,0,0,0,0,0,10,122.69,0.113,0.4,2.153,129,92.8,7,740,N/A
2017,7,13,4,30,0,0,0,0,0,0,10,109.38,0.113,0.4,2.1350000000000002,118.30000000000001,96.53,7,740,N/A
2017,7,13,5,30,0,0,0,0,0,0,10,95.68,0.113,0.6000000000000001,2.119,112.60000000000001,88.44,7,740,N/A
2017,7,13,6,30,31,514,105,31,514,105,10,81.8,0.113,1.3,2.103,122.2,87.60000000000001,9,740,N/A
2017,7,13,7,30,52,783,347,52,783,347,11,67.88,0.113,1.9000000000000001,2.092,130,80.10000000000001,11,740,N/A
2017,7,13,8,30,63,887,584,63,887,584,11,54.06,0.113,2.3000000000000003,2.091,133.5,71.79,13,740,N/A
2017,7,13,9,30,70,940,784,70,940,784,12,40.6,0.113,2.6,2.101,132.1,68.24,14,740,N/A
2017,7,13,10,30,349,27,373,73,970,928,12,28.11,0.113,2.7,2.123,130.8,65.89,15,740,N/A
2017,7,13,11,30,513,228,729,75,981,1004,12,18.79,0.113,2.8000000000000003,2.157,130.5,63.38,16,740,N/A
2017,7,13,12,30,75,981,1006,75,981,1006,12,18.400000000000002,0.113,2.8000000000000003,2.193,129.8,64.05,16,740,N/A
2017,7,13,13,30,82,956,932,82,956,932,13,27.32,0.113,2.7,2.221,128.70000000000002,64.25,16,740,N/A
2017,7,13,14,30,385,95,458,77,928,791,12,39.69,0.113,2.6,2.239,127.30000000000001,67.95,15,740,N/A
2017,7,13,15,30,280,258,435,68,878,595,12,53.120000000000005,0.113,2.3000000000000003,2.245,125.10000000000001,72.12,14,740,N/A
2017,7,13,16,30,106,0,106,56,776,360,13,66.92,0.113,1.7000000000000002,2.233,121.10000000000001,77.66,13,740,N/A
2017,7,13,17,30,34,0,34,35,523,118,13,80.85000000000001,0.113,1,2.206,117,85.95,12,740,N/A
2017,7,13,18,30,0,0,0,0,0,0,13,94.75,0.113,0.4,2.176,112.5,91.02,11,740,N/A
2017,7,13,19,30,0,0,0,0,0,0,12,108.47,0.113,0.2,2.1510000000000002,95.5,93.14,10,740,N/A
2017,7,13,20,30,0,0,0,0,0,0,12,121.83,0.113,0.2,2.13,56.300000000000004,90.52,10,740,N/A
2017,7,13,21,30,0,0,0,0,0,0,12,134.43,0.113,0.2,2.112,45.1,88.95,9,740,N/A
2017,7,13,22,30,0,0,0,0,0,0,11,145.38,0.113,0.30000000000000004,2.098,62.5,92.51,9,740,N/A
2017,7,13,23,30,0,0,0,0,0,0,11,152.58,0.113,0.4,2.083,95.4,90.38,8,740,N/A
2017,7,14,0,30,0,0,0,0,0,0,11,152.87,0.113,0.4,2.065,104,88.04,8,740,N/A
2017,7,14,1,30,0,0,0,0,0,0,10,146.05,0.113,0.30000000000000004,2.048,100.4,91.38,8,740,N/A
2017,7,14,2,30,0,0,0,0,0,0,10,135.28,0.113,0.30000000000000004,2.033,84.30000000000001,89.41,7,740,N/A
2017,7,14,3,30,0,0,0,0,0,0,9,122.76,0.113,0.30000000000000004,2.017,64.60000000000001,92.88,7,740,N/A
2017,7,14,4,30,0,0,0,0,0,0,9,109.44,0.113,0.30000000000000004,1.995,48.7,90.77,7,740,N/A
2017,7,14,5,30,0,0,0,0,0,0,9,95.73,0.113,0.4,1.965,34.7,88.4,7,740,N/A
2017,7,14,6,30,30,530,106,30,530,106,10,81.83,0.113,0.7000000000000001,1.936,54.6,82.73,9,740,N/A
2017,7,14,7,30,132,17,139,50,795,349,10,67.89,0.113,1.2000000000000002,1.9180000000000001,97.5,71.82000000000001,12,740,N/A
2017,7,14,8,30,222,26,238,61,897,587,11,54.06,0.113,1.6,1.919,111.4,64.81,14,740,N/A
2017,7,14,9,30,390,169,519,67,948,788,11,40.57,0.113,1.9000000000000001,1.943,113.80000000000001,63.6,15,740,N/A
2017,7,14,10,30,271,19,288,76,969,931,12,28.05,0.113,2.1,1.99,114.7,62.050000000000004,16,740,N/A
2017,7,14,11,30,517,201,708,77,982,1007,12,18.66,0.113,2.2,2.055,115.5,60.07,17,740,N/A
2017,7,14,12,30,508,106,609,77,981,1009,13,18.240000000000002,0.113,2.2,2.129,116.7,61.44,17,740,N/A
2017,7,14,13,30,387,35,418,86,951,932,13,27.21,0.113,2.1,2.204,118.5,62.160000000000004,16,740,N/A
2017,7,14,14,30,391,112,478,82,918,790,13,39.61,0.113,2,2.271,120.80000000000001,66.55,15,740,N/A
2017,7,14,15,30,261,52,292,74,861,592,13,53.06,0.113,1.8,2.333,122.9,71.32000000000001,14,740,N/A
2017,7,14,16,30,64,743,355,64,743,355,13,66.89,0.113,1.5,2.388,124.30000000000001,76.94,13,740,N/A
2017,7,14,17,30,40,472,115,40,472,115,14,80.83,0.113,1,2.431,123.9,84.04,12,740,N/A
2017,7,14,18,30,0,0,0,0,0,0,14,94.74,0.113,0.7000000000000001,2.459,121.60000000000001,90.8,12,740,N/A
2017,7,14,19,30,0,0,0,0,0,0,14,108.49000000000001,0.113,0.7000000000000001,2.474,120.9,90.77,11,740,N/A
2017,7,14,20,30,0,0,0,0,0,0,14,121.86,0.113,0.7000000000000001,2.479,120.4,96.10000000000001,11,740,N/A
2017,7,14,21,30,0,0,0,0,0,0,14,134.49,0.113,0.7000000000000001,2.474,118.4,94.26,10,740,N/A
2017,7,14,22,30,0,0,0,0,0,0,13,145.47,0.113,0.7000000000000001,2.459,116.7,99.84,10,740,N/A
2017,7,14,23,30,0,0,0,0,0,0,13,152.72,0.113,0.7000000000000001,2.438,114.5,98.29,10,740,N/A
2017,7,15,0,30,0,0,0,0,0,0,13,153.02,0.113,0.6000000000000001,2.411,117.5,96.64,9,740,N/A
2017,7,15,1,30,0,0,0,0,0,0,13,146.19,0.113,0.6000000000000001,2.3810000000000002,123.5,94.54,9,740,N/A
2017,7,15,2,30,0,0,0,0,0,0,12,135.39000000000001,0.113,0.5,2.349,137.3,98.77,9,740,N/A
2017,7,15,3,30,0,0,0,0,0,0,12,122.84,0.113,0.4,2.318,153.60000000000002,97.74000000000001,9,740,N/A
2017,7,15,4,30,0,0,0,0,0,0,12,109.5,0.113,0.30000000000000004,2.293,157.20000000000002,95.95,9,740,N/A
2017,7,15,5,30,0,0,0,0,0,0,11,95.77,0.113,0.2,2.277,155.8,93.44,9,740,N/A
2017,7,15,6,30,47,5,47,31,509,103,12,81.86,0.113,0.30000000000000004,2.271,140.70000000000002,90.53,10,740,N/A
2017,7,15,7,30,144,36,158,52,776,344,13,67.91,0.113,0.6000000000000001,2.277,90.2,82.55,12,740,N/A
2017,7,15,8,30,276,109,341,64,878,580,13,54.050000000000004,0.113,1,2.293,96.10000000000001,77.93,13,740,N/A
2017,7,15,9,30,72,932,780,72,932,780,13,40.54,0.113,1.3,2.317,109.7,73.60000000000001,14,740,N/A
2017,7,15,10,30,293,20,311,84,949,922,13,27.98,0.113,1.5,2.351,122.80000000000001,70.42,15,740,N/A
2017,7,15,11,30,282,19,301,87,959,998,13,18.53,0.113,1.5,2.3970000000000002,132.70000000000002,67.68,16,740,N/A
2017,7,15,12,30,136,9,145,89,957,999,14,18.09,0.113,1.5,2.45,141.4,68.81,16,740,N/A
2017,7,15,13,30,128,8,135,107,912,919,14,27.1,0.113,1.4000000000000001,2.499,150.4,73.69,15,740,N/A
2017,7,15,14,30,347,387,646,103,873,777,14,39.53,0.113,1.4000000000000001,2.5420000000000003,158.10000000000002,73.96000000000001,14,740,N/A
2017,7,15,15,30,278,281,447,91,813,581,14,53.01,0.113,1.3,2.575,164.10000000000002,79.31,14,740,N/A
2017,7,15,16,30,78,680,346,78,680,346,14,66.85,0.113,1.2000000000000002,2.598,165.70000000000002,85.61,13,740,N/A
2017,7,15,17,30,45,406,110,45,406,110,14,80.81,0.113,0.9,2.608,163.4,93.02,12,740,N/A
2017,7,15,18,30,0,0,0,0,0,0,14,94.74,0.113,0.6000000000000001,2.602,151.3,99.64,11,740,N/A
2017,7,15,19,30,0,0,0,0,0,0,14,108.5,0.113,0.5,2.583,146.6,98.7,11,740,N/A
2017,7,15,20,30,0,0,0,0,0,0,14,121.9,0.113,0.4,2.5540000000000003,150.1,96.87,11,740,N/A
2017,7,15,21,30,0,0,0,0,0,0,14,134.55,0.113,0.30000000000000004,2.528,166.5,95.62,10,740,N/A
2017,7,15,22,30,0,0,0,0,0,0,14,145.57,0.113,0.30000000000000004,2.5060000000000002,183.9,94.66,10,740,N/A
2017,7,15,23,30,0,0,0,0,0,0,13,152.87,0.113,0.30000000000000004,2.484,199.5,93.66,10,740,N/A
2017,7,16,0,30,0,0,0,0,0,0,13,153.19,0.113,0.4,2.461,215.60000000000002,98.94,10,740,N/A
2017,7,16,1,30,0,0,0,0,0,0,13,146.32,0.113,0.4,2.44,219.70000000000002,97.92,10,740,N/A
2017,7,16,2,30,0,0,0,0,0,0,13,135.49,0.113,0.30000000000000004,2.419,218.9,97.22,10,740,N/A
2017,7,16,3,30,0,0,0,0,0,0,13,122.92,0.113,0.2,2.3970000000000002,219,96.49000000000001,10,740,N/A
2017,7,16,4,30,0,0,0,0,0,0,13,109.56,0.113,0.1,2.375,230.10000000000002,95.51,9,740,N/A
2017,7,16,5,30,0,0,0,0,0,0,13,95.81,0.113,0.1,2.354,308.1,94.38,9,740,N/A
2017,7,16,6,30,33,483,101,33,483,101,13,81.89,0.113,0.2,2.334,318.5,90.8,10,740,N/A
2017,7,16,7,30,56,757,341,56,757,341,13,67.92,0.113,0.2,2.322,301.6,87.29,12,740,N/A
2017,7,16,8,30,69,865,578,69,865,578,13,54.050000000000004,0.113,0.2,2.32,267.1,82.13,13,740,N/A
2017,7,16,9,30,79,918,777,79,918,777,13,40.51,0.113,0.4,2.331,141.5,76.56,14,740,N/A
2017,7,16,10,30,87,943,921,87,943,921,13,27.900000000000002,0.113,0.7000000000000001,2.351,141.70000000000002,72.16,15,740,N/A
2017,7,16,11,30,321,21,341,93,953,997,13,18.39,0.113,0.8,2.38,145.5,68.31,15,740,N/A
2017,7,16,12,30,378,26,403,94,950,999,14,17.93,0.113,0.9,2.4130000000000003,148.1,69.02,15,740,N/A
2017,7,16,13,30,469,107,565,101,922,923,14,26.98,0.113,0.9,2.448,150.3,74.04,15,740,N/A
2017,7,16,14,30,349,385,646,97,886,782,14,39.46,0.113,0.8,2.483,151.20000000000002,74.54,14,740,N/A
2017,7,16,15,30,257,47,286,85,831,586,14,52.96,0.113,0.7000000000000001,2.52,150.9,79.96000000000001,14,740,N/A
2017,7,16,16,30,167,100,207,71,710,351,14,66.82000000000001,0.113,0.6000000000000001,2.557,146.20000000000002,86.75,13,740,N/A
2017,7,16,17,30,57,55,66,42,442,113,15,80.79,0.113,0.5,2.583,136.70000000000002,95.13,12,740,N/A
2017,7,16,18,30,0,0,0,0,0,0,15,94.74,0.113,0.4,2.591,127.10000000000001,100,11,740,N/A
2017,7,16,19,30,0,0,0,0,0,0,14,108.52,0.113,0.4,2.575,110.5,98.46000000000001,11,740,N/A
2017,7,16,20,30,0,0,0,0,0,0,14,121.93,0.113,0.4,2.533,98.7,96.37,10,740,N/A
2017,7,16,21,30,0,0,0,0,0,0,14,134.61,0.113,0.30000000000000004,2.473,93.2,94.58,10,740,N/A
2017,7,16,22,30,0,0,0,0,0,0,13,145.68,0.113,0.30000000000000004,2.4130000000000003,106.60000000000001,99.02,10,740,N/A
2017,7,16,23,30,0,0,0,0,0,0,13,153.02,0.113,0.30000000000000004,2.369,132.5,96.46000000000001,10,740,N/A
2017,7,17,0,30,0,0,0,0,0,0,13,153.35,0.113,0.4,2.344,142.70000000000002,94.38,10,740,N/A
2017,7,17,1,30,0,0,0,0,0,0,12,146.46,0.113,0.4,2.333,137.5,92.34,9,740,N/A
2017,7,17,2,30,0,0,0,0,0,0,12,135.59,0.113,0.5,2.335,126.5,96.33,9,740,N/A
2017,7,17,3,30,0,0,0,0,0,0,12,123,0.113,0.4,2.343,118.7,94.59,9,740,N/A
2017,7,17,4,30,0,0,0,0,0,0,11,109.62,0.113,0.30000000000000004,2.356,114.10000000000001,92.96000000000001,9,740,N/A
2017,7,17,5,30,0,0,0,0,0,0,11,95.86,0.113,0.30000000000000004,2.368,119.7,92.33,9,740,N/A
2017,7,17,6,30,36,446,99,36,446,99,12,81.91,0.113,0.6000000000000001,2.376,138.70000000000002,91.05,10,740,N/A
2017,7,17,7,30,134,19,141,61,737,338,13,67.93,0.113,1,2.3810000000000002,146.9,89.07000000000001,11,740,N/A
2017,7,17,8,30,278,211,403,74,853,575,13,54.04,0.113,1.4000000000000001,2.388,151,83.84,12,740,N/A
2017,7,17,9,30,221,15,233,81,914,776,13,40.47,0.113,1.9000000000000001,2.398,145.70000000000002,76.7,13,740,N/A
2017,7,17,10,30,468,119,574,107,912,913,13,27.830000000000002,0.113,2.2,2.408,137.4,71.86,14,740,N/A
2017,7,17,11,30,520,161,674,107,931,992,14,18.25,0.113,2.5,2.418,131.70000000000002,73.47,15,740,N/A
2017,7,17,12,30,522,193,706,105,935,995,14,17.76,0.113,2.6,2.439,128.1,70.14,15,740,N/A
2017,7,17,13,30,476,126,589,112,904,919,14,26.87,0.113,2.5,2.47,124.80000000000001,70.8,15,740,N/A
2017,7,17,14,30,293,25,312,107,868,778,14,39.38,0.113,2.4000000000000004,2.5020000000000002,123.10000000000001,75.72,15,740,N/A
2017,7,17,15,30,254,384,486,95,805,581,14,52.910000000000004,0.113,2.1,2.529,122.2,81.57000000000001,14,740,N/A
2017,7,17,16,30,168,109,211,79,680,347,15,66.79,0.113,1.7000000000000002,2.5460000000000003,121.4,88.51,13,740,N/A
2017,7,17,17,30,58,56,67,46,402,110,15,80.78,0.113,1.3,2.556,120,94.28,12,740,N/A
2017,7,17,18,30,0,0,0,0,0,0,15,94.74,0.113,1.1,2.553,117.80000000000001,94.27,11,740,N/A
2017,7,17,19,30,0,0,0,0,0,0,14,108.54,0.113,1.2000000000000002,2.535,114.80000000000001,99.56,11,740,N/A
2017,7,17,20,30,0,0,0,0,0,0,14,121.98,0.113,1.2000000000000002,2.5060000000000002,112.4,97.35000000000001,11,740,N/A
2017,7,17,21,30,0,0,0,0,0,0,14,134.69,0.113,1.3,2.477,111.10000000000001,94.95,11,740,N/A
2017,7,17,22,30,0,0,0,0,0,0,13,145.79,0.113,1.5,2.45,111.9,93.61,10,740,N/A
2017,7,17,23,30,0,0,0,0,0,0,13,153.18,0.113,1.5,2.424,112.7,92.71000000000001,10,740,N/A
2017,7,18,0,30,0,0,0,0,0,0,13,153.53,0.113,1.4000000000000001,2.3970000000000002,112.80000000000001,97.64,10,740,N/A
2017,7,18,1,30,0,0,0,0,0,0,13,146.6,0.113,1.4000000000000001,2.373,112.7,96.2,10,740,N/A
2017,7,18,2,30,0,0,0,0,0,0,13,135.7,0.113,1.3,2.35,109.9,94.67,9,740,N/A
2017,7,18,3,30,0,0,0,0,0,0,12,123.08,0.113,1.2000000000000002,2.326,108.4,99.06,9,740,N/A
2017,7,18,4,30,0,0,0,0,0,0,12,109.68,0.113,1.2000000000000002,2.302,106.5,96.9,9,740,N/A
2017,7,18,5,30,0,0,0,0,0,0,12,95.9,0.113,1.3,2.2760000000000002,104.60000000000001,94.66,9,740,N/A
2017,7,18,6,30,28,537,104,28,537,104,13,81.94,0.113,1.9000000000000001,2.2520000000000002,103,88.46000000000001,10,740,N/A
2017,7,18,7,30,46,799,347,46,799,347,13,67.93,0.113,2.5,2.232,103.30000000000001,85.79,12,740,N/A
2017,7,18,8,30,269,80,316,56,900,585,13,54.02,0.113,2.9000000000000004,2.223,105.4,79.23,13,740,N/A
2017,7,18,9,30,304,37,333,61,951,786,13,40.43,0.113,3.2,2.229,108.5,69.26,14,740,N/A
2017,7,18,10,30,64,979,931,64,979,931,13,27.75,0.113,3.3000000000000003,2.247,112.10000000000001,65.57000000000001,15,740,N/A
2017,7,18,11,30,474,61,532,66,990,1008,13,18.1,0.113,3.3000000000000003,2.2800000000000002,115.10000000000001,66.62,16,740,N/A
2017,7,18,12,30,522,202,714,68,989,1010,13,17.59,0.113,3,2.325,116.7,67.22,16,740,N/A
2017,7,18,13,30,131,8,139,77,961,936,13,26.76,0.113,2.7,2.369,116.5,67.5,15,740,N/A
2017,7,18,14,30,26,0,26,73,933,795,14,39.31,0.113,2.4000000000000004,2.408,114.10000000000001,72.77,15,740,N/A
2017,7,18,15,30,86,0,86,65,881,598,13,52.86,0.113,2.2,2.445,111.10000000000001,77.04,14,740,N/A
2017,7,18,16,30,52,0,52,55,779,362,13,66.76,0.113,1.8,2.477,109.2,82.29,13,740,N/A
2017,7,18,17,30,17,0,17,34,537,120,14,80.77,0.113,1.4000000000000001,2.499,108,89.59,12,740,N/A
2017,7,18,18,30,0,0,0,0,0,0,14,94.74,0.113,1.2000000000000002,2.5140000000000002,107,91.28,11,740,N/A
2017,7,18,19,30,0,0,0,0,0,0,14,108.56,0.113,1.1,2.532,107.30000000000001,97.32000000000001,11,740,N/A
2017,7,18,20,30,0,0,0,0,0,0,14,122.02,0.113,1.1,2.555,109.9,96.81,11,740,N/A
2017,7,18,21,30,0,0,0,0,0,0,14,134.76,0.113,1.2000000000000002,2.573,118.7,96.35000000000001,11,740,N/A
2017,7,18,22,30,0,0,0,0,0,0,14,145.91,0.113,1.5,2.568,129.1,95.74000000000001,10,740,N/A
2017,7,18,23,30,0,0,0,0,0,0,13,153.35,0.113,1.8,2.532,136.3,99.74000000000001,10,740,N/A
2017,7,19,0,30,0,0,0,0,0,0,13,153.70000000000002,0.113,1.8,2.465,140.8,96.32000000000001,9,740,N/A
2017,7,19,1,30,0,0,0,0,0,0,12,146.74,0.113,1.7000000000000002,2.386,140.4,99.54,9,740,N/A
2017,7,19,2,30,0,0,0,0,0,0,11,135.81,0.113,1.6,2.316,136.20000000000002,100,8,740,N/A
2017,7,19,3,30,0,0,0,0,0,0,11,123.16,0.113,1.4000000000000001,2.263,130.9,98.57000000000001,8,740,N/A
2017,7,19,4,30,0,0,0,0,0,0,11,109.73,0.113,1,2.226,125.80000000000001,95.31,7,740,N/A
2017,7,19,5,30,0,0,0,0,0,0,10,95.93,0.113,0.7000000000000001,2.203,123.5,92.97,7,740,N/A
2017,7,19,6,30,49,124,66,27,557,105,10,81.96000000000001,0.113,0.7000000000000001,2.194,122.2,93.22,8,740,N/A
2017,7,19,7,30,159,117,203,44,810,348,11,67.94,0.113,0.9,2.196,130.6,82.49,9,740,N/A
2017,7,19,8,30,219,25,234,54,905,586,11,54.01,0.113,1.4000000000000001,2.209,136.20000000000002,78.35000000000001,11,740,N/A
2017,7,19,9,30,383,104,462,62,951,787,11,40.39,0.113,2,2.226,133.70000000000002,74.44,12,740,N/A
2017,7,19,10,30,467,112,567,84,952,928,11,27.66,0.113,2.5,2.234,131.70000000000002,71.68,13,740,N/A
2017,7,19,11,30,520,147,661,87,965,1006,12,17.94,0.113,2.7,2.232,132.20000000000002,69.05,14,740,N/A
2017,7,19,12,30,520,217,728,86,967,1009,12,17.42,0.113,2.7,2.231,134.4,65.41,15,740,N/A
2017,7,19,13,30,377,31,406,86,951,937,12,26.64,0.113,2.6,2.236,136.6,65.64,15,740,N/A
2017,7,19,14,30,359,355,634,79,925,796,12,39.230000000000004,0.113,2.4000000000000004,2.247,137.20000000000002,70.32000000000001,14,740,N/A
2017,7,19,15,30,275,302,458,70,876,599,12,52.81,0.113,2.1,2.248,135.3,70.8,13,740,N/A
2017,7,19,16,30,169,168,235,57,776,364,13,66.73,0.113,1.7000000000000002,2.237,131.6,77.34,12,740,N/A
2017,7,19,17,30,58,122,78,35,530,120,13,80.76,0.113,1.1,2.217,125,90.78,11,740,N/A
2017,7,19,18,30,0,0,0,0,0,0,13,94.75,0.113,0.7000000000000001,2.194,107.80000000000001,94.25,10,740,N/A
2017,7,19,19,30,0,0,0,0,0,0,12,108.58,0.112,0.6000000000000001,2.168,100.7,90.44,10,740,N/A
2017,7,19,20,30,0,0,0,0,0,0,12,122.07000000000001,0.112,0.6000000000000001,2.137,108.80000000000001,87.99,9,740,N/A
2017,7,19,21,30,0,0,0,0,0,0,11,134.84,0.112,0.5,2.1,117.80000000000001,91.3,9,740,N/A
2017,7,19,22,30,0,0,0,0,0,0,11,146.03,0.112,0.4,2.062,119.10000000000001,94.29,8,740,N/A
2017,7,19,23,30,0,0,0,0,0,0,10,153.52,0.112,0.2,2.028,112.80000000000001,90.77,8,740,N/A
2017,7,20,0,30,0,0,0,0,0,0,9,153.89000000000001,0.112,0.1,2.001,94.2,93.33,7,740,N/A
2017,7,20,1,30,0,0,0,0,0,0,9,146.89000000000001,0.112,0.1,1.985,28.900000000000002,89.83,7,740,N/A
2017,7,20,2,30,0,0,0,0,0,0,8,135.91,0.112,0.1,1.978,12,86.88,7,740,N/A
2017,7,20,3,30,0,0,0,0,0,0,8,123.23,0.112,0.1,1.98,100.30000000000001,84.73,6,740,N/A
2017,7,20,4,30,0,0,0,0,0,0,8,109.79,0.112,0.1,1.99,89.30000000000001,89.18,6,740,N/A
2017,7,20,5,30,0,0,0,0,0,0,8,95.97,0.112,0.4,2.001,62,82.78,6,740,N/A
2017,7,20,6,30,35,0,35,28,553,105,9,81.98,0.112,0.9,2.013,86.60000000000001,81.2,8,740,N/A
2017,7,20,7,30,149,49,167,45,809,349,11,67.94,0.112,1.5,2.032,115.10000000000001,79.44,11,740,N/A
2017,7,20,8,30,279,120,349,55,907,588,12,53.99,0.112,1.7000000000000002,2.058,123.2,73.35000000000001,13,740,N/A
2017,7,20,9,30,385,245,572,61,956,790,12,40.34,0.112,1.8,2.088,127.60000000000001,64.44,14,740,N/A
2017,7,20,10,30,467,111,567,66,981,935,12,27.57,0.112,1.9000000000000001,2.122,129.20000000000002,62.550000000000004,15,740,N/A
2017,7,20,11,30,522,155,670,69,990,1012,13,17.78,0.112,2,2.16,130.3,64.57000000000001,16,740,N/A
2017,7,20,12,30,490,72,560,70,989,1015,13,17.240000000000002,0.112,2,2.199,131.4,65.7,16,740,N/A
2017,7,20,13,30,482,162,628,71,974,942,13,26.52,0.112,2,2.237,132.70000000000002,66.62,15,740,N/A
2017,7,20,14,30,68,945,801,68,945,801,13,39.160000000000004,0.112,1.9000000000000001,2.2720000000000002,134.4,71.41,15,740,N/A
2017,7,20,15,30,61,895,603,61,895,603,13,52.77,0.112,1.9000000000000001,2.303,135.6,76.27,14,740,N/A
2017,7,20,16,30,53,790,366,53,790,366,13,66.71000000000001,0.112,1.7000000000000002,2.327,135.70000000000002,82,13,740,N/A
2017,7,20,17,30,33,549,121,33,549,121,14,80.75,0.112,1.2000000000000002,2.344,132.70000000000002,90.12,12,740,N/A
2017,7,20,18,30,0,0,0,0,0,0,14,94.76,0.112,1,2.356,127,97.22,11,740,N/A
2017,7,20,19,30,0,0,0,0,0,0,14,108.61,0.112,1.1,2.358,126.30000000000001,96.24000000000001,11,740,N/A
2017,7,20,20,30,0,0,0,0,0,0,14,122.12,0.112,1,2.346,126.80000000000001,94.61,10,740,N/A
2017,7,20,21,30,0,0,0,0,0,0,13,134.92000000000002,0.112,1,2.325,126.30000000000001,98.44,10,740,N/A
2017,7,20,22,30,0,0,0,0,0,0,13,146.16,0.112,0.8,2.3040000000000003,125.2,95.76,9,740,N/A
2017,7,20,23,30,0,0,0,0,0,0,12,153.70000000000002,0.112,0.6000000000000001,2.283,123.10000000000001,99.56,9,740,N/A
2017,7,21,0,30,0,0,0,0,0,0,12,154.07,0.112,0.5,2.2600000000000002,123.7,97.58,9,740,N/A
2017,7,21,1,30,0,0,0,0,0,0,12,147.04,0.112,0.5,2.239,126.10000000000001,95.91,9,740,N/A
2017,7,21,2,30,0,0,0,0,0,0,12,136.02,0.112,0.4,2.227,133.5,94.15,8,740,N/A
2017,7,21,3,30,0,0,0,0,0,0,11,123.31,0.112,0.4,2.218,139.5,98.62,8,740,N/A
2017,7,21,4,30,0,0,0,0,0,0,11,109.84,0.112,0.30000000000000004,2.203,141.4,96.64,8,740,N/A
2017,7,21,5,30,0,0,0,0,0,0,11,96.01,0.112,0.5,2.179,125.5,94.37,8,740,N/A
2017,7,21,6,30,28,539,103,28,539,103,11,81.99,0.112,1,2.15,109.30000000000001,90.81,9,740,N/A
2017,7,21,7,30,46,803,348,46,803,348,11,67.94,0.112,1.7000000000000002,2.123,120.60000000000001,80.81,11,740,N/A
2017,7,21,8,30,275,242,418,55,905,588,11,53.97,0.112,2.2,2.104,130.6,72.13,13,740,N/A
2017,7,21,9,30,385,252,577,61,957,791,11,40.29,0.112,2.4000000000000004,2.095,130.20000000000002,67.48,14,740,N/A
2017,7,21,10,30,70,976,937,70,976,937,12,27.48,0.112,2.5,2.098,130.20000000000002,65.17,15,740,N/A
2017,7,21,11,30,71,990,1015,71,990,1015,12,17.62,0.112,2.6,2.111,130.4,62.53,16,740,N/A
2017,7,21,12,30,70,992,1018,70,992,1018,12,17.06,0.112,2.7,2.129,129.4,59.81,17,740,N/A
2017,7,21,13,30,79,965,944,79,965,944,12,26.41,0.112,2.7,2.149,127.80000000000001,64.02,16,740,N/A
2017,7,21,14,30,74,938,802,74,938,802,12,39.09,0.112,2.6,2.162,126.60000000000001,63.940000000000005,15,740,N/A
2017,7,21,15,30,66,887,604,66,887,604,12,52.72,0.112,2.4000000000000004,2.174,124.9,67.98,14,740,N/A
2017,7,21,16,30,56,783,366,56,783,366,13,66.68,0.112,2,2.187,121.80000000000001,73.61,13,740,N/A
2017,7,21,17,30,35,535,121,35,535,121,13,80.74,0.112,1.4000000000000001,2.191,118.7,86.9,12,740,N/A
2017,7,21,18,30,0,0,0,0,0,0,13,94.77,0.112,1,2.19,111.2,91.88,11,740,N/A
2017,7,21,19,30,0,0,0,0,0,0,13,108.65,0.112,1,2.197,108.80000000000001,95.58,10,740,N/A
2017,7,21,20,30,0,0,0,0,0,0,12,122.18,0.112,1.1,2.209,111.10000000000001,93.48,10,740,N/A
2017,7,21,21,30,0,0,0,0,0,0,12,135.01,0.112,1.1,2.214,111.2,90.98,9,740,N/A
2017,7,21,22,30,0,0,0,0,0,0,12,146.29,0.112,1.1,2.202,105.4,94.54,9,740,N/A
2017,7,21,23,30,0,0,0,0,0,0,11,153.88,0.112,1,2.1750000000000003,103.80000000000001,91.78,9,740,N/A
2017,7,22,0,30,0,0,0,0,0,0,11,154.27,0.112,1,2.141,107.5,89.91,8,740,N/A
2017,7,22,1,30,0,0,0,0,0,0,11,147.19,0.112,1,2.116,112.4,93.77,8,740,N/A
2017,7,22,2,30,0,0,0,0,0,0,10,136.13,0.112,1,2.101,118.10000000000001,92.04,8,740,N/A
2017,7,22,3,30,0,0,0,0,0,0,10,123.39,0.112,0.9,2.093,121.60000000000001,90.91,8,740,N/A
2017,7,22,4,30,0,0,0,0,0,0,10,109.9,0.112,0.8,2.093,125.60000000000001,90.21000000000001,7,740,N/A
2017,7,22,5,30,0,0,0,0,0,0,10,96.04,0.112,0.9,2.101,128.9,89.57000000000001,8,740,N/A
2017,7,22,6,30,48,156,70,28,543,104,11,82.01,0.112,1.4000000000000001,2.114,129.4,84.2,9,740,N/A
2017,7,22,7,30,154,69,180,46,803,348,11,67.94,0.112,1.8,2.128,133.70000000000002,81.13,11,740,N/A
2017,7,22,8,30,274,253,423,56,902,588,12,53.94,0.112,2.1,2.1390000000000002,135.4,74.11,12,740,N/A
2017,7,22,9,30,393,180,531,63,953,790,12,40.24,0.112,2.4000000000000004,2.1470000000000002,134.6,71.47,14,740,N/A
2017,7,22,10,30,475,140,600,73,971,936,12,27.38,0.112,2.7,2.1510000000000002,131.4,68.13,15,740,N/A
2017,7,22,11,30,497,81,575,74,986,1015,13,17.44,0.112,3,2.153,128.70000000000002,65.01,16,740,N/A
2017,7,22,12,30,518,118,631,73,988,1018,13,16.87,0.112,3.1,2.157,127.2,65.84,16,740,N/A
2017,7,22,13,30,199,16,214,74,972,946,13,26.29,0.112,3.1,2.165,125.2,66.29,16,740,N/A
2017,7,22,14,30,401,208,563,69,946,805,13,39.02,0.112,3,2.176,123,70.32000000000001,15,740,N/A
2017,7,22,15,30,282,85,333,62,898,606,13,52.68,0.112,2.6,2.184,121.4,74.67,14,740,N/A
2017,7,22,16,30,51,801,369,51,801,369,13,66.66,0.112,2.1,2.18,120.4,80.18,13,740,N/A
2017,7,22,17,30,32,563,123,32,563,123,14,80.74,0.112,1.3,2.166,119.80000000000001,88.22,11,740,N/A
2017,7,22,18,30,0,0,0,0,0,0,13,94.79,0.112,0.7000000000000001,2.152,114.5,91.9,10,740,N/A
2017,7,22,19,30,0,0,0,0,0,0,13,108.68,0.112,0.5,2.1430000000000002,110.2,94.17,10,740,N/A
2017,7,22,20,30,0,0,0,0,0,0,12,122.24000000000001,0.112,0.4,2.1310000000000002,101,90.31,10,740,N/A
2017,7,22,21,30,0,0,0,0,0,0,11,135.1,0.112,0.4,2.117,95.9,86.91,9,740,N/A
2017,7,22,22,30,0,0,0,0,0,0,11,146.43,0.112,0.4,2.101,94.4,90.45,9,740,N/A
2017,7,22,23,30,0,0,0,0,0,0,11,154.07,0.112,0.30000000000000004,2.082,96,94.07000000000001,8,740,N/A
2017,7,23,0,30,0,0,0,0,0,0,10,154.46,0.112,0.30000000000000004,2.055,98.9,91.43,8,740,N/A
2017,7,23,1,30,0,0,0,0,0,0,10,147.34,0.112,0.2,2.013,112.7,89.12,7,740,N/A
2017,7,23,2,30,0,0,0,0,0,0,9,136.24,0.112,0.2,1.959,115.5,87.11,7,740,N/A
2017,7,23,3,30,0,0,0,0,0,0,9,123.47,0.112,0.2,1.9080000000000001,114.2,85.28,7,740,N/A
2017,7,23,4,30,0,0,0,0,0,0,9,109.95,0.112,0.30000000000000004,1.877,120.2,89.5,7,740,N/A
2017,7,23,5,30,0,0,0,0,0,0,9,96.07000000000001,0.112,0.5,1.869,120.30000000000001,82.74,7,740,N/A
2017,7,23,6,30,19,0,19,28,548,104,10,82.02,0.112,1.1,1.8760000000000001,116.30000000000001,80.01,9,740,N/A
2017,7,23,7,30,47,809,351,47,809,351,11,67.93,0.112,1.8,1.8920000000000001,118.30000000000001,75.71000000000001,11,740,N/A
2017,7,23,8,30,200,17,210,56,909,592,11,53.92,0.112,2.1,1.915,115.5,67.24,13,740,N/A
2017,7,23,9,30,385,253,579,62,959,795,11,40.19,0.112,2.3000000000000003,1.951,115.5,63.31,15,740,N/A
2017,7,23,10,30,476,209,663,74,974,940,12,27.28,0.112,2.6,2.005,115.5,61.08,16,740,N/A
2017,7,23,11,30,474,173,640,77,985,1017,12,17.27,0.112,2.9000000000000004,2.069,116.60000000000001,58.92,16,740,N/A
2017,7,23,12,30,406,30,436,77,983,1020,12,16.68,0.112,3,2.133,117.60000000000001,59.88,16,740,N/A
2017,7,23,13,30,91,946,941,91,946,941,13,26.17,0.112,3,2.194,118.10000000000001,64.37,16,740,N/A
2017,7,23,14,30,364,57,409,87,913,798,13,38.95,0.112,2.8000000000000003,2.249,119.30000000000001,64.57000000000001,15,740,N/A
2017,7,23,15,30,248,404,494,78,857,598,13,52.64,0.112,2.5,2.295,120.4,69.13,14,740,N/A
2017,7,23,16,30,63,751,361,63,751,361,13,66.64,0.112,2,2.325,119.80000000000001,74.72,13,740,N/A
2017,7,23,17,30,39,491,118,39,491,118,14,80.74,0.112,1.2000000000000002,2.336,118,88.15,12,740,N/A
2017,7,23,18,30,0,0,0,0,0,0,13,94.81,0.112,0.8,2.33,111.2,87.44,11,740,N/A
2017,7,23,19,30,0,0,0,0,0,0,13,108.72,0.112,0.6000000000000001,2.302,106.2,91.08,11,740,N/A
2017,7,23,20,30,0,0,0,0,0,0,13,122.3,0.112,0.4,2.248,107.60000000000001,88.41,10,740,N/A
2017,7,23,21,30,0,0,0,0,0,0,12,135.2,0.112,0.4,2.174,103.5,91.42,10,740,N/A
2017,7,23,22,30,0,0,0,0,0,0,12,146.57,0.112,0.5,2.09,101.60000000000001,88.01,9,740,N/A
2017,7,23,23,30,0,0,0,0,0,0,11,154.27,0.112,0.6000000000000001,1.999,102.9,91.05,9,740,N/A
2017,7,24,0,30,0,0,0,0,0,0,11,154.66,0.112,0.7000000000000001,1.897,104.9,88.87,8,740,N/A
2017,7,24,1,30,0,0,0,0,0,0,11,147.5,0.112,0.8,1.798,106,93.86,8,740,N/A
2017,7,24,2,30,0,0,0,0,0,0,10,136.35,0.112,0.9,1.718,103.2,92.72,8,740,N/A
2017,7,24,3,30,0,0,0,0,0,0,10,123.54,0.112,0.9,1.67,100.9,91.68,7,740,N/A
2017,7,24,4,30,0,0,0,0,0,0,10,110,0.112,0.9,1.666,98,90.48,7,740,N/A
2017,7,24,5,30,0,0,0,0,0,0,10,96.10000000000001,0.112,1.1,1.698,95.4,89.24,7,740,N/A
2017,7,24,6,30,37,0,37,31,508,102,11,82.04,0.112,1.7000000000000002,1.7530000000000001,99.9,82.36,9,740,N/A
2017,7,24,7,30,53,786,348,53,786,348,11,67.93,0.112,2.4000000000000004,1.814,100.5,74.21000000000001,12,740,N/A
2017,7,24,8,30,281,203,400,63,893,590,12,53.89,0.112,2.9000000000000004,1.875,103.2,68.14,14,740,N/A
2017,7,24,9,30,394,171,525,70,947,794,12,40.13,0.112,3.2,1.929,104.4,65.8,15,740,N/A
2017,7,24,10,30,478,146,608,77,970,940,12,27.17,0.112,3.3000000000000003,1.974,104.9,63.18,16,740,N/A
2017,7,24,11,30,303,20,323,77,984,1019,13,17.080000000000002,0.112,3.4000000000000004,2.02,104.80000000000001,60.69,17,740,N/A
2017,7,24,12,30,275,19,294,76,986,1022,13,16.490000000000002,0.112,3.3000000000000003,2.073,104.7,61.63,17,740,N/A
2017,7,24,13,30,467,91,549,83,960,946,13,26.060000000000002,0.112,3.2,2.124,104.9,62.190000000000005,17,740,N/A
2017,7,24,14,30,271,20,287,76,935,804,13,38.88,0.112,3.1,2.165,105.2,66.1,16,740,N/A
2017,7,24,15,30,193,14,202,67,886,605,13,52.6,0.112,2.9000000000000004,2.197,105.9,66.54,15,740,N/A
2017,7,24,16,30,54,789,367,54,789,367,13,66.63,0.112,2.4000000000000004,2.229,105.30000000000001,71.26,14,740,N/A
2017,7,24,17,30,34,544,121,34,544,121,14,80.74,0.112,1.6,2.265,104.5,83.63,13,740,N/A
2017,7,24,18,30,0,0,0,0,0,0,14,94.83,0.112,1.1,2.3040000000000003,102.9,89.12,12,740,N/A
2017,7,24,19,30,0,0,0,0,0,0,13,108.76,0.112,1,2.339,101.9,93.39,11,740,N/A
2017,7,24,20,30,0,0,0,0,0,0,13,122.37,0.112,0.9,2.359,102.7,92.4,11,740,N/A
2017,7,24,21,30,0,0,0,0,0,0,13,135.3,0.112,0.7000000000000001,2.355,106.10000000000001,91.11,10,740,N/A
2017,7,24,22,30,0,0,0,0,0,0,13,146.72,0.112,0.6000000000000001,2.324,114.80000000000001,94.69,10,740,N/A
2017,7,24,23,30,0,0,0,0,0,0,12,154.47,0.112,0.6000000000000001,2.301,129.8,91.47,10,740,N/A
2017,7,25,0,30,0,0,0,0,0,0,12,154.87,0.112,0.7000000000000001,2.307,124,89.21000000000001,9,740,N/A
2017,7,25,1,30,0,0,0,0,0,0,12,147.65,0.112,0.9,2.308,111.80000000000001,87.95,9,740,N/A
2017,7,25,2,30,0,0,0,0,0,0,11,136.46,0.112,1,2.2880000000000003,108.60000000000001,87.61,9,740,N/A
2017,7,25,3,30,0,0,0,0,0,0,11,123.62,0.112,1,2.2520000000000002,113.7,93.62,9,740,N/A
2017,7,25,4,30,0,0,0,0,0,0,11,110.05,0.112,1.1,2.201,119.60000000000001,93.3,9,740,N/A
2017,7,25,5,30,0,0,0,0,0,0,11,96.13,0.112,1.4000000000000001,2.138,126.10000000000001,92.58,9,740,N/A
2017,7,25,6,30,27,552,103,27,552,103,12,82.05,0.112,2.1,2.1,131.1,85.73,10,740,N/A
2017,7,25,7,30,46,806,349,46,806,349,12,67.92,0.112,2.6,2.112,129.20000000000002,81.75,12,740,N/A
2017,7,25,8,30,281,199,399,57,901,588,12,53.86,0.112,2.9000000000000004,2.152,124,77.05,13,740,N/A
2017,7,25,9,30,382,95,456,64,950,791,12,40.07,0.112,3.1,2.2,122.30000000000001,72.29,14,740,N/A
2017,7,25,10,30,461,91,543,76,965,936,12,27.07,0.112,3.4000000000000004,2.242,122.80000000000001,67.98,14,740,N/A
2017,7,25,11,30,525,156,676,77,980,1015,13,16.9,0.112,3.5,2.271,123.9,68.45,15,740,N/A
2017,7,25,12,30,74,984,1019,74,984,1019,13,16.29,0.112,3.6,2.286,124,64.82000000000001,15,740,N/A
2017,7,25,13,30,386,33,416,79,962,945,13,25.94,0.112,3.6,2.285,121.60000000000001,64.61,15,740,N/A
2017,7,25,14,30,71,941,805,71,941,805,13,38.81,0.112,3.4000000000000004,2.266,117.9,68.60000000000001,15,740,N/A
2017,7,25,15,30,210,18,221,61,898,607,13,52.56,0.112,2.9000000000000004,2.242,114.5,68.94,14,740,N/A
2017,7,25,16,30,67,0,67,50,807,370,12,66.61,0.112,2.3000000000000003,2.227,110.60000000000001,72.51,13,740,N/A
2017,7,25,17,30,22,0,22,31,571,123,13,80.75,0.112,1.6,2.215,104.7,84.9,12,740,N/A
2017,7,25,18,30,0,0,0,0,0,0,12,94.85000000000001,0.112,1.1,2.192,94.7,86.89,11,740,N/A
2017,7,25,19,30,0,0,0,0,0,0,12,108.81,0.112,0.9,2.1510000000000002,87.2,90.17,10,740,N/A
2017,7,25,20,30,0,0,0,0,0,0,12,122.44,0.112,0.9,2.094,82.5,88.53,10,740,N/A
2017,7,25,21,30,0,0,0,0,0,0,11,135.41,0.112,0.8,2.031,84.4,87.01,9,740,N/A
2017,7,25,22,30,0,0,0,0,0,0,11,146.87,0.112,0.7000000000000001,1.975,88.5,92,9,740,N/A
2017,7,25,23,30,0,0,0,0,0,0,11,154.67000000000002,0.112,0.7000000000000001,1.926,94.30000000000001,89.82000000000001,9,740,N/A
2017,7,26,0,30,0,0,0,0,0,0,11,155.08,0.112,0.7000000000000001,1.8820000000000001,101.7,88.04,9,740,N/A
2017,7,26,1,30,0,0,0,0,0,0,10,147.81,0.112,0.8,1.841,108.5,92.48,8,740,N/A
2017,7,26,2,30,0,0,0,0,0,0,10,136.57,0.112,0.9,1.816,114.7,91,8,740,N/A
2017,7,26,3,30,0,0,0,0,0,0,10,123.69,0.112,1,1.818,117.4,89.58,8,740,N/A
2017,7,26,4,30,0,0,0,0,0,0,10,110.10000000000001,0.112,1,1.843,119.4,88.48,8,740,N/A
2017,7,26,5,30,0,0,0,0,0,0,10,96.16,0.112,1.2000000000000002,1.8820000000000001,121.7,87.77,8,740,N/A
2017,7,26,6,30,45,0,45,29,532,103,11,82.05,0.112,1.8,1.928,124.60000000000001,83.57000000000001,10,740,N/A
2017,7,26,7,30,102,0,102,49,798,349,12,67.91,0.112,2.4000000000000004,1.972,127.2,79.89,11,740,N/A
2017,7,26,8,30,132,5,135,59,901,591,12,53.82,0.112,2.8000000000000003,2.013,130.5,76.49,13,740,N/A
2017,7,26,9,30,360,60,406,66,952,795,12,40,0.112,3,2.056,132.6,71.17,14,740,N/A
2017,7,26,10,30,323,22,343,86,955,937,12,26.95,0.112,3.1,2.101,131.70000000000002,66.54,15,740,N/A
2017,7,26,11,30,398,29,427,85,972,1017,12,16.7,0.112,3.1,2.149,129.8,62.690000000000005,15,740,N/A
2017,7,26,12,30,295,20,315,83,975,1020,12,16.09,0.112,3.1,2.197,128.20000000000002,63.28,15,740,N/A
2017,7,26,13,30,447,347,760,88,951,944,12,25.82,0.112,2.9000000000000004,2.243,127.5,63.58,15,740,N/A
2017,7,26,14,30,396,258,597,80,925,802,12,38.74,0.112,2.5,2.2840000000000003,128.20000000000002,67.71000000000001,15,740,N/A
2017,7,26,15,30,71,875,603,71,875,603,13,52.53,0.112,2.2,2.2960000000000003,129.20000000000002,72.71000000000001,14,740,N/A
2017,7,26,16,30,106,0,106,58,775,366,13,66.6,0.112,1.6,2.2720000000000002,127.2,78.75,13,740,N/A
2017,7,26,17,30,35,528,120,35,528,120,13,80.76,0.112,1,2.238,121.4,87.41,12,740,N/A
2017,7,26,18,30,0,0,0,0,0,0,13,94.88,0.112,0.6000000000000001,2.213,113.30000000000001,90.61,10,740,N/A
2017,7,26,19,30,0,0,0,0,0,0,12,108.86,0.112,0.4,2.197,107.80000000000001,92.2,10,740,N/A
2017,7,26,20,30,0,0,0,0,0,0,12,122.51,0.112,0.30000000000000004,2.18,101.7,87.99,9,740,N/A
2017,7,26,21,30,0,0,0,0,0,0,11,135.51,0.112,0.2,2.166,100.4,89.68,9,740,N/A
2017,7,26,22,30,0,0,0,0,0,0,10,147.03,0.112,0.2,2.157,102.5,86.83,8,740,N/A
2017,7,26,23,30,0,0,0,0,0,0,10,154.89000000000001,0.112,0.2,2.152,103.5,84.41,8,740,N/A
2017,7,27,0,30,0,0,0,0,0,0,10,155.3,0.112,0.30000000000000004,2.144,104.80000000000001,88.35000000000001,8,740,N/A
2017,7,27,1,30,0,0,0,0,0,0,10,147.97,0.112,0.2,2.13,100.7,87.88,8,740,N/A
2017,7,27,2,30,0,0,0,0,0,0,10,136.68,0.112,0.2,2.111,122.10000000000001,87.88,8,740,N/A
2017,7,27,3,30,0,0,0,0,0,0,10,123.77,0.112,0.2,2.099,160.9,87.74,8,740,N/A
2017,7,27,4,30,0,0,0,0,0,0,9,110.15,0.112,0.2,2.102,181.4,87.34,8,740,N/A
2017,7,27,5,30,0,0,0,0,0,0,9,96.18,0.112,0.4,2.112,160.10000000000002,81.43,8,740,N/A
2017,7,27,6,30,31,500,100,31,500,100,11,82.06,0.112,1,2.121,132.20000000000002,83.08,10,740,N/A
2017,7,27,7,30,53,777,346,53,777,346,12,67.89,0.112,1.6,2.126,128.70000000000002,79.75,11,740,N/A
2017,7,27,8,30,178,12,185,64,886,588,13,53.79,0.112,2.1,2.133,129.6,77.82000000000001,13,740,N/A
2017,7,27,9,30,392,124,487,70,942,793,13,39.94,0.112,2.5,2.149,130.9,69.79,14,740,N/A
2017,7,27,10,30,72,973,941,72,973,941,13,26.84,0.112,2.9000000000000004,2.1750000000000003,126.9,64.99,15,740,N/A
2017,7,27,11,30,520,119,635,74,986,1019,13,16.5,0.112,3.2,2.213,124.30000000000001,61.75,16,740,N/A
2017,7,27,12,30,529,193,716,73,986,1022,13,15.89,0.112,3.4000000000000004,2.259,122.7,62.29,16,740,N/A
2017,7,27,13,30,466,85,543,72,973,949,13,25.71,0.112,3.4000000000000004,2.303,122.4,66.47,16,740,N/A
2017,7,27,14,30,387,84,453,67,947,807,13,38.68,0.112,3.2,2.327,122.60000000000001,70.81,15,740,N/A
2017,7,27,15,30,60,900,608,60,900,608,13,52.49,0.112,2.8000000000000003,2.326,122.2,71.60000000000001,14,740,N/A
2017,7,27,16,30,49,806,370,49,806,370,13,66.59,0.112,2.2,2.309,121.5,75.89,13,740,N/A
2017,7,27,17,30,30,577,123,30,577,123,14,80.77,0.112,1.4000000000000001,2.2920000000000003,118.9,89.37,12,740,N/A
2017,7,27,18,30,0,0,0,0,0,0,13,94.91,0.112,1,2.291,109.7,91.94,11,740,N/A
2017,7,27,19,30,0,0,0,0,0,0,13,108.91,0.11,0.9,2.3000000000000003,106.80000000000001,87.95,10,740,N/A
2017,7,27,20,30,0,0,0,0,0,0,12,122.59,0.11,0.9,2.299,105.80000000000001,91.27,10,740,N/A
2017,7,27,21,30,0,0,0,0,0,0,12,135.63,0.11,0.8,2.285,106,89.53,10,740,N/A
2017,7,27,22,30,0,0,0,0,0,0,11,147.19,0.11,0.7000000000000001,2.2600000000000002,107.7,87.4,9,740,N/A
2017,7,27,23,30,0,0,0,0,0,0,11,155.1,0.11,0.6000000000000001,2.227,111.4,91.69,9,740,N/A
2017,7,28,0,30,0,0,0,0,0,0,11,155.52,0.11,0.6000000000000001,2.191,114.80000000000001,90.55,8,740,N/A
2017,7,28,1,30,0,0,0,0,0,0,11,148.13,0.11,0.7000000000000001,2.162,107.7,88.84,8,740,N/A
2017,7,28,2,30,0,0,0,0,0,0,10,136.78,0.11,0.6000000000000001,2.149,103.5,92.52,8,740,N/A
2017,7,28,3,30,0,0,0,0,0,0,10,123.84,0.11,0.5,2.142,103.9,90.28,8,740,N/A
2017,7,28,4,30,0,0,0,0,0,0,10,110.19,0.11,0.4,2.124,102.9,88.59,7,740,N/A
2017,7,28,5,30,0,0,0,0,0,0,9,96.21000000000001,0.11,0.6000000000000001,2.091,101.4,87.15,8,740,N/A
2017,7,28,6,30,28,546,103,28,546,103,11,82.06,0.11,1.1,2.05,111.5,82.89,10,740,N/A
2017,7,28,7,30,46,809,351,46,809,351,12,67.88,0.11,1.8,2.02,117.4,77.61,12,740,N/A
2017,7,28,8,30,105,0,105,56,909,593,12,53.75,0.11,2.3000000000000003,2.021,117.9,70.51,13,740,N/A
2017,7,28,9,30,352,52,392,62,959,798,12,39.87,0.11,2.7,2.057,119.10000000000001,67.3,15,740,N/A
2017,7,28,10,30,478,130,594,80,964,942,13,26.72,0.11,3,2.111,121,64.74,16,740,N/A
2017,7,28,11,30,511,95,603,80,979,1020,13,16.3,0.11,3.3000000000000003,2.165,123.9,61.65,16,740,N/A
2017,7,28,12,30,79,981,1024,79,981,1024,13,15.68,0.11,3.4000000000000004,2.211,125.4,62.01,16,740,N/A
2017,7,28,13,30,450,66,511,90,948,946,13,25.59,0.11,3.3000000000000003,2.248,124.9,66.37,16,740,N/A
2017,7,28,14,30,83,921,803,83,921,803,13,38.62,0.11,3,2.2680000000000002,123.10000000000001,70.52,15,740,N/A
2017,7,28,15,30,280,75,325,73,872,604,13,52.46,0.11,2.7,2.271,120.60000000000001,70.62,14,740,N/A
2017,7,28,16,30,59,770,365,59,770,365,13,66.58,0.11,2.1,2.259,117.30000000000001,75.66,13,740,N/A
2017,7,28,17,30,35,524,119,35,524,119,13,80.78,0.11,1.4000000000000001,2.234,113.7,87.44,12,740,N/A
2017,7,28,18,30,0,0,0,0,0,0,13,94.94,0.11,0.9,2.21,104.4,93.07000000000001,11,740,N/A
2017,7,28,19,30,0,0,0,0,0,0,13,108.96000000000001,0.11,0.8,2.19,98.60000000000001,96.82000000000001,10,740,N/A
2017,7,28,20,30,0,0,0,0,0,0,12,122.67,0.11,0.7000000000000001,2.169,99.80000000000001,93.63,10,740,N/A
2017,7,28,21,30,0,0,0,0,0,0,12,135.74,0.11,0.6000000000000001,2.145,103.9,90.16,9,740,N/A
2017,7,28,22,30,0,0,0,0,0,0,11,147.35,0.11,0.6000000000000001,2.125,105.2,93.08,9,740,N/A
2017,7,28,23,30,0,0,0,0,0,0,11,155.33,0.11,0.6000000000000001,2.108,110.4,89.49,8,740,N/A
2017,7,29,0,30,0,0,0,0,0,0,10,155.74,0.11,0.6000000000000001,2.094,114.7,93.21000000000001,8,740,N/A
2017,7,29,1,30,0,0,0,0,0,0,10,148.29,0.11,0.6000000000000001,2.082,113,90.67,7,740,N/A
2017,7,29,2,30,0,0,0,0,0,0,10,136.89000000000001,0.11,0.6000000000000001,2.075,112.9,89.10000000000001,7,740,N/A
2017,7,29,3,30,0,0,0,0,0,0,10,123.91,0.11,0.7000000000000001,2.076,115,88.24,7,740,N/A
2017,7,29,4,30,0,0,0,0,0,0,10,110.24000000000001,0.11,0.8,2.081,117.10000000000001,88.18,7,740,N/A
2017,7,29,5,30,0,0,0,0,0,0,10,96.23,0.11,0.9,2.083,116.60000000000001,88.23,7,740,N/A
2017,7,29,6,30,28,536,102,28,536,102,11,82.07000000000001,0.11,1.4000000000000001,2.084,115.7,83.42,9,740,N/A
2017,7,29,7,30,136,379,279,48,798,349,12,67.86,0.11,1.9000000000000001,2.091,118.4,78.05,11,740,N/A
2017,7,29,8,30,284,181,391,59,900,592,12,53.71,0.11,2.4000000000000004,2.108,118.5,69.79,13,740,N/A
2017,7,29,9,30,391,242,577,66,950,796,12,39.800000000000004,0.11,2.7,2.138,117.80000000000001,66,14,740,N/A
2017,7,29,10,30,482,151,617,81,962,941,12,26.6,0.11,3,2.176,117.4,62.93,15,740,N/A
2017,7,29,11,30,230,18,248,83,975,1020,12,16.09,0.11,3.1,2.213,117.80000000000001,63.92,16,740,N/A
2017,7,29,12,30,531,181,706,82,976,1023,13,15.47,0.11,3.1,2.248,118.4,64.65,16,740,N/A
2017,7,29,13,30,90,947,946,90,947,946,13,25.47,0.11,3,2.285,118.2,65.04,16,740,N/A
2017,7,29,14,30,315,29,338,84,919,803,13,38.56,0.11,2.7,2.319,117.60000000000001,69.63,15,740,N/A
2017,7,29,15,30,294,137,378,75,866,603,13,52.43,0.11,2.4000000000000004,2.34,117.10000000000001,74.67,14,740,N/A
2017,7,29,16,30,62,756,363,62,756,363,13,66.58,0.11,1.8,2.338,116.30000000000001,80.23,13,740,N/A
2017,7,29,17,30,37,501,117,37,501,117,13,80.8,0.11,1.1,2.315,115.2,86.92,11,740,N/A
2017,7,29,18,30,0,0,0,0,0,0,14,94.98,0.11,0.7000000000000001,2.2840000000000003,111.30000000000001,94.28,10,740,N/A
2017,7,29,19,30,0,0,0,0,0,0,13,109.02,0.11,0.7000000000000001,2.2560000000000002,110.4,98.28,10,740,N/A
2017,7,29,20,30,0,0,0,0,0,0,13,122.76,0.11,0.7000000000000001,2.23,108.7,94.73,9,740,N/A
2017,7,29,21,30,0,0,0,0,0,0,12,135.86,0.11,0.7000000000000001,2.202,104.10000000000001,97.41,9,740,N/A
2017,7,29,22,30,0,0,0,0,0,0,12,147.52,0.11,0.7000000000000001,2.172,107,94.93,9,740,N/A
2017,7,29,23,30,0,0,0,0,0,0,11,155.55,0.11,0.7000000000000001,2.145,115.10000000000001,92.58,8,740,N/A
2017,7,30,0,30,0,0,0,0,0,0,11,155.97,0.11,0.8,2.1270000000000002,118.2,95.28,8,740,N/A
2017,7,30,1,30,0,0,0,0,0,0,10,148.46,0.11,0.8,2.124,121.4,93.49,8,740,N/A
2017,7,30,2,30,0,0,0,0,0,0,10,137,0.11,0.8,2.1350000000000002,124.80000000000001,92.55,8,740,N/A
2017,7,30,3,30,0,0,0,0,0,0,10,123.98,0.11,0.7000000000000001,2.1510000000000002,128.3,92.24,8,740,N/A
2017,7,30,4,30,0,0,0,0,0,0,10,110.28,0.11,0.7000000000000001,2.1630000000000003,131.5,92.12,8,740,N/A
2017,7,30,5,30,0,0,0,0,0,0,10,96.25,0.11,0.9,2.168,133.5,91.94,8,740,N/A
2017,7,30,6,30,13,0,13,30,507,100,11,82.07000000000001,0.11,1.3,2.165,133.1,89.51,9,740,N/A
2017,7,30,7,30,103,0,103,51,786,347,11,67.84,0.11,1.8,2.16,136.3,79.82000000000001,10,740,N/A
2017,7,30,8,30,234,31,253,61,893,590,11,53.660000000000004,0.11,2.2,2.158,133.20000000000002,75.12,12,740,N/A
2017,7,30,9,30,299,26,319,68,947,796,11,39.72,0.11,2.4000000000000004,2.164,129.6,65.68,13,740,N/A
2017,7,30,10,30,268,19,285,81,962,942,11,26.47,0.11,2.6,2.182,126.4,61.410000000000004,14,740,N/A
2017,7,30,11,30,217,17,234,83,975,1021,11,15.88,0.11,2.8000000000000003,2.199,123.80000000000001,61.59,15,740,N/A
2017,7,30,12,30,438,38,475,83,976,1025,11,15.26,0.11,2.9000000000000004,2.209,123.2,61.67,15,740,N/A
2017,7,30,13,30,345,24,368,97,940,947,11,25.36,0.11,2.9000000000000004,2.214,123.2,61.7,14,740,N/A
2017,7,30,14,30,406,142,517,88,916,805,11,38.5,0.11,2.8000000000000003,2.22,123,65.51,14,740,N/A
2017,7,30,15,30,76,865,604,76,865,604,11,52.410000000000004,0.11,2.5,2.229,121.9,69.5,13,740,N/A
2017,7,30,16,30,62,760,364,62,760,364,11,66.58,0.11,2.1,2.239,119.5,75.01,12,740,N/A
2017,7,30,17,30,38,499,117,38,499,117,12,80.81,0.11,1.5,2.245,115.2,84.41,11,740,N/A
2017,7,30,18,30,0,0,0,0,0,0,12,95.02,0.11,1.1,2.244,109.80000000000001,88.36,10,740,N/A
2017,7,30,19,30,0,0,0,0,0,0,11,109.08,0.11,1.1,2.238,109.60000000000001,87.24,9,740,N/A
2017,7,30,20,30,0,0,0,0,0,0,11,122.84,0.11,1.1,2.23,112.10000000000001,86.46000000000001,9,740,N/A
2017,7,30,21,30,0,0,0,0,0,0,11,135.99,0.11,1.2000000000000002,2.221,114.7,91.22,9,740,N/A
2017,7,30,22,30,0,0,0,0,0,0,11,147.70000000000002,0.11,1.1,2.209,116.30000000000001,89.95,9,740,N/A
2017,7,30,23,30,0,0,0,0,0,0,11,155.79,0.11,1,2.187,116,88.69,8,740,N/A
2017,7,31,0,30,0,0,0,0,0,0,10,156.20000000000002,0.11,0.8,2.1510000000000002,116.30000000000001,93.36,8,740,N/A
2017,7,31,1,30,0,0,0,0,0,0,10,148.62,0.11,0.7000000000000001,2.102,113.4,91.58,8,740,N/A
2017,7,31,2,30,0,0,0,0,0,0,10,137.11,0.11,0.6000000000000001,2.051,110.5,89.06,7,740,N/A
2017,7,31,3,30,0,0,0,0,0,0,9,124.05,0.11,0.6000000000000001,2.017,114.10000000000001,92.61,7,740,N/A
2017,7,31,4,30,0,0,0,0,0,0,9,110.32000000000001,0.11,0.6000000000000001,2.009,126.10000000000001,90.39,7,740,N/A
2017,7,31,5,30,0,0,0,0,0,0,9,96.27,0.11,0.6000000000000001,2.02,137.70000000000002,87.58,7,740,N/A
2017,7,31,6,30,30,519,101,30,519,101,9,82.06,0.11,0.8,2.039,134.5,80.04,9,740,N/A
2017,7,31,7,30,153,58,175,51,788,349,9,67.81,0.11,1.2000000000000002,2.045,138.9,71.73,11,740,N/A
2017,7,31,8,30,181,12,189,64,890,592,10,53.620000000000005,0.11,1.8,2.043,141.6,64.23,13,740,N/A
2017,7,31,9,30,217,15,229,73,941,798,10,39.64,0.11,2.3000000000000003,2.04,135.20000000000002,62.27,14,740,N/A
2017,7,31,10,30,215,17,231,90,952,944,11,26.35,0.11,2.6,2.04,127.9,60.09,15,740,N/A
2017,7,31,11,30,249,19,268,93,966,1023,11,15.66,0.11,2.8000000000000003,2.041,124.80000000000001,57.730000000000004,16,740,N/A
2017,7,31,12,30,530,140,666,94,966,1027,11,15.05,0.11,2.9000000000000004,2.045,123.5,58.31,16,740,N/A
2017,7,31,13,30,487,138,612,91,952,953,11,25.25,0.11,2.9000000000000004,2.053,122.30000000000001,58.53,16,740,N/A
2017,7,31,14,30,345,41,378,86,922,809,11,38.44,0.11,2.8000000000000003,2.067,120.80000000000001,62.550000000000004,15,740,N/A
2017,7,31,15,30,78,865,606,78,865,606,11,52.39,0.11,2.5,2.083,119.4,66.79,14,740,N/A
2017,7,31,16,30,64,754,364,64,754,364,12,66.58,0.11,1.9000000000000001,2.091,116.9,72.45,13,740,N/A
2017,7,31,17,30,39,490,117,39,490,117,12,80.84,0.11,1.1,2.088,112.10000000000001,80.78,11,740,N/A
2017,7,31,18,30,0,0,0,0,0,0,12,95.06,0.11,0.7000000000000001,2.078,99.60000000000001,93.59,10,740,N/A
2017,7,31,19,30,0,0,0,0,0,0,12,109.14,0.11,0.6000000000000001,2.067,86.5,91.02,9,740,N/A
2017,7,31,20,30,0,0,0,0,0,0,12,122.93,0.11,0.5,2.057,79,94.46000000000001,9,740,N/A
2017,7,31,21,30,0,0,0,0,0,0,11,136.11,0.11,0.4,2.048,74.7,91.61,8,740,N/A
2017,7,31,22,30,0,0,0,0,0,0,11,147.88,0.11,0.2,2.037,71.7,94.48,8,740,N/A
2017,7,31,23,30,0,0,0,0,0,0,10,156.03,0.11,0.1,2.024,58.6,91.05,8,740,N/A
2017,8,1,0,30,0,0,0,0,0,0,10,156.43,0.11,0.1,2.005,32.2,88.38,7,740,N/A
2017,8,1,1,30,0,0,0,0,0,0,9,148.79,0.11,0.1,1.986,17.3,91.7,7,740,N/A
2017,8,1,2,30,0,0,0,0,0,0,9,137.22,0.11,0.2,1.975,20.3,88.60000000000001,7,740,N/A
2017,8,1,3,30,0,0,0,0,0,0,8,124.12,0.11,0.2,1.976,29.6,85.60000000000001,7,740,N/A
2017,8,1,4,30,0,0,0,0,0,0,8,110.36,0.11,0.2,1.987,26.400000000000002,83.25,6,740,N/A
2017,8,1,5,30,0,0,0,0,0,0,7,96.28,0.11,0.2,2.001,22.3,81.56,7,740,N/A
2017,8,1,6,30,30,510,101,30,510,101,9,82.06,0.11,0.4,2.013,44.300000000000004,77.73,9,740,N/A
2017,8,1,7,30,53,782,348,53,782,348,9,67.79,0.11,1,2.029,101.4,66.58,11,740,N/A
2017,8,1,8,30,263,60,299,66,884,592,10,53.57,0.11,1.5,2.045,118.2,64.6,13,740,N/A
2017,8,1,9,30,344,44,378,78,932,797,10,39.56,0.11,1.7000000000000002,2.059,115.60000000000001,62.46,14,740,N/A
2017,8,1,10,30,432,54,480,94,946,943,11,26.21,0.11,1.8,2.073,116.30000000000001,60.660000000000004,15,740,N/A
2017,8,1,11,30,503,80,581,99,957,1021,11,15.44,0.11,1.9000000000000001,2.091,118.7,58.6,15,740,N/A
2017,8,1,12,30,349,22,371,101,955,1024,12,14.83,0.11,2,2.115,120.7,60.18,16,740,N/A
2017,8,1,13,30,368,28,394,115,915,944,12,25.14,0.11,1.9000000000000001,2.1430000000000002,121.4,61.31,16,740,N/A
2017,8,1,14,30,243,17,257,111,875,798,12,38.39,0.11,1.8,2.174,121.9,62.15,15,740,N/A
2017,8,1,15,30,98,0,98,101,807,594,12,52.36,0.11,1.6,2.2,121.60000000000001,66.68,14,740,N/A
2017,8,1,16,30,86,670,352,86,670,352,12,66.58,0.11,1.3,2.212,121,72,13,740,N/A
2017,8,1,17,30,50,370,109,50,370,109,13,80.86,0.11,0.8,2.21,119.4,85.29,12,740,N/A
2017,8,1,18,30,0,0,0,0,0,0,14,95.10000000000001,0.11,0.6000000000000001,2.198,112,94.03,11,740,N/A
2017,8,1,19,30,0,0,0,0,0,0,13,109.21000000000001,0.11,0.5,2.181,104.30000000000001,92.76,10,740,N/A
2017,8,1,20,30,0,0,0,0,0,0,13,123.03,0.11,0.4,2.164,97.80000000000001,97.25,10,740,N/A
2017,8,1,21,30,0,0,0,0,0,0,13,136.24,0.11,0.30000000000000004,2.149,91.60000000000001,95.08,9,740,N/A
2017,8,1,22,30,0,0,0,0,0,0,12,148.06,0.11,0.2,2.1350000000000002,85.80000000000001,92.4,9,740,N/A
2017,8,1,23,30,0,0,0,0,0,0,12,156.27,0.11,0.1,2.121,75.7,96.54,9,740,N/A
2017,8,2,0,30,0,0,0,0,0,0,12,156.67000000000002,0.11,0.1,2.107,61,94.43,9,740,N/A
2017,8,2,1,30,0,0,0,0,0,0,11,148.95000000000002,0.11,0.1,2.093,13.600000000000001,92.57000000000001,9,740,N/A
2017,8,2,2,30,0,0,0,0,0,0,11,137.32,0.11,0.1,2.076,335,90.74,8,740,N/A
2017,8,2,3,30,0,0,0,0,0,0,11,124.18,0.11,0.1,2.048,323.3,88.71000000000001,8,740,N/A
2017,8,2,4,30,0,0,0,0,0,0,10,110.39,0.11,0.1,2,309.6,92.63,8,740,N/A
2017,8,2,5,30,0,0,0,0,0,0,10,96.3,0.11,0.2,1.938,314.1,90.7,8,740,N/A
2017,8,2,6,30,41,392,95,41,392,95,11,82.05,0.11,0.30000000000000004,1.877,326.3,82.74,10,740,N/A
2017,8,2,7,30,72,712,341,72,712,341,11,67.76,0.11,0.6000000000000001,1.828,63.7,71.46000000000001,12,740,N/A
2017,8,2,8,30,85,847,589,85,847,589,12,53.52,0.11,1.2000000000000002,1.799,106.9,69.94,14,740,N/A
2017,8,2,9,30,92,914,798,92,914,798,12,39.480000000000004,0.11,1.7000000000000002,1.799,117.5,63.24,15,740,N/A
2017,8,2,10,30,89,960,952,89,960,952,13,26.080000000000002,0.11,2,1.825,119,60.36,16,740,N/A
2017,8,2,11,30,92,973,1031,92,973,1031,13,15.21,0.11,2.2,1.863,118,57.51,17,740,N/A
2017,8,2,12,30,499,311,800,92,973,1034,13,14.61,0.11,2.2,1.903,116.4,58.19,18,740,N/A
2017,8,2,13,30,471,88,552,100,943,955,13,25.03,0.11,2.1,1.942,114.80000000000001,58.81,17,740,N/A
2017,8,2,14,30,92,915,810,92,915,810,13,38.33,0.11,2,1.981,114.10000000000001,62.99,17,740,N/A
2017,8,2,15,30,297,164,397,80,861,607,13,52.35,0.11,1.9000000000000001,2.02,113.9,67.24,16,740,N/A
2017,8,2,16,30,146,24,155,66,749,364,14,66.59,0.11,1.5,2.053,113.5,72.79,15,740,N/A
2017,8,2,17,30,40,478,115,40,478,115,14,80.89,0.11,1,2.078,113.30000000000001,80.79,13,740,N/A
2017,8,2,18,30,0,0,0,0,0,0,14,95.15,0.11,0.8,2.1,112.4,91.69,12,740,N/A
2017,8,2,19,30,0,0,0,0,0,0,14,109.28,0.11,0.7000000000000001,2.12,110.4,90.07000000000001,11,740,N/A
2017,8,2,20,30,0,0,0,0,0,0,14,123.13000000000001,0.11,0.6000000000000001,2.133,110.5,94.66,11,740,N/A
2017,8,2,21,30,0,0,0,0,0,0,13,136.38,0.11,0.5,2.1310000000000002,110.80000000000001,93.18,10,740,N/A
2017,8,2,22,30,0,0,0,0,0,0,13,148.25,0.11,0.5,2.11,116.10000000000001,97.3,10,740,N/A
2017,8,2,23,30,0,0,0,0,0,0,13,156.52,0.11,0.5,2.073,123.80000000000001,94.43,10,740,N/A
2017,8,3,0,30,0,0,0,0,0,0,12,156.91,0.11,0.4,2.021,128.8,91.35000000000001,9,740,N/A
2017,8,3,1,30,0,0,0,0,0,0,12,149.12,0.11,0.30000000000000004,1.966,132.9,94.16,9,740,N/A
2017,8,3,2,30,0,0,0,0,0,0,11,137.43,0.11,0.30000000000000004,1.919,132.5,90.72,8,740,N/A
2017,8,3,3,30,0,0,0,0,0,0,10,124.25,0.11,0.30000000000000004,1.889,126.9,93.13,8,740,N/A
2017,8,3,4,30,0,0,0,0,0,0,10,110.43,0.11,0.4,1.881,128.4,89.58,8,740,N/A
2017,8,3,5,30,0,0,0,0,0,0,9,96.31,0.11,0.5,1.8960000000000001,111.5,87.13,8,740,N/A
2017,8,3,6,30,43,0,43,33,480,100,11,82.04,0.11,1,1.924,91.30000000000001,84.14,10,740,N/A
2017,8,3,7,30,24,0,24,58,766,348,12,67.73,0.11,1.6,1.952,98.5,78.27,12,740,N/A
2017,8,3,8,30,69,880,594,69,880,594,12,53.47,0.11,2,1.973,102.60000000000001,69.58,14,740,N/A
2017,8,3,9,30,401,163,527,76,940,802,12,39.4,0.11,2.3000000000000003,1.992,109.4,61.96,15,740,N/A
2017,8,3,10,30,93,949,947,93,949,947,12,25.95,0.11,2.6,2.025,118.60000000000001,60.120000000000005,16,740,N/A
2017,8,3,11,30,95,964,1027,95,964,1027,13,14.98,0.11,2.7,2.076,124.2,58.22,17,740,N/A
2017,8,3,12,30,96,962,1028,96,962,1028,13,14.39,0.11,2.7,2.14,125,59.33,18,740,N/A
2017,8,3,13,30,489,218,687,105,929,949,13,24.92,0.11,2.7,2.198,124,63.52,17,740,N/A
2017,8,3,14,30,99,896,803,99,896,803,13,38.29,0.11,2.6,2.242,123.9,67.67,16,740,N/A
2017,8,3,15,30,89,836,600,89,836,600,13,52.33,0.11,2.4000000000000004,2.2760000000000002,123.60000000000001,72.68,15,740,N/A
2017,8,3,16,30,72,720,358,72,720,358,14,66.59,0.11,2,2.302,119.60000000000001,78.62,14,740,N/A
2017,8,3,17,30,42,447,112,42,447,112,14,80.92,0.11,1.3,2.317,114.10000000000001,87.03,13,740,N/A
2017,8,3,18,30,0,0,0,0,0,0,14,95.2,0.11,1,2.325,105.80000000000001,91.69,12,740,N/A
2017,8,3,19,30,0,0,0,0,0,0,14,109.35000000000001,0.11,1,2.326,100.7,90.57000000000001,11,740,N/A
2017,8,3,20,30,0,0,0,0,0,0,13,123.23,0.11,1,2.309,98.10000000000001,93.71000000000001,11,740,N/A
2017,8,3,21,30,0,0,0,0,0,0,13,136.52,0.11,0.9,2.275,96.7,91.12,10,740,N/A
2017,8,3,22,30,0,0,0,0,0,0,12,148.44,0.11,0.9,2.243,97.5,93.38,10,740,N/A
2017,8,3,23,30,0,0,0,0,0,0,12,156.78,0.11,0.8,2.227,98.30000000000001,89.85000000000001,9,740,N/A
2017,8,4,0,30,0,0,0,0,0,0,12,157.16,0.11,0.8,2.213,101.30000000000001,88.43,9,740,N/A
2017,8,4,1,30,0,0,0,0,0,0,11,149.29,0.11,0.9,2.196,105.2,93.10000000000001,9,740,N/A
2017,8,4,2,30,0,0,0,0,0,0,11,137.53,0.11,1,2.189,109.60000000000001,91.31,9,740,N/A
2017,8,4,3,30,0,0,0,0,0,0,11,124.31,0.11,0.9,2.191,114.4,90.2,9,740,N/A
2017,8,4,4,30,0,0,0,0,0,0,11,110.46000000000001,0.11,0.9,2.199,119.2,89.89,9,740,N/A
2017,8,4,5,30,0,0,0,0,0,0,11,96.32000000000001,0.11,1,2.214,120.7,89.23,9,740,N/A
2017,8,4,6,30,43,0,43,30,508,101,12,82.03,0.11,1.6,2.238,120.9,84.52,10,740,N/A
2017,8,4,7,30,150,47,168,51,785,349,13,67.7,0.11,2.2,2.267,127.10000000000001,83.81,12,740,N/A
2017,8,4,8,30,77,0,77,61,893,593,13,53.410000000000004,0.11,2.5,2.298,129.9,80.63,13,740,N/A
2017,8,4,9,30,134,8,140,67,946,800,13,39.31,0.11,2.9000000000000004,2.331,131.70000000000002,76.37,14,740,N/A
2017,8,4,10,30,361,27,385,79,963,946,13,25.810000000000002,0.11,3.2,2.359,133,72.17,15,740,N/A
2017,8,4,11,30,445,70,513,81,977,1025,13,14.74,0.11,3.3000000000000003,2.38,133.3,67.7,16,740,N/A
2017,8,4,12,30,482,57,538,81,977,1029,13,14.17,0.11,3.2,2.3890000000000002,133,67.1,15,740,N/A
2017,8,4,13,30,157,12,168,114,912,942,13,24.82,0.11,3,2.3850000000000002,131.5,70.73,15,740,N/A
2017,8,4,14,30,104,884,798,104,884,798,13,38.24,0.11,2.7,2.373,128.70000000000002,70.39,14,740,N/A
2017,8,4,15,30,271,72,316,91,827,597,13,52.32,0.11,2.4000000000000004,2.352,125,75.06,13,740,N/A
2017,8,4,16,30,72,717,357,72,717,357,13,66.61,0.11,2,2.317,120.7,80.34,12,740,N/A
2017,8,4,17,30,40,456,112,40,456,112,13,80.95,0.11,1.3,2.267,115,92.55,11,740,N/A
2017,8,4,18,30,0,0,0,0,0,0,13,95.25,0.11,1,2.21,107.60000000000001,94.91,10,740,N/A
2017,8,4,19,30,0,0,0,0,0,0,12,109.43,0.109,1,2.165,105.30000000000001,90.54,9,740,N/A
2017,8,4,20,30,0,0,0,0,0,0,11,123.33,0.109,0.9,2.1390000000000002,108.9,92.26,9,740,N/A
2017,8,4,21,30,0,0,0,0,0,0,11,136.66,0.109,0.8,2.114,112.10000000000001,95.34,8,740,N/A
2017,8,4,22,30,0,0,0,0,0,0,11,148.64000000000001,0.109,0.7000000000000001,2.074,108.2,93.64,8,740,N/A
2017,8,4,23,30,0,0,0,0,0,0,10,157.04,0.109,0.7000000000000001,2.028,109.30000000000001,91.49,7,740,N/A
2017,8,5,0,30,0,0,0,0,0,0,10,157.41,0.109,0.8,1.988,111.60000000000001,89.15,7,740,N/A
2017,8,5,1,30,0,0,0,0,0,0,9,149.45000000000002,0.109,0.7000000000000001,1.965,112,92.93,7,740,N/A
2017,8,5,2,30,0,0,0,0,0,0,9,137.63,0.109,0.6000000000000001,1.949,111.80000000000001,91.23,7,740,N/A
2017,8,5,3,30,0,0,0,0,0,0,9,124.37,0.109,0.6000000000000001,1.932,113.80000000000001,89.68,7,740,N/A
2017,8,5,4,30,0,0,0,0,0,0,9,110.5,0.109,0.6000000000000001,1.919,117.10000000000001,88.51,7,740,N/A
2017,8,5,5,30,0,0,0,0,0,0,9,96.33,0.109,0.7000000000000001,1.926,117.5,87.92,7,740,N/A
2017,8,5,6,30,35,0,35,34,471,99,10,82.02,0.109,1.2000000000000002,1.95,119.80000000000001,83.46000000000001,9,740,N/A
2017,8,5,7,30,161,99,199,60,755,347,11,67.67,0.109,1.9000000000000001,1.984,126.5,79.87,11,740,N/A
2017,8,5,8,30,283,232,422,74,867,592,11,53.35,0.109,2.3000000000000003,2.025,130.9,67.54,13,740,N/A
2017,8,5,9,30,401,149,518,83,924,799,11,39.22,0.109,2.5,2.071,133,63.35,15,740,N/A
2017,8,5,10,30,481,115,585,90,952,948,12,25.67,0.109,2.7,2.122,134.20000000000002,61.120000000000005,16,740,N/A
2017,8,5,11,30,530,230,753,96,960,1026,12,14.5,0.109,3,2.1710000000000003,131.9,59.050000000000004,16,740,N/A
2017,8,5,12,30,536,200,731,101,954,1027,12,13.94,0.109,3.2,2.209,129.6,60.02,16,740,N/A
2017,8,5,13,30,483,348,800,100,936,951,12,24.72,0.109,3.1,2.232,127.7,64.03,16,740,N/A
2017,8,5,14,30,94,904,806,94,904,806,12,38.2,0.109,2.9000000000000004,2.242,125.9,64.03,15,740,N/A
2017,8,5,15,30,233,462,516,83,850,603,13,52.31,0.109,2.6,2.243,123.30000000000001,68.33,15,740,N/A
2017,8,5,16,30,145,385,297,67,739,361,13,66.62,0.109,2.1,2.235,119.2,73.75,14,740,N/A
2017,8,5,17,30,52,266,93,39,474,113,13,80.98,0.109,1.3,2.217,113.2,81.77,12,740,N/A
2017,8,5,18,30,0,0,0,0,0,0,13,95.31,0.109,0.8,2.192,98.7,91.10000000000001,11,740,N/A
2017,8,5,19,30,0,0,0,0,0,0,13,109.51,0.109,0.7000000000000001,2.1670000000000003,86,94.76,10,740,N/A
2017,8,5,20,30,0,0,0,0,0,0,12,123.44,0.109,0.6000000000000001,2.141,79.30000000000001,92.55,9,740,N/A
2017,8,5,21,30,0,0,0,0,0,0,12,136.8,0.109,0.5,2.11,79.30000000000001,95.85000000000001,9,740,N/A
2017,8,5,22,30,0,0,0,0,0,0,11,148.84,0.109,0.4,2.073,84.10000000000001,93.02,8,740,N/A
2017,8,5,23,30,0,0,0,0,0,0,11,157.3,0.109,0.4,2.031,95.5,96.43,8,740,N/A
2017,8,6,0,30,0,0,0,0,0,0,10,157.66,0.109,0.4,1.991,96.9,93.07000000000001,7,740,N/A
2017,8,6,1,30,0,0,0,0,0,0,10,149.62,0.109,0.4,1.951,98,97.04,7,740,N/A
2017,8,6,2,30,0,0,0,0,0,0,10,137.74,0.109,0.4,1.9160000000000001,101.60000000000001,94.98,7,740,N/A
2017,8,6,3,30,0,0,0,0,0,0,9,124.43,0.109,0.4,1.8960000000000001,102.4,93.45,6,740,N/A
2017,8,6,4,30,0,0,0,0,0,0,9,110.52,0.109,0.4,1.889,104.60000000000001,92.29,6,740,N/A
2017,8,6,5,30,0,0,0,0,0,0,9,96.33,0.109,0.6000000000000001,1.8900000000000001,110.10000000000001,91.34,7,740,N/A
2017,8,6,6,30,32,495,101,32,495,101,10,82.01,0.109,1.2000000000000002,1.899,124.10000000000001,84.38,9,740,N/A
2017,8,6,7,30,148,318,269,56,778,352,11,67.63,0.109,1.9000000000000001,1.92,124.9,73.13,12,740,N/A
2017,8,6,8,30,257,49,286,68,886,598,11,53.29,0.109,2.4000000000000004,1.944,125.2,66.49,14,740,N/A
2017,8,6,9,30,390,95,464,78,938,806,12,39.13,0.109,2.8000000000000003,1.955,122.9,64.53,15,740,N/A
2017,8,6,10,30,99,943,950,99,943,950,12,25.52,0.109,3.1,1.948,120,62.21,15,740,N/A
2017,8,6,11,30,461,45,505,97,965,1033,12,14.26,0.109,3.2,1.938,118.30000000000001,59.72,16,740,N/A
2017,8,6,12,30,432,35,467,93,971,1037,13,13.72,0.109,3.2,1.941,117,60.5,17,740,N/A
2017,8,6,13,30,364,27,389,94,952,960,13,24.62,0.109,3.1,1.958,115,60.93,17,740,N/A
2017,8,6,14,30,318,29,342,85,927,815,13,38.15,0.109,3,1.983,113.60000000000001,60.84,16,740,N/A
2017,8,6,15,30,195,14,204,75,875,610,13,52.300000000000004,0.109,2.7,2.004,112.7,64.45,15,740,N/A
2017,8,6,16,30,61,768,366,61,768,366,13,66.64,0.109,2,2.011,111.2,69.34,14,740,N/A
2017,8,6,17,30,36,510,115,36,510,115,13,81.02,0.109,1.1,2.009,109.7,81.23,13,740,N/A
2017,8,6,18,30,0,0,0,0,0,0,13,95.37,0.109,0.5,2.012,105.7,91.27,11,740,N/A
2017,8,6,19,30,0,0,0,0,0,0,13,109.59,0.109,0.30000000000000004,2.029,87.2,87.89,10,740,N/A
2017,8,6,20,30,0,0,0,0,0,0,12,123.54,0.109,0.30000000000000004,2.062,64.4,91.75,10,740,N/A
2017,8,6,21,30,0,0,0,0,0,0,12,136.95000000000002,0.109,0.4,2.109,64.5,89.67,9,740,N/A
2017,8,6,22,30,0,0,0,0,0,0,12,149.04,0.109,0.5,2.1670000000000003,71.60000000000001,93.89,9,740,N/A
2017,8,6,23,30,0,0,0,0,0,0,11,157.57,0.109,0.5,2.214,78.5,92.61,9,740,N/A
2017,8,7,0,30,0,0,0,0,0,0,11,157.91,0.109,0.5,2.236,75.2,91.76,9,740,N/A
2017,8,7,1,30,0,0,0,0,0,0,11,149.79,0.109,0.5,2.232,73.60000000000001,90.87,8,740,N/A
2017,8,7,2,30,0,0,0,0,0,0,11,137.84,0.109,0.5,2.207,68.10000000000001,90.18,8,740,N/A
2017,8,7,3,30,0,0,0,0,0,0,11,124.49000000000001,0.109,0.5,2.165,60.900000000000006,95.32000000000001,8,740,N/A
2017,8,7,4,30,0,0,0,0,0,0,11,110.55,0.109,0.5,2.113,52.1,93.93,8,740,N/A
2017,8,7,5,30,0,0,0,0,0,0,10,96.34,0.109,0.5,2.07,38.800000000000004,86.94,8,740,N/A
2017,8,7,6,30,29,533,103,29,533,103,11,81.99,0.109,0.9,2.063,58.6,81.33,10,740,N/A
2017,8,7,7,30,49,801,354,49,801,354,12,67.59,0.109,1.8,2.093,101.60000000000001,71.67,13,740,N/A
2017,8,7,8,30,264,57,298,60,900,599,13,53.230000000000004,0.109,2.4000000000000004,2.145,110.10000000000001,68.36,14,740,N/A
2017,8,7,9,30,357,369,644,68,950,806,13,39.04,0.109,2.8000000000000003,2.203,111.60000000000001,65.43,15,740,N/A
2017,8,7,10,30,475,98,564,75,973,954,13,25.38,0.109,3,2.247,111.9,62.59,16,740,N/A
2017,8,7,11,30,399,28,426,78,984,1033,13,14.01,0.109,3.1,2.267,111.4,63.49,17,740,N/A
2017,8,7,12,30,457,43,499,78,985,1036,13,13.49,0.109,3.2,2.266,110.9,63.910000000000004,17,740,N/A
2017,8,7,13,30,260,18,277,97,943,955,14,24.52,0.109,3.1,2.254,110.30000000000001,64.46000000000001,17,740,N/A
2017,8,7,14,30,90,914,810,90,914,810,14,38.12,0.109,2.9000000000000004,2.231,109.80000000000001,68.96000000000001,16,740,N/A
2017,8,7,15,30,214,19,226,78,864,607,14,52.300000000000004,0.109,2.5,2.197,108.9,73.98,15,740,N/A
2017,8,7,16,30,61,766,365,61,766,365,14,66.66,0.109,1.9000000000000001,2.156,106.60000000000001,77.87,14,740,N/A
2017,8,7,17,30,35,515,115,35,515,115,14,81.06,0.109,1.1,2.115,102.9,86.87,13,740,N/A
2017,8,7,18,30,0,0,0,0,0,0,14,95.43,0.109,0.8,2.084,96.80000000000001,95.29,11,740,N/A
2017,8,7,19,30,0,0,0,0,0,0,13,109.67,0.109,0.7000000000000001,2.065,89.10000000000001,91.93,10,740,N/A
2017,8,7,20,30,0,0,0,0,0,0,13,123.66,0.109,0.6000000000000001,2.051,80.7,94.43,9,740,N/A
2017,8,7,21,30,0,0,0,0,0,0,12,137.1,0.109,0.5,2.043,74.3,97.23,9,740,N/A
2017,8,7,22,30,0,0,0,0,0,0,12,149.25,0.109,0.5,2.043,75.10000000000001,94.07000000000001,9,740,N/A
2017,8,7,23,30,0,0,0,0,0,0,11,157.84,0.109,0.5,2.041,80.2,91.87,8,740,N/A
2017,8,8,0,30,0,0,0,0,0,0,11,158.17000000000002,0.109,0.6000000000000001,2.028,84.5,90.67,8,740,N/A
2017,8,8,1,30,0,0,0,0,0,0,11,149.95000000000002,0.109,0.7000000000000001,2.004,84.60000000000001,90.10000000000001,8,740,N/A
2017,8,8,2,30,0,0,0,0,0,0,11,137.93,0.109,0.8,1.978,84.7,89.48,8,740,N/A
2017,8,8,3,30,0,0,0,0,0,0,11,124.54,0.109,0.8,1.952,88.30000000000001,89,8,740,N/A
2017,8,8,4,30,0,0,0,0,0,0,11,110.58,0.109,0.7000000000000001,1.935,89.2,94.61,8,740,N/A
2017,8,8,5,30,0,0,0,0,0,0,11,96.34,0.109,0.8,1.935,88.2,87.91,8,740,N/A
2017,8,8,6,30,48,187,74,28,553,105,12,81.97,0.109,1.4000000000000001,1.952,98.4,83.31,10,740,N/A
2017,8,8,7,30,149,318,270,47,814,358,13,67.55,0.109,1.9000000000000001,1.993,103.60000000000001,79.23,12,740,N/A
2017,8,8,8,30,276,77,322,56,913,604,13,53.17,0.109,2.1,2.062,103.7,74.97,14,740,N/A
2017,8,8,9,30,396,107,480,63,961,811,13,38.94,0.109,2.3000000000000003,2.1350000000000002,104.10000000000001,69.47,15,740,N/A
2017,8,8,10,30,471,88,550,86,959,954,13,25.23,0.109,2.5,2.191,105.2,65.82000000000001,16,740,N/A
2017,8,8,11,30,382,25,407,87,973,1033,13,13.76,0.109,2.5,2.237,106.4,62.15,16,740,N/A
2017,8,8,12,30,517,87,602,86,975,1036,13,13.27,0.109,2.4000000000000004,2.2760000000000002,105.60000000000001,62.32,17,740,N/A
2017,8,8,13,30,399,35,431,93,948,956,13,24.43,0.109,2.2,2.3040000000000003,104.7,62.21,16,740,N/A
2017,8,8,14,30,85,922,811,85,922,811,13,38.08,0.109,2.1,2.325,104,66.09,16,740,N/A
2017,8,8,15,30,75,869,606,75,869,606,13,52.300000000000004,0.109,1.9000000000000001,2.342,102.2,70.75,15,740,N/A
2017,8,8,16,30,167,214,252,60,765,363,13,66.68,0.109,1.5,2.354,99.2,76.69,14,740,N/A
2017,8,8,17,30,36,502,113,36,502,113,14,81.11,0.109,1.1,2.361,97,85.89,12,740,N/A
2017,8,8,18,30,0,0,0,0,0,0,14,95.49,0.109,0.9,2.364,96.80000000000001,90.04,11,740,N/A
2017,8,8,19,30,0,0,0,0,0,0,14,109.76,0.109,0.8,2.357,95.10000000000001,94.93,11,740,N/A
2017,8,8,20,30,0,0,0,0,0,0,14,123.77,0.109,0.7000000000000001,2.331,94.9,93.91,11,740,N/A
2017,8,8,21,30,0,0,0,0,0,0,13,137.25,0.109,0.6000000000000001,2.2960000000000003,92.60000000000001,91.38,10,740,N/A
2017,8,8,22,30,0,0,0,0,0,0,13,149.46,0.109,0.6000000000000001,2.2720000000000002,89.2,94.29,10,740,N/A
2017,8,8,23,30,0,0,0,0,0,0,12,158.12,0.109,0.5,2.274,84.30000000000001,91.77,10,740,N/A
2017,8,9,0,30,0,0,0,0,0,0,12,158.43,0.109,0.5,2.298,79.60000000000001,90,9,740,N/A
2017,8,9,1,30,0,0,0,0,0,0,12,150.12,0.109,0.4,2.32,78.2,94.39,9,740,N/A
2017,8,9,2,30,0,0,0,0,0,0,11,138.03,0.109,0.30000000000000004,2.317,76.3,93.16,8,740,N/A
2017,8,9,3,30,0,0,0,0,0,0,11,124.60000000000001,0.109,0.2,2.2920000000000003,61.800000000000004,97.71000000000001,8,740,N/A
2017,8,9,4,30,0,0,0,0,0,0,11,110.60000000000001,0.109,0.2,2.263,23.900000000000002,94.96000000000001,7,740,N/A
2017,8,9,5,30,0,0,0,0,0,0,10,96.34,0.109,0.2,2.248,7.7,91.75,7,740,N/A
2017,8,9,6,30,49,66,59,29,530,103,10,81.95,0.109,0.30000000000000004,2.254,12.9,92.21000000000001,8,740,N/A
2017,8,9,7,30,153,50,172,49,800,355,10,67.51,0.109,0.30000000000000004,2.275,1.1,86.26,8,740,N/A
2017,8,9,8,30,285,105,348,59,902,600,10,53.1,0.109,0.30000000000000004,2.298,0.30000000000000004,81.43,10,740,N/A
2017,8,9,9,30,405,182,548,65,954,808,11,38.85,0.109,0.8,2.315,156.8,73.01,12,740,N/A
2017,8,9,10,30,481,260,717,73,974,956,11,25.080000000000002,0.109,1.8,2.342,153.3,67.11,13,740,N/A
2017,8,9,11,30,538,156,690,78,982,1034,12,13.51,0.109,2.4000000000000004,2.388,143.4,66.2,14,740,N/A
2017,8,9,12,30,264,19,283,82,977,1034,12,13.040000000000001,0.109,2.6,2.433,139.4,68.04,15,740,N/A
2017,8,9,13,30,90,949,955,90,949,955,13,24.330000000000002,0.109,2.7,2.461,136.20000000000002,69.49,15,740,N/A
2017,8,9,14,30,88,913,807,88,913,807,13,38.050000000000004,0.109,2.6,2.467,135.3,75.11,14,740,N/A
2017,8,9,15,30,80,855,603,80,855,603,13,52.300000000000004,0.109,2.3000000000000003,2.447,138.4,75.87,13,740,N/A
2017,8,9,16,30,65,745,360,65,745,360,13,66.71000000000001,0.109,1.8,2.41,143,81.81,12,740,N/A
2017,8,9,17,30,37,482,111,37,482,111,14,81.15,0.109,1,2.369,147.9,94.48,11,740,N/A
2017,8,9,18,30,0,0,0,0,0,0,13,95.56,0.109,0.5,2.328,152.5,93.3,10,740,N/A
2017,8,9,19,30,0,0,0,0,0,0,13,109.85000000000001,0.109,0.4,2.29,147,98.14,10,740,N/A
2017,8,9,20,30,0,0,0,0,0,0,13,123.89,0.109,0.30000000000000004,2.251,142.6,96.25,10,740,N/A
2017,8,9,21,30,0,0,0,0,0,0,13,137.41,0.109,0.30000000000000004,2.206,132.6,94.13,9,740,N/A
2017,8,9,22,30,0,0,0,0,0,0,12,149.67000000000002,0.109,0.30000000000000004,2.168,124.60000000000001,98.10000000000001,9,740,N/A
2017,8,9,23,30,0,0,0,0,0,0,12,158.41,0.109,0.30000000000000004,2.1430000000000002,115.10000000000001,96.03,9,740,N/A
2017,8,10,0,30,0,0,0,0,0,0,12,158.69,0.109,0.30000000000000004,2.122,98.80000000000001,94.41,8,740,N/A
2017,8,10,1,30,0,0,0,0,0,0,11,150.28,0.109,0.30000000000000004,2.098,84.60000000000001,92.84,8,740,N/A
2017,8,10,2,30,0,0,0,0,0,0,11,138.13,0.109,0.30000000000000004,2.07,69.4,91.64,8,740,N/A
2017,8,10,3,30,0,0,0,0,0,0,11,124.65,0.109,0.30000000000000004,2.044,56.400000000000006,90.35000000000001,8,740,N/A
2017,8,10,4,30,0,0,0,0,0,0,11,110.62,0.109,0.30000000000000004,2.017,44.2,89.89,8,740,N/A
2017,8,10,5,30,0,0,0,0,0,0,11,96.34,0.109,0.2,1.995,31.200000000000003,89.59,8,740,N/A
2017,8,10,6,30,33,499,103,33,499,103,12,81.93,0.109,0.6000000000000001,1.992,36.7,83.06,10,740,N/A
2017,8,10,7,30,55,782,355,55,782,355,12,67.47,0.109,1.4000000000000001,2.021,94.7,76.37,13,740,N/A
2017,8,10,8,30,291,166,391,66,891,602,13,53.04,0.109,1.9000000000000001,2.067,101.5,72.97,14,740,N/A
2017,8,10,9,30,304,434,643,74,944,811,13,38.75,0.109,2,2.114,102,69.08,15,740,N/A
2017,8,10,10,30,435,90,516,98,944,954,13,24.93,0.109,2.1,2.1630000000000003,101.80000000000001,65.53,16,740,N/A
2017,8,10,11,30,469,92,559,99,960,1033,13,13.25,0.109,2.1,2.214,101.5,62.160000000000004,16,740,N/A
2017,8,10,12,30,481,186,664,97,961,1035,13,12.82,0.109,2.1,2.267,101.4,62.61,16,740,N/A
2017,8,10,13,30,313,21,332,96,944,957,13,24.25,0.109,2,2.32,102.4,66.79,16,740,N/A
2017,8,10,14,30,257,18,272,91,911,809,13,38.02,0.109,1.9000000000000001,2.36,104.60000000000001,71.66,15,740,N/A
2017,8,10,15,30,226,497,530,81,855,604,13,52.300000000000004,0.109,1.5,2.3810000000000002,106.7,77.11,14,740,N/A
2017,8,10,16,30,66,0,66,65,743,359,14,66.74,0.109,1,2.3810000000000002,108.7,78.3,13,740,N/A
2017,8,10,17,30,20,0,20,37,477,111,14,81.2,0.109,0.6000000000000001,2.38,110,85.8,12,740,N/A
2017,8,10,18,30,0,0,0,0,0,0,14,95.63,0.109,0.4,2.394,101.60000000000001,88.74,12,740,N/A
2017,8,10,19,30,0,0,0,0,0,0,13,109.94,0.109,0.4,2.4130000000000003,91,92.97,11,740,N/A
2017,8,10,20,30,0,0,0,0,0,0,13,124.01,0.109,0.4,2.431,79.80000000000001,92.67,11,740,N/A
2017,8,10,21,30,0,0,0,0,0,0,13,137.57,0.109,0.5,2.447,71.5,92.3,10,740,N/A
2017,8,10,22,30,0,0,0,0,0,0,13,149.89000000000001,0.109,0.5,2.456,71.60000000000001,97.47,10,740,N/A
2017,8,10,23,30,0,0,0,0,0,0,13,158.69,0.109,0.5,2.456,81,96.26,10,740,N/A
2017,8,11,0,30,0,0,0,0,0,0,13,158.96,0.109,0.6000000000000001,2.445,93.5,95.26,9,740,N/A
2017,8,11,1,30,0,0,0,0,0,0,13,150.44,0.109,0.5,2.4210000000000003,103,94.12,9,740,N/A
2017,8,11,2,30,0,0,0,0,0,0,12,138.22,0.109,0.4,2.384,107.4,98.95,9,740,N/A
2017,8,11,3,30,0,0,0,0,0,0,12,124.7,0.109,0.4,2.328,107.7,96.69,9,740,N/A
2017,8,11,4,30,0,0,0,0,0,0,12,110.64,0.109,0.4,2.249,99,94.19,8,740,N/A
2017,8,11,5,30,0,0,0,0,0,0,11,96.33,0.109,0.6000000000000001,2.16,90.7,91.5,8,740,N/A
2017,8,11,6,30,15,0,15,29,538,105,12,81.9,0.109,1,2.082,96.80000000000001,85.55,10,740,N/A
2017,8,11,7,30,87,0,87,49,809,359,13,67.42,0.109,1.5,2.029,106.2,80.15,13,740,N/A
2017,8,11,8,30,267,58,302,59,911,608,13,52.97,0.109,1.8,2.009,101.60000000000001,71.9,14,740,N/A
2017,8,11,9,30,269,20,284,65,963,817,13,38.65,0.109,2.2,2.019,102,67.38,15,740,N/A
2017,8,11,10,30,432,49,477,83,969,964,13,24.78,0.109,2.5,2.049,103.80000000000001,63.63,16,740,N/A
2017,8,11,11,30,541,173,710,84,984,1043,14,12.99,0.109,2.7,2.086,105.5,64.59,17,740,N/A
2017,8,11,12,30,528,103,628,82,987,1045,14,12.59,0.109,2.6,2.123,106.4,65.16,17,740,N/A
2017,8,11,13,30,489,248,716,91,957,964,14,24.16,0.109,2.5,2.152,106.2,65.45,16,740,N/A
2017,8,11,14,30,411,204,572,84,928,816,14,38,0.109,2.3000000000000003,2.17,104.9,69.44,16,740,N/A
2017,8,11,15,30,294,223,431,75,874,609,14,52.31,0.109,1.9000000000000001,2.186,103.60000000000001,74.8,15,740,N/A
2017,8,11,16,30,63,759,362,63,759,362,14,66.77,0.109,1.2000000000000002,2.197,103.60000000000001,79.34,14,740,N/A
2017,8,11,17,30,37,486,111,37,486,111,15,81.25,0.109,0.7000000000000001,2.195,107.5,88.12,12,740,N/A
2017,8,11,18,30,0,0,0,0,0,0,14,95.7,0.109,0.5,2.181,108.9,93.32000000000001,12,740,N/A
2017,8,11,19,30,0,0,0,0,0,0,14,110.04,0.109,0.6000000000000001,2.169,105.2,96.89,11,740,N/A
2017,8,11,20,30,0,0,0,0,0,0,14,124.13000000000001,0.109,0.5,2.157,99.7,95.4,11,740,N/A
2017,8,11,21,30,0,0,0,0,0,0,13,137.73,0.109,0.5,2.129,98.30000000000001,93.41,10,740,N/A
2017,8,11,22,30,0,0,0,0,0,0,13,150.11,0.109,0.4,2.101,97.4,96.37,10,740,N/A
2017,8,11,23,30,0,0,0,0,0,0,12,158.99,0.109,0.30000000000000004,2.078,93.4,92.81,10,740,N/A
2017,8,12,0,30,0,0,0,0,0,0,12,159.22,0.109,0.30000000000000004,2.049,82.60000000000001,95.53,9,740,N/A
2017,8,12,1,30,0,0,0,0,0,0,11,150.61,0.109,0.30000000000000004,2.004,67.2,92.9,9,740,N/A
2017,8,12,2,30,0,0,0,0,0,0,11,138.31,0.109,0.30000000000000004,1.952,50,90.24,8,740,N/A
2017,8,12,3,30,0,0,0,0,0,0,10,124.75,0.109,0.30000000000000004,1.921,38.300000000000004,87.35000000000001,8,740,N/A
2017,8,12,4,30,0,0,0,0,0,0,10,110.66,0.109,0.4,1.919,47.7,90.85000000000001,8,740,N/A
2017,8,12,5,30,0,0,0,0,0,0,10,96.33,0.109,0.5,1.927,62,89.81,8,740,N/A
2017,8,12,6,30,30,0,30,29,542,106,11,81.87,0.109,0.9,1.94,77,86.27,10,740,N/A
2017,8,12,7,30,165,114,209,49,810,361,12,67.38,0.109,1.5,1.97,99.80000000000001,75.58,12,740,N/A
2017,8,12,8,30,290,126,366,59,910,609,12,52.9,0.109,1.9000000000000001,2.013,101.7,67.07000000000001,14,740,N/A
2017,8,12,9,30,336,36,365,66,960,817,12,38.550000000000004,0.109,2.1,2.066,106.7,62.5,15,740,N/A
2017,8,12,10,30,338,23,360,80,972,964,12,24.63,0.109,2.4000000000000004,2.122,110.80000000000001,60.19,16,740,N/A
2017,8,12,11,30,428,33,461,85,981,1042,13,12.73,0.109,2.7,2.181,114.30000000000001,61.67,17,740,N/A
2017,8,12,12,30,540,138,675,88,976,1042,13,12.370000000000001,0.109,2.9000000000000004,2.239,116.80000000000001,62.67,17,740,N/A
2017,8,12,13,30,478,348,796,88,958,963,13,24.080000000000002,0.109,2.8000000000000003,2.286,118,66.82000000000001,16,740,N/A
2017,8,12,14,30,390,312,637,84,925,814,13,37.980000000000004,0.109,2.6,2.32,117.9,67.17,15,740,N/A
2017,8,12,15,30,272,346,483,75,870,607,13,52.32,0.109,2.2,2.342,115.9,71.96000000000001,14,740,N/A
2017,8,12,16,30,158,289,272,62,758,361,14,66.8,0.109,1.6,2.349,111.7,77.64,13,740,N/A
2017,8,12,17,30,52,199,82,37,483,109,14,81.31,0.109,1,2.342,107.10000000000001,84.52,12,740,N/A
2017,8,12,18,30,0,0,0,0,0,0,14,95.78,0.109,0.6000000000000001,2.324,100.60000000000001,91.37,11,740,N/A
2017,8,12,19,30,0,0,0,0,0,0,14,110.13,0.11,0.5,2.301,93.80000000000001,95.17,11,740,N/A
2017,8,12,20,30,0,0,0,0,0,0,13,124.26,0.11,0.4,2.269,89.9,98.68,10,740,N/A
2017,8,12,21,30,0,0,0,0,0,0,13,137.89000000000001,0.11,0.4,2.23,87.30000000000001,95.17,9,740,N/A
2017,8,12,22,30,0,0,0,0,0,0,12,150.33,0.11,0.30000000000000004,2.185,87.2,97.12,9,740,N/A
2017,8,12,23,30,0,0,0,0,0,0,12,159.28,0.11,0.30000000000000004,2.145,89.10000000000001,94,9,740,N/A
2017,8,13,0,30,0,0,0,0,0,0,11,159.49,0.11,0.30000000000000004,2.117,89,91.65,8,740,N/A
2017,8,13,1,30,0,0,0,0,0,0,11,150.77,0.11,0.4,2.098,82.9,95.87,8,740,N/A
2017,8,13,2,30,0,0,0,0,0,0,11,138.4,0.11,0.4,2.083,71.4,94.4,8,740,N/A
2017,8,13,3,30,0,0,0,0,0,0,10,124.79,0.11,0.4,2.065,70.8,92.97,7,740,N/A
2017,8,13,4,30,0,0,0,0,0,0,10,110.67,0.11,0.4,2.037,72.60000000000001,91.87,7,740,N/A
2017,8,13,5,30,0,0,0,0,0,0,10,96.32000000000001,0.11,0.5,1.999,73.9,90.62,8,740,N/A
2017,8,13,6,30,29,545,107,29,545,107,11,81.85000000000001,0.11,1,1.953,94,85.08,10,740,N/A
2017,8,13,7,30,49,814,362,49,814,362,12,67.33,0.11,1.7000000000000002,1.9100000000000001,103,73.94,12,740,N/A
2017,8,13,8,30,134,5,138,59,916,612,12,52.83,0.11,2.2,1.881,105.9,65.83,14,740,N/A
2017,8,13,9,30,387,312,632,66,967,823,12,38.45,0.11,2.7,1.865,108.10000000000001,63.01,16,740,N/A
2017,8,13,10,30,361,26,385,85,972,971,13,24.48,0.11,3,1.859,107.80000000000001,60.59,17,740,N/A
2017,8,13,11,30,258,19,277,86,988,1051,13,12.46,0.11,3.2,1.861,106.9,57.94,17,740,N/A
2017,8,13,12,30,84,991,1053,84,991,1053,13,12.15,0.11,3.3000000000000003,1.864,106.30000000000001,58.54,17,740,N/A
2017,8,13,13,30,491,247,716,91,965,973,13,24.01,0.11,3.2,1.854,106,58.54,17,740,N/A
2017,8,13,14,30,399,282,621,82,942,825,13,37.96,0.11,3,1.815,105.4,61.910000000000004,17,740,N/A
2017,8,13,15,30,296,203,420,71,895,618,13,52.34,0.11,2.7,1.7570000000000001,104.2,65.35,16,740,N/A
2017,8,13,16,30,57,796,370,57,796,370,13,66.84,0.11,2.2,1.691,102.2,69.81,15,740,N/A
2017,8,13,17,30,34,533,114,34,533,114,13,81.37,0.11,1.3,1.62,98.7,82.32000000000001,13,740,N/A
2017,8,13,18,30,0,0,0,0,0,0,13,95.85000000000001,0.11,0.9,1.549,92.5,93.3,11,740,N/A
2017,8,13,19,30,0,0,0,0,0,0,13,110.23,0.11,1,1.484,84.2,97.01,10,740,N/A
2017,8,13,20,30,0,0,0,0,0,0,13,124.38000000000001,0.11,1,1.42,82.10000000000001,94.05,9,740,N/A
2017,8,13,21,30,0,0,0,0,0,0,12,138.06,0.11,1,1.359,82.30000000000001,97.01,9,740,N/A
2017,8,13,22,30,0,0,0,0,0,0,12,150.56,0.11,1,1.312,86.5,94.55,9,740,N/A
2017,8,13,23,30,0,0,0,0,0,0,11,159.58,0.11,0.9,1.297,86.4,92.07000000000001,8,740,N/A
2017,8,14,0,30,0,0,0,0,0,0,11,159.76,0.11,0.8,1.314,83.30000000000001,95.66,8,740,N/A
2017,8,14,1,30,0,0,0,0,0,0,10,150.93,0.11,0.7000000000000001,1.342,79.7,93.33,7,740,N/A
2017,8,14,2,30,0,0,0,0,0,0,10,138.49,0.11,0.7000000000000001,1.361,73.60000000000001,97.18,7,740,N/A
2017,8,14,3,30,0,0,0,0,0,0,10,124.83,0.11,0.7000000000000001,1.36,73.3,95.15,7,740,N/A
2017,8,14,4,30,0,0,0,0,0,0,10,110.69,0.11,0.6000000000000001,1.34,74.3,94.28,7,740,N/A
2017,8,14,5,30,0,0,0,0,0,0,9,96.31,0.11,0.6000000000000001,1.316,68.7,87.31,7,740,N/A
2017,8,14,6,30,31,543,109,31,543,109,10,81.82000000000001,0.11,1,1.313,71.9,80.91,9,740,N/A
2017,8,14,7,30,53,815,368,53,815,368,11,67.28,0.11,1.5,1.345,84.7,68.57000000000001,12,740,N/A
2017,8,14,8,30,66,915,620,66,915,620,11,52.75,0.11,1.9000000000000001,1.399,99.5,61.120000000000005,14,740,N/A
2017,8,14,9,30,74,965,831,74,965,831,11,38.34,0.11,2.1,1.458,106.2,57.95,15,740,N/A
2017,8,14,10,30,83,986,982,83,986,982,11,24.32,0.11,2.5,1.512,108.7,56.21,16,740,N/A
2017,8,14,11,30,84,999,1061,84,999,1061,12,12.19,0.11,2.8000000000000003,1.566,108.7,54.08,17,740,N/A
2017,8,14,12,30,535,113,646,82,1000,1061,12,11.93,0.11,2.8000000000000003,1.621,107.4,54.92,18,740,N/A
2017,8,14,13,30,437,50,483,93,967,978,12,23.94,0.11,2.7,1.672,105.2,55.54,18,740,N/A
2017,8,14,14,30,357,45,393,88,935,826,12,37.94,0.11,2.4000000000000004,1.716,102.4,55.910000000000004,17,740,N/A
2017,8,14,15,30,265,50,296,79,877,615,12,52.35,0.11,2,1.7510000000000001,100.30000000000001,59.72,16,740,N/A
2017,8,14,16,30,65,760,364,65,760,364,13,66.88,0.11,1.5,1.776,99,64.9,15,740,N/A
2017,8,14,17,30,39,462,108,39,462,108,14,81.43,0.11,0.9,1.793,101.5,79.06,13,740,N/A
2017,8,14,18,30,0,0,0,0,0,0,14,95.94,0.11,0.6000000000000001,1.814,95.80000000000001,89.10000000000001,12,740,N/A
2017,8,14,19,30,0,0,0,0,0,0,13,110.33,0.11,0.5,1.848,90.2,87.81,11,740,N/A
2017,8,14,20,30,0,0,0,0,0,0,13,124.51,0.11,0.5,1.8980000000000001,91,92.36,11,740,N/A
2017,8,14,21,30,0,0,0,0,0,0,13,138.23,0.11,0.5,1.962,93.7,91.14,10,740,N/A
2017,8,14,22,30,0,0,0,0,0,0,13,150.79,0.11,0.5,2.031,97.7,90,10,740,N/A
2017,8,14,23,30,0,0,0,0,0,0,13,159.89000000000001,0.11,0.5,2.093,102.2,88.53,10,740,N/A
2017,8,15,0,30,0,0,0,0,0,0,12,160.03,0.11,0.5,2.144,106.60000000000001,93.05,10,740,N/A
2017,8,15,1,30,0,0,0,0,0,0,12,151.08,0.11,0.5,2.182,111.10000000000001,92.39,10,740,N/A
2017,8,15,2,30,0,0,0,0,0,0,12,138.57,0.11,0.5,2.205,115.30000000000001,92.34,10,740,N/A
2017,8,15,3,30,0,0,0,0,0,0,12,124.87,0.11,0.5,2.208,118.2,92.2,10,740,N/A
2017,8,15,4,30,0,0,0,0,0,0,12,110.7,0.11,0.4,2.186,118.30000000000001,92.15,10,740,N/A
2017,8,15,5,30,0,0,0,0,0,0,12,96.3,0.11,0.30000000000000004,2.144,108.5,91.14,10,740,N/A
2017,8,15,6,30,39,430,100,39,430,100,13,81.78,0.11,0.5,2.092,92.2,88.02,11,740,N/A
2017,8,15,7,30,167,162,230,67,740,353,13,67.22,0.11,1,2.04,104.10000000000001,79.63,12,740,N/A
2017,8,15,8,30,224,23,239,80,863,604,13,52.68,0.11,1.6,2.004,105.5,75.59,14,740,N/A
2017,8,15,9,30,346,41,379,88,926,816,13,38.24,0.11,2,1.999,108.5,70.74,15,740,N/A
2017,8,15,10,30,363,465,788,94,955,966,13,24.17,0.11,2.3000000000000003,2.033,110.7,67.21000000000001,16,740,N/A
2017,8,15,11,30,419,30,449,97,968,1044,13,11.92,0.11,2.3000000000000003,2.101,110.9,63.81,16,740,N/A
2017,8,15,12,30,449,38,486,98,965,1044,13,11.72,0.11,2.2,2.18,110,63.660000000000004,17,740,N/A
2017,8,15,13,30,419,41,457,106,934,960,13,23.87,0.11,2,2.255,109.5,67.25,16,740,N/A
2017,8,15,14,30,410,224,587,103,894,808,13,37.93,0.11,1.8,2.316,111.9,67.3,15,740,N/A
2017,8,15,15,30,297,191,414,94,824,598,13,52.370000000000005,0.11,1.6,2.355,114.9,72.59,14,740,N/A
2017,8,15,16,30,151,345,286,78,692,350,14,66.92,0.11,1.3,2.371,115.2,78.49,13,740,N/A
2017,8,15,17,30,52,207,83,43,392,102,14,81.49,0.11,0.9,2.36,113.30000000000001,87.95,12,740,N/A
2017,8,15,18,30,0,0,0,0,0,0,14,96.02,0.11,0.6000000000000001,2.309,111.5,92.54,12,740,N/A
2017,8,15,19,30,0,0,0,0,0,0,14,110.44,0.11,0.4,2.229,122.4,89.45,11,740,N/A
2017,8,15,20,30,0,0,0,0,0,0,13,124.65,0.11,0.30000000000000004,2.165,115.9,91.76,11,740,N/A
2017,8,15,21,30,0,0,0,0,0,0,13,138.4,0.11,0.4,2.1510000000000002,81.4,94.83,10,740,N/A
2017,8,15,22,30,0,0,0,0,0,0,12,151.02,0.11,0.5,2.179,77.5,92.87,9,740,N/A
2017,8,15,23,30,0,0,0,0,0,0,12,160.20000000000002,0.11,0.5,2.227,83.60000000000001,97,9,740,N/A
2017,8,16,0,30,0,0,0,0,0,0,12,160.31,0.11,0.4,2.273,81.80000000000001,95.46000000000001,9,740,N/A
2017,8,16,1,30,0,0,0,0,0,0,12,151.24,0.11,0.4,2.309,77.10000000000001,94.16,9,740,N/A
2017,8,16,2,30,0,0,0,0,0,0,11,138.65,0.11,0.4,2.341,70.7,93.41,9,740,N/A
2017,8,16,3,30,0,0,0,0,0,0,11,124.91,0.11,0.4,2.359,63.400000000000006,93.05,9,740,N/A
2017,8,16,4,30,0,0,0,0,0,0,11,110.71000000000001,0.11,0.30000000000000004,2.35,53.400000000000006,93.06,9,740,N/A
2017,8,16,5,30,0,0,0,0,0,0,11,96.28,0.11,0.30000000000000004,2.327,39.300000000000004,92.60000000000001,9,740,N/A
2017,8,16,6,30,42,349,92,36,461,102,12,81.75,0.11,0.7000000000000001,2.313,65.60000000000001,85.59,11,740,N/A
2017,8,16,7,30,62,750,354,62,750,354,13,67.17,0.11,1.3,2.318,103.5,80.39,12,740,N/A
2017,8,16,8,30,240,31,259,78,862,601,13,52.6,0.11,1.6,2.332,105.5,75.73,13,740,N/A
2017,8,16,9,30,407,230,589,87,919,811,13,38.14,0.11,1.6,2.344,105.60000000000001,69.87,14,740,N/A
2017,8,16,10,30,442,53,491,98,942,959,13,24.01,0.11,1.8,2.357,107.5,65.49,15,740,N/A
2017,8,16,11,30,100,957,1038,100,957,1038,13,11.64,0.11,1.9000000000000001,2.378,107.10000000000001,66.14,16,740,N/A
2017,8,16,12,30,388,25,414,98,961,1040,13,11.51,0.11,1.9000000000000001,2.4050000000000002,107.10000000000001,66.82000000000001,16,740,N/A
2017,8,16,13,30,118,912,952,118,912,952,13,23.81,0.11,1.9000000000000001,2.4290000000000003,106.60000000000001,67.51,15,740,N/A
2017,8,16,14,30,406,110,493,108,881,803,13,37.93,0.11,1.8,2.445,106.4,72.54,15,740,N/A
2017,8,16,15,30,279,315,471,94,822,596,14,52.4,0.11,1.6,2.45,104.9,73.3,14,740,N/A
2017,8,16,16,30,152,38,167,76,699,349,14,66.97,0.11,1.2000000000000002,2.441,99.2,79.7,13,740,N/A
2017,8,16,17,30,48,0,48,42,396,101,14,81.56,0.11,0.6000000000000001,2.4170000000000003,92.10000000000001,85.54,12,740,N/A
2017,8,16,18,30,0,0,0,0,0,0,14,96.10000000000001,0.11,0.4,2.382,73.3,93.34,11,740,N/A
2017,8,16,19,30,0,0,0,0,0,0,14,110.55,0.11,0.4,2.351,60.900000000000006,96.61,11,740,N/A
2017,8,16,20,30,0,0,0,0,0,0,14,124.78,0.11,0.4,2.325,64.7,94.42,10,740,N/A
2017,8,16,21,30,0,0,0,0,0,0,13,138.57,0.11,0.4,2.299,69.3,98.18,10,740,N/A
2017,8,16,22,30,0,0,0,0,0,0,13,151.25,0.11,0.4,2.275,69.10000000000001,95.48,10,740,N/A
2017,8,16,23,30,0,0,0,0,0,0,12,160.51,0.11,0.30000000000000004,2.25,63.800000000000004,92.87,9,740,N/A
2017,8,17,0,30,0,0,0,0,0,0,12,160.58,0.11,0.30000000000000004,2.224,57.6,90.69,9,740,N/A
2017,8,17,1,30,0,0,0,0,0,0,12,151.39000000000001,0.11,0.30000000000000004,2.202,53.2,94.92,9,740,N/A
2017,8,17,2,30,0,0,0,0,0,0,11,138.73,0.11,0.30000000000000004,2.183,51.2,92.95,9,740,N/A
2017,8,17,3,30,0,0,0,0,0,0,11,124.95,0.11,0.30000000000000004,2.157,50.7,91.04,9,740,N/A
2017,8,17,4,30,0,0,0,0,0,0,11,110.71000000000001,0.11,0.30000000000000004,2.12,47.400000000000006,89.06,9,740,N/A
2017,8,17,5,30,0,0,0,0,0,0,10,96.27,0.11,0.30000000000000004,2.085,46.5,87.15,9,740,N/A
2017,8,17,6,30,31,536,108,31,536,108,12,81.71000000000001,0.11,0.5,2.065,46.900000000000006,82.81,11,740,N/A
2017,8,17,7,30,50,808,365,50,808,365,13,67.12,0.11,0.9,2.066,86.7,80.58,13,740,N/A
2017,8,17,8,30,60,911,615,60,911,615,14,52.53,0.11,1.3,2.086,105.80000000000001,73.41,14,740,N/A
2017,8,17,9,30,174,13,185,66,963,825,14,38.03,0.11,1.8,2.104,113.2,68.66,15,740,N/A
2017,8,17,10,30,481,91,564,84,970,972,14,23.86,0.11,2.1,2.112,118.2,64.44,16,740,N/A
2017,8,17,11,30,85,985,1051,85,985,1051,14,11.370000000000001,0.11,2.2,2.126,121.30000000000001,64.87,17,740,N/A
2017,8,17,12,30,509,71,579,84,986,1052,14,11.3,0.11,2.2,2.1510000000000002,122.60000000000001,61.230000000000004,17,740,N/A
2017,8,17,13,30,93,956,969,93,956,969,14,23.75,0.11,2.1,2.181,121.60000000000001,65.11,17,740,N/A
2017,8,17,14,30,88,923,817,88,923,817,14,37.93,0.11,1.9000000000000001,2.205,119.2,69.25,16,740,N/A
2017,8,17,15,30,79,864,607,79,864,607,14,52.43,0.11,1.6,2.224,116.5,69.82000000000001,15,740,N/A
2017,8,17,16,30,64,750,357,64,750,357,14,67.02,0.11,1.2000000000000002,2.237,110.30000000000001,75.36,14,740,N/A
2017,8,17,17,30,36,469,105,36,469,105,15,81.62,0.11,0.8,2.241,103.2,89.26,13,740,N/A
2017,8,17,18,30,0,0,0,0,0,0,14,96.19,0.11,0.7000000000000001,2.233,95.4,92.38,12,740,N/A
2017,8,17,19,30,0,0,0,0,0,0,14,110.65,0.11,0.6000000000000001,2.204,90.5,91.72,11,740,N/A
2017,8,17,20,30,0,0,0,0,0,0,14,124.92,0.11,0.5,2.168,82.7,95.96000000000001,11,740,N/A
2017,8,17,21,30,0,0,0,0,0,0,13,138.75,0.11,0.4,2.1430000000000002,73.4,99.17,10,740,N/A
2017,8,17,22,30,0,0,0,0,0,0,13,151.49,0.11,0.30000000000000004,2.1350000000000002,71,95.66,10,740,N/A
2017,8,17,23,30,0,0,0,0,0,0,12,160.83,0.11,0.30000000000000004,2.137,72.2,92.03,9,740,N/A
2017,8,18,0,30,0,0,0,0,0,0,12,160.85,0.11,0.30000000000000004,2.1390000000000002,69.9,94.64,9,740,N/A
2017,8,18,1,30,0,0,0,0,0,0,11,151.55,0.11,0.30000000000000004,2.1470000000000002,61.800000000000004,91.96000000000001,9,740,N/A
2017,8,18,2,30,0,0,0,0,0,0,11,138.81,0.11,0.30000000000000004,2.158,52.2,90.54,9,740,N/A
2017,8,18,3,30,0,0,0,0,0,0,11,124.98,0.11,0.2,2.165,44.300000000000004,95.09,8,740,N/A
2017,8,18,4,30,0,0,0,0,0,0,10,110.72,0.11,0.1,2.165,38.900000000000006,92.29,8,740,N/A
2017,8,18,5,30,0,0,0,0,0,0,10,96.25,0.11,0.1,2.15,21.8,89.95,8,740,N/A
2017,8,18,6,30,49,214,80,31,530,108,10,81.67,0.11,0.2,2.13,116,81.06,9,740,N/A
2017,8,18,7,30,141,397,296,52,802,365,11,67.06,0.11,0.7000000000000001,2.126,81.9,73.81,11,740,N/A
2017,8,18,8,30,239,29,257,62,906,615,11,52.45,0.11,1.4000000000000001,2.144,81.7,66.02,14,740,N/A
2017,8,18,9,30,285,22,303,69,958,825,11,37.92,0.11,1.8,2.169,83.7,59.84,16,740,N/A
2017,8,18,10,30,486,277,741,73,984,975,12,23.7,0.11,1.9000000000000001,2.193,87.30000000000001,58.54,17,740,N/A
2017,8,18,11,30,174,15,189,76,995,1053,13,11.09,0.11,1.8,2.228,94.9,57.57,18,740,N/A
2017,8,18,12,30,350,22,372,78,992,1052,13,11.09,0.11,1.7000000000000002,2.2800000000000002,98.5,59.26,18,740,N/A
2017,8,18,13,30,346,24,368,104,936,962,13,23.7,0.11,1.4000000000000001,2.344,96.30000000000001,64.07000000000001,17,740,N/A
2017,8,18,14,30,332,33,358,102,893,807,14,37.93,0.11,1,2.4130000000000003,93,69.23,16,740,N/A
2017,8,18,15,30,200,15,210,94,823,596,14,52.46,0.11,0.6000000000000001,2.468,100.2,75.83,15,740,N/A
2017,8,18,16,30,161,261,263,79,684,346,15,67.07000000000001,0.11,0.30000000000000004,2.511,108.10000000000001,83.63,14,740,N/A
2017,8,18,17,30,53,147,74,44,371,97,15,81.7,0.11,0.2,2.5460000000000003,112.30000000000001,92.53,13,740,N/A
2017,8,18,18,30,0,0,0,0,0,0,15,96.28,0.11,0.2,2.567,114.2,93.51,12,740,N/A
2017,8,18,19,30,0,0,0,0,0,0,15,110.77,0.11,0.30000000000000004,2.572,119.4,98.41,12,740,N/A
2017,8,18,20,30,0,0,0,0,0,0,15,125.05,0.11,0.4,2.564,126.80000000000001,97.14,12,740,N/A
2017,8,18,21,30,0,0,0,0,0,0,15,138.92000000000002,0.11,0.5,2.555,128.1,95.55,11,740,N/A
2017,8,18,22,30,0,0,0,0,0,0,15,151.73,0.11,0.6000000000000001,2.544,123.9,100,11,740,N/A
2017,8,18,23,30,0,0,0,0,0,0,14,161.15,0.11,0.6000000000000001,2.5180000000000002,117.7,98.86,11,740,N/A
2017,8,19,0,30,0,0,0,0,0,0,14,161.13,0.11,0.5,2.481,117.2,96.71000000000001,10,740,N/A
2017,8,19,1,30,0,0,0,0,0,0,14,151.70000000000002,0.11,0.4,2.446,118.10000000000001,94.62,10,740,N/A
2017,8,19,2,30,0,0,0,0,0,0,13,138.88,0.11,0.30000000000000004,2.423,122.80000000000001,98.71000000000001,10,740,N/A
2017,8,19,3,30,0,0,0,0,0,0,13,125.01,0.11,0.2,2.4050000000000002,131.4,96.19,10,740,N/A
2017,8,19,4,30,0,0,0,0,0,0,13,110.72,0.11,0.1,2.373,130.1,94.67,9,740,N/A
2017,8,19,5,30,0,0,0,0,0,0,12,96.23,0.11,0.1,2.326,161,92.39,9,740,N/A
2017,8,19,6,30,52,102,67,31,526,108,13,81.63,0.11,0.4,2.283,167,89.68,11,740,N/A
2017,8,19,7,30,169,164,233,52,801,365,13,67,0.11,0.8,2.261,130.8,82,12,740,N/A
2017,8,19,8,30,290,255,446,62,905,614,13,52.370000000000005,0.11,1.3,2.269,123,76.86,14,740,N/A
2017,8,19,9,30,410,230,592,69,956,824,13,37.82,0.11,1.5,2.298,126.60000000000001,71.99,15,740,N/A
2017,8,19,10,30,501,149,638,74,980,974,14,23.54,0.11,1.6,2.337,132.70000000000002,68.68,16,740,N/A
2017,8,19,11,30,305,20,326,78,990,1051,14,10.82,0.11,1.7000000000000002,2.3850000000000002,139,65.24,16,740,N/A
2017,8,19,12,30,549,171,717,79,988,1049,14,10.89,0.11,1.8,2.441,144,70.08,16,740,N/A
2017,8,19,13,30,162,13,174,79,971,968,14,23.650000000000002,0.11,1.7000000000000002,2.499,149.6,75.39,15,740,N/A
2017,8,19,14,30,316,28,339,74,942,817,14,37.93,0.11,1.6,2.543,154.3,76.13,14,740,N/A
2017,8,19,15,30,278,69,321,65,890,607,14,52.49,0.11,1.4000000000000001,2.566,161.5,81.82000000000001,13,740,N/A
2017,8,19,16,30,165,99,203,56,775,357,15,67.13,0.11,1.1,2.575,165.3,88.78,13,740,N/A
2017,8,19,17,30,51,57,59,33,497,104,15,81.77,0.11,0.7000000000000001,2.574,159.60000000000002,96.59,12,740,N/A
2017,8,19,18,30,0,0,0,0,0,0,15,96.37,0.11,0.6000000000000001,2.566,148.6,97.43,12,740,N/A
2017,8,19,19,30,0,0,0,0,0,0,15,110.88,0.11,0.6000000000000001,2.556,142.20000000000002,96.68,11,740,N/A
2017,8,19,20,30,0,0,0,0,0,0,15,125.19,0.11,0.7000000000000001,2.5460000000000003,138.20000000000002,100,11,740,N/A
2017,8,19,21,30,0,0,0,0,0,0,14,139.1,0.11,0.8,2.533,133,99.14,11,740,N/A
2017,8,19,22,30,0,0,0,0,0,0,14,151.97,0.11,0.7000000000000001,2.515,127.60000000000001,96.41,10,740,N/A
2017,8,19,23,30,0,0,0,0,0,0,14,161.47,0.11,0.6000000000000001,2.481,116.5,100,10,740,N/A
2017,8,20,0,30,0,0,0,0,0,0,13,161.41,0.11,0.5,2.426,115.5,97.95,10,740,N/A
2017,8,20,1,30,0,0,0,0,0,0,13,151.84,0.11,0.30000000000000004,2.369,123.5,95.03,9,740,N/A
2017,8,20,2,30,0,0,0,0,0,0,12,138.96,0.11,0.1,2.33,143.1,92.72,9,740,N/A
2017,8,20,3,30,0,0,0,0,0,0,12,125.04,0.11,0,2.31,171.5,96.67,9,740,N/A
2017,8,20,4,30,0,0,0,0,0,0,12,110.72,0.11,0,2.293,286.3,95.12,9,740,N/A
2017,8,20,5,30,0,0,0,0,0,0,12,96.2,0.11,0,2.269,211,93.75,9,740,N/A
2017,8,20,6,30,52,97,67,31,533,109,12,81.59,0.11,0.30000000000000004,2.244,164,90.78,10,740,N/A
2017,8,20,7,30,132,452,309,52,803,366,13,66.94,0.11,0.9,2.23,133.1,82.52,12,740,N/A
2017,8,20,8,30,290,260,449,62,906,616,13,52.29,0.11,1.6,2.234,113.10000000000001,78.75,13,740,N/A
2017,8,20,9,30,416,171,552,69,957,826,12,37.71,0.11,2.1,2.25,108,71.44,14,740,N/A
2017,8,20,10,30,80,974,975,80,974,975,12,23.39,0.11,2.5,2.273,110.10000000000001,66.81,15,740,N/A
2017,8,20,11,30,514,322,831,81,988,1053,12,10.540000000000001,0.11,2.6,2.299,113.7,63.77,16,740,N/A
2017,8,20,12,30,81,988,1052,81,988,1052,13,10.700000000000001,0.11,2.7,2.323,117.2,65.06,16,740,N/A
2017,8,20,13,30,487,99,578,91,956,968,13,23.61,0.11,2.6,2.343,119.80000000000001,65.87,15,740,N/A
2017,8,20,14,30,364,386,668,84,929,816,13,37.94,0.11,2.6,2.359,119.9,70.8,15,740,N/A
2017,8,20,15,30,283,289,459,73,875,606,13,52.53,0.11,2.5,2.367,118.5,77.10000000000001,14,740,N/A
2017,8,20,16,30,167,143,222,59,766,356,14,67.18,0.11,2.1,2.36,115.7,82.64,13,740,N/A
2017,8,20,17,30,33,488,103,33,488,103,14,81.84,0.11,1.5,2.333,113.7,91.33,12,740,N/A
2017,8,20,18,30,0,0,0,0,0,0,14,96.47,0.11,1.1,2.286,109.30000000000001,96.64,11,740,N/A
2017,8,20,19,30,0,0,0,0,0,0,14,110.99000000000001,0.108,1,2.222,107.10000000000001,94.68,10,740,N/A
2017,8,20,20,30,0,0,0,0,0,0,13,125.34,0.108,1,2.142,106.4,98.64,10,740,N/A
2017,8,20,21,30,0,0,0,0,0,0,13,139.28,0.108,0.9,2.057,102.30000000000001,95.9,10,740,N/A
2017,8,20,22,30,0,0,0,0,0,0,12,152.21,0.108,0.8,1.969,99.4,93.2,9,740,N/A
2017,8,20,23,30,0,0,0,0,0,0,12,161.8,0.108,0.8,1.879,101.4,97.51,9,740,N/A
2017,8,21,0,30,0,0,0,0,0,0,12,161.68,0.108,0.8,1.799,104.60000000000001,95.34,8,740,N/A
2017,8,21,1,30,0,0,0,0,0,0,11,151.99,0.108,0.8,1.738,103,93.53,8,740,N/A
2017,8,21,2,30,0,0,0,0,0,0,11,139.02,0.108,0.8,1.696,101.2,98.31,8,740,N/A
2017,8,21,3,30,0,0,0,0,0,0,11,125.07000000000001,0.108,0.9,1.673,101.30000000000001,97.02,8,740,N/A
2017,8,21,4,30,0,0,0,0,0,0,11,110.71000000000001,0.108,0.8,1.663,100.30000000000001,95.84,8,740,N/A
2017,8,21,5,30,0,0,0,0,0,0,11,96.18,0.108,0.9,1.651,96.5,94.58,8,740,N/A
2017,8,21,6,30,24,0,24,29,576,114,12,81.55,0.108,1.3,1.6400000000000001,102.2,88.46000000000001,10,740,N/A
2017,8,21,7,30,65,0,65,47,837,375,12,66.88,0.108,1.9000000000000001,1.659,102.2,77.25,12,740,N/A
2017,8,21,8,30,275,60,311,56,933,628,12,52.21,0.108,2.3000000000000003,1.724,108.9,72.49,14,740,N/A
2017,8,21,9,30,311,26,332,61,981,838,12,37.6,0.108,2.8000000000000003,1.801,111.80000000000001,67.39,15,740,N/A
2017,8,21,10,30,476,79,549,70,998,988,12,23.240000000000002,0.108,3.2,1.855,113.60000000000001,63.45,16,740,N/A
2017,8,21,11,30,538,108,644,73,1009,1066,12,10.26,0.108,3.4000000000000004,1.8920000000000001,113.10000000000001,59.61,17,740,N/A
2017,8,21,12,30,441,35,476,73,1007,1064,12,10.51,0.108,3.3000000000000003,1.92,111.80000000000001,59.43,17,740,N/A
2017,8,21,13,30,210,17,226,71,995,983,12,23.580000000000002,0.108,3.2,1.932,110.2,58.47,16,740,N/A
2017,8,21,14,30,413,144,527,67,968,830,12,37.96,0.108,2.9000000000000004,1.928,108.60000000000001,61.1,16,740,N/A
2017,8,21,15,30,249,36,271,61,916,618,12,52.57,0.108,2.5,1.925,107,64.15,15,740,N/A
2017,8,21,16,30,51,808,364,51,808,364,12,67.25,0.108,2,1.939,105.10000000000001,69.34,13,740,N/A
2017,8,21,17,30,31,525,105,31,525,105,13,81.92,0.108,1.3,1.959,103.5,82.67,12,740,N/A
2017,8,21,18,30,0,0,0,0,0,0,12,96.56,0.108,1,1.984,102.2,92.74,10,740,N/A
2017,8,21,19,30,0,0,0,0,0,0,12,111.11,0.108,1,2.013,100.7,90.69,10,740,N/A
2017,8,21,20,30,0,0,0,0,0,0,12,125.48,0.108,1.1,2.045,101.7,89.54,9,740,N/A
2017,8,21,21,30,0,0,0,0,0,0,12,139.46,0.108,1.1,2.078,104.80000000000001,88.83,9,740,N/A
2017,8,21,22,30,0,0,0,0,0,0,12,152.45000000000002,0.108,1.1,2.102,109,93.82000000000001,9,740,N/A
2017,8,21,23,30,0,0,0,0,0,0,11,162.13,0.108,1.1,2.116,111.2,92.35000000000001,9,740,N/A
2017,8,22,0,30,0,0,0,0,0,0,11,161.96,0.108,1.1,2.111,110.5,90.83,8,740,N/A
2017,8,22,1,30,0,0,0,0,0,0,11,152.13,0.108,0.9,2.078,106.5,94.98,8,740,N/A
2017,8,22,2,30,0,0,0,0,0,0,10,139.09,0.108,0.6000000000000001,2.004,101.4,92.25,7,740,N/A
2017,8,22,3,30,0,0,0,0,0,0,10,125.09,0.108,0.4,1.9040000000000001,89.60000000000001,94.67,7,740,N/A
2017,8,22,4,30,0,0,0,0,0,0,9,110.71000000000001,0.108,0.30000000000000004,1.81,73.3,89.78,7,740,N/A
2017,8,22,5,30,0,0,0,0,0,0,8,96.15,0.108,0.4,1.745,68.2,84.98,7,740,N/A
2017,8,22,6,30,49,258,87,31,553,113,9,81.51,0.108,1,1.705,93.30000000000001,79.88,9,740,N/A
2017,8,22,7,30,137,15,143,51,821,374,9,66.82000000000001,0.108,2.1,1.683,107.7,66.38,12,740,N/A
2017,8,22,8,30,236,27,253,62,923,628,9,52.13,0.108,2.8000000000000003,1.684,109.30000000000001,58.31,14,740,N/A
2017,8,22,9,30,393,145,509,68,973,841,10,37.5,0.108,3.1,1.711,110.60000000000001,56.160000000000004,15,740,N/A
2017,8,22,10,30,433,306,715,83,983,988,10,23.080000000000002,0.108,3.2,1.7610000000000001,112.9,54.550000000000004,16,740,N/A
2017,8,22,11,30,393,450,836,84,996,1065,11,9.98,0.108,3.1,1.826,115,52.95,16,740,N/A
2017,8,22,12,30,545,129,672,84,994,1063,11,10.33,0.108,3,1.893,116.9,54.02,17,740,N/A
2017,8,22,13,30,500,217,699,93,962,976,11,23.55,0.108,2.7,1.949,118.7,54.45,16,740,N/A
2017,8,22,14,30,402,270,616,88,930,821,11,37.97,0.108,2.4000000000000004,1.989,120.5,57.910000000000004,16,740,N/A
2017,8,22,15,30,262,378,492,78,871,607,11,52.61,0.108,2.1,2.017,121.80000000000001,61.690000000000005,15,740,N/A
2017,8,22,16,30,72,711,347,63,754,354,11,67.31,0.108,1.7000000000000002,2.033,120.7,67.33,14,740,N/A
2017,8,22,17,30,36,454,99,36,454,99,12,82,0.108,1.2000000000000002,2.037,118.30000000000001,81.87,12,740,N/A
2017,8,22,18,30,0,0,0,0,0,0,12,96.66,0.108,0.8,2.037,113.9,87.60000000000001,10,740,N/A
2017,8,22,19,30,0,0,0,0,0,0,12,111.23,0.108,0.7000000000000001,2.037,112.30000000000001,91.34,10,740,N/A
2017,8,22,20,30,0,0,0,0,0,0,12,125.62,0.108,0.5,2.035,110.7,89.35000000000001,9,740,N/A
2017,8,22,21,30,0,0,0,0,0,0,11,139.65,0.108,0.4,2.031,107.5,92.28,9,740,N/A
2017,8,22,22,30,0,0,0,0,0,0,11,152.70000000000002,0.108,0.4,2.032,105.9,88.60000000000001,8,740,N/A
2017,8,22,23,30,0,0,0,0,0,0,10,162.46,0.108,0.4,2.043,95.2,90.38,8,740,N/A
2017,8,23,0,30,0,0,0,0,0,0,9,162.24,0.108,0.30000000000000004,2.064,83.5,86.74,8,740,N/A
2017,8,23,1,30,0,0,0,0,0,0,9,152.26,0.108,0.2,2.077,73.60000000000001,84.63,7,740,N/A
2017,8,23,2,30,0,0,0,0,0,0,9,139.15,0.108,0.2,2.075,59.300000000000004,84.60000000000001,7,740,N/A
2017,8,23,3,30,0,0,0,0,0,0,9,125.11,0.108,0.1,2.052,37.5,83.77,7,740,N/A
2017,8,23,4,30,0,0,0,0,0,0,8,110.7,0.108,0.1,2.013,15.700000000000001,81.75,7,740,N/A
2017,8,23,5,30,0,0,0,0,0,0,8,96.13,0.108,0.1,1.983,351.70000000000005,79.07000000000001,8,740,N/A
2017,8,23,6,30,33,517,110,33,517,110,9,81.46000000000001,0.108,0.4,1.971,339,75.76,10,740,N/A
2017,8,23,7,30,57,791,369,57,791,369,10,66.75,0.108,1.1,1.974,110.60000000000001,69.75,12,740,N/A
2017,8,23,8,30,299,204,425,69,897,621,11,52.050000000000004,0.108,1.7000000000000002,1.985,113.80000000000001,63.89,13,740,N/A
2017,8,23,9,30,78,950,833,78,950,833,11,37.39,0.108,2.1,1.999,117,61.53,14,740,N/A
2017,8,23,10,30,425,65,485,87,972,982,12,22.93,0.108,2.4000000000000004,2.009,120.80000000000001,60.68,15,740,N/A
2017,8,23,11,30,541,112,652,88,986,1061,12,9.700000000000001,0.108,2.6,2.017,122.5,59.14,16,740,N/A
2017,8,23,12,30,291,20,311,88,987,1059,12,10.16,0.108,2.7,2.025,121.7,60.22,17,740,N/A
2017,8,23,13,30,443,51,490,95,960,975,13,23.52,0.108,2.6,2.029,120.2,60.88,16,740,N/A
2017,8,23,14,30,377,60,424,87,930,821,13,38,0.108,2.5,2.032,119.30000000000001,64.99,16,740,N/A
2017,8,23,15,30,76,876,608,76,876,608,13,52.660000000000004,0.108,2.2,2.039,117.80000000000001,69.37,15,740,N/A
2017,8,23,16,30,63,757,354,63,757,354,13,67.38,0.108,1.6,2.056,116.10000000000001,75.41,14,740,N/A
2017,8,23,17,30,35,453,98,35,453,98,14,82.09,0.108,0.8,2.071,112.60000000000001,83.32000000000001,12,740,N/A
2017,8,23,18,30,0,0,0,0,0,0,14,96.76,0.108,0.4,2.078,98.30000000000001,88.2,11,740,N/A
2017,8,23,19,30,0,0,0,0,0,0,13,111.35000000000001,0.108,0.30000000000000004,2.08,89.60000000000001,92.2,11,740,N/A
2017,8,23,20,30,0,0,0,0,0,0,13,125.77,0.108,0.30000000000000004,2.077,85.9,96.9,10,740,N/A
2017,8,23,21,30,0,0,0,0,0,0,13,139.83,0.108,0.30000000000000004,2.073,85.30000000000001,93.86,10,740,N/A
2017,8,23,22,30,0,0,0,0,0,0,12,152.95000000000002,0.108,0.4,2.077,81.2,91.02,9,740,N/A
2017,8,23,23,30,0,0,0,0,0,0,12,162.8,0.108,0.4,2.086,69.7,94.15,9,740,N/A
2017,8,24,0,30,0,0,0,0,0,0,11,162.51,0.108,0.30000000000000004,2.097,53.2,91.28,9,740,N/A
2017,8,24,1,30,0,0,0,0,0,0,11,152.4,0.108,0.30000000000000004,2.104,41.300000000000004,88.26,8,740,N/A
2017,8,24,2,30,0,0,0,0,0,0,10,139.21,0.108,0.30000000000000004,2.101,35.300000000000004,91.61,8,740,N/A
2017,8,24,3,30,0,0,0,0,0,0,10,125.13000000000001,0.108,0.30000000000000004,2.09,37,88.95,8,740,N/A
2017,8,24,4,30,0,0,0,0,0,0,9,110.69,0.108,0.30000000000000004,2.077,36.300000000000004,86.58,7,740,N/A
2017,8,24,5,30,0,0,0,0,0,0,9,96.10000000000001,0.108,0.30000000000000004,2.065,38.1,84.71000000000001,8,740,N/A
2017,8,24,6,30,26,0,26,33,521,111,10,81.41,0.108,0.6000000000000001,2.067,62.7,81.31,10,740,N/A
2017,8,24,7,30,138,14,144,55,795,370,12,66.69,0.108,1.3,2.094,103.10000000000001,73.02,12,740,N/A
2017,8,24,8,30,193,14,202,67,899,621,12,51.96,0.108,1.8,2.14,102.10000000000001,69.89,14,740,N/A
2017,8,24,9,30,318,28,341,76,950,832,12,37.28,0.108,2.2,2.191,102.60000000000001,65.92,15,740,N/A
2017,8,24,10,30,501,234,717,103,944,974,12,22.78,0.108,2.5,2.228,106.7,63.36,16,740,N/A
2017,8,24,11,30,550,141,690,109,954,1050,13,9.42,0.108,2.6,2.249,110.30000000000001,64.16,16,740,N/A
2017,8,24,12,30,107,955,1049,107,955,1049,13,10,0.108,2.6,2.2640000000000002,112,64.85,16,740,N/A
2017,8,24,13,30,131,900,956,131,900,956,13,23.5,0.108,2.5,2.281,112.4,65.83,16,740,N/A
2017,8,24,14,30,378,61,427,122,862,801,13,38.02,0.108,2.4000000000000004,2.302,112.7,70.93,15,740,N/A
2017,8,24,15,30,259,45,286,107,793,588,13,52.71,0.108,2.2,2.32,112.5,76.14,14,740,N/A
2017,8,24,16,30,144,26,154,85,659,338,14,67.45,0.108,1.7000000000000002,2.322,111,82.77,13,740,N/A
2017,8,24,17,30,41,0,41,44,337,90,14,82.17,0.108,0.9,2.303,109.7,90.13,12,740,N/A
2017,8,24,18,30,0,0,0,0,0,0,14,96.86,0.108,0.5,2.269,104.80000000000001,95.92,11,740,N/A
2017,8,24,19,30,0,0,0,0,0,0,13,111.47,0.108,0.5,2.229,100.30000000000001,99.29,10,740,N/A
2017,8,24,20,30,0,0,0,0,0,0,13,125.92,0.108,0.5,2.186,93.30000000000001,96.3,9,740,N/A
2017,8,24,21,30,0,0,0,0,0,0,12,140.01,0.108,0.5,2.154,86.5,99.36,9,740,N/A
2017,8,24,22,30,0,0,0,0,0,0,12,153.19,0.108,0.5,2.136,83.4,95.91,9,740,N/A
2017,8,24,23,30,0,0,0,0,0,0,11,163.14000000000001,0.108,0.5,2.121,85.80000000000001,93.19,8,740,N/A
2017,8,25,0,30,0,0,0,0,0,0,11,162.79,0.108,0.5,2.104,84.80000000000001,91.54,8,740,N/A
2017,8,25,1,30,0,0,0,0,0,0,11,152.53,0.108,0.5,2.094,84.80000000000001,90.24,8,740,N/A
2017,8,25,2,30,0,0,0,0,0,0,11,139.27,0.108,0.5,2.101,87.60000000000001,95.35000000000001,8,740,N/A
2017,8,25,3,30,0,0,0,0,0,0,11,125.14,0.108,0.5,2.116,86.7,94.39,8,740,N/A
2017,8,25,4,30,0,0,0,0,0,0,11,110.68,0.108,0.5,2.13,83.10000000000001,94.26,8,740,N/A
2017,8,25,5,30,0,0,0,0,0,0,11,96.06,0.108,0.7000000000000001,2.1350000000000002,81.2,94.19,8,740,N/A
2017,8,25,6,30,37,479,109,37,479,109,12,81.36,0.108,1.2000000000000002,2.1310000000000002,96.5,88.34,10,740,N/A
2017,8,25,7,30,162,53,183,62,769,367,12,66.63,0.108,1.7000000000000002,2.1270000000000002,105.4,77.26,12,740,N/A
2017,8,25,8,30,74,883,620,74,883,620,12,51.88,0.108,2,2.13,107.30000000000001,71.28,14,740,N/A
2017,8,25,9,30,219,16,232,83,939,832,12,37.17,0.108,2.3000000000000003,2.144,108.9,65.41,15,740,N/A
2017,8,25,10,30,259,19,277,94,960,980,12,22.63,0.108,2.5,2.158,110.5,61.980000000000004,16,740,N/A
2017,8,25,11,30,337,21,358,96,974,1058,12,9.15,0.108,2.6,2.162,111.10000000000001,62.15,16,740,N/A
2017,8,25,12,30,393,26,418,95,976,1057,12,9.84,0.108,2.7,2.157,110.2,62.28,16,740,N/A
2017,8,25,13,30,210,17,226,110,934,967,12,23.490000000000002,0.108,2.7,2.1470000000000002,108.5,62.33,16,740,N/A
2017,8,25,14,30,359,46,396,102,903,813,12,38.050000000000004,0.108,2.6,2.129,106.5,62.54,15,740,N/A
2017,8,25,15,30,87,848,600,87,848,600,12,52.77,0.108,2.4000000000000004,2.105,104,66.65,14,740,N/A
2017,8,25,16,30,67,736,348,67,736,348,12,67.52,0.108,1.8,2.078,99,72.22,13,740,N/A
2017,8,25,17,30,36,433,94,36,433,94,13,82.26,0.108,1,2.057,92.4,85.66,12,740,N/A
2017,8,25,18,30,0,0,0,0,0,0,13,96.97,0.108,0.7000000000000001,2.043,79.60000000000001,89.34,11,740,N/A
2017,8,25,19,30,0,0,0,0,0,0,12,111.60000000000001,0.108,0.7000000000000001,2.041,67.4,93.28,10,740,N/A
2017,8,25,20,30,0,0,0,0,0,0,12,126.07000000000001,0.108,0.6000000000000001,2.05,62.7,91.35000000000001,9,740,N/A
2017,8,25,21,30,0,0,0,0,0,0,12,140.20000000000002,0.108,0.5,2.056,62,95.28,9,740,N/A
2017,8,25,22,30,0,0,0,0,0,0,11,153.44,0.108,0.4,2.057,64.10000000000001,92.8,9,740,N/A
2017,8,25,23,30,0,0,0,0,0,0,11,163.48,0.108,0.4,2.051,70.10000000000001,90.65,8,740,N/A
2017,8,26,0,30,0,0,0,0,0,0,11,163.06,0.108,0.4,2.037,71.9,89.27,8,740,N/A
2017,8,26,1,30,0,0,0,0,0,0,11,152.66,0.108,0.4,2.021,68.8,94.36,8,740,N/A
2017,8,26,2,30,0,0,0,0,0,0,10,139.32,0.108,0.4,1.999,63.400000000000006,93.43,8,740,N/A
2017,8,26,3,30,0,0,0,0,0,0,10,125.16,0.108,0.4,1.977,57.800000000000004,91.69,8,740,N/A
2017,8,26,4,30,0,0,0,0,0,0,10,110.67,0.108,0.4,1.96,48.7,89.32000000000001,7,740,N/A
2017,8,26,5,30,0,0,0,0,0,0,9,96.03,0.108,0.30000000000000004,1.947,41.400000000000006,86.84,8,740,N/A
2017,8,26,6,30,32,542,114,32,542,114,10,81.31,0.108,0.5,1.936,51.300000000000004,80.64,10,740,N/A
2017,8,26,7,30,54,809,376,54,809,376,10,66.56,0.108,1,1.936,95.80000000000001,66.97,13,740,N/A
2017,8,26,8,30,66,909,628,66,909,628,10,51.800000000000004,0.108,1.4000000000000001,1.958,110.80000000000001,59.64,15,740,N/A
2017,8,26,9,30,75,958,839,75,958,839,11,37.07,0.108,1.7000000000000002,1.991,117.7,57.7,16,740,N/A
2017,8,26,10,30,495,104,592,88,972,987,11,22.490000000000002,0.108,1.9000000000000001,2.021,118.60000000000001,56.31,17,740,N/A
2017,8,26,11,30,532,91,622,90,986,1064,12,8.88,0.108,2.1,2.053,119.10000000000001,54.5,17,740,N/A
2017,8,26,12,30,544,118,661,91,984,1060,12,9.700000000000001,0.108,2.2,2.09,119.9,55.57,17,740,N/A
2017,8,26,13,30,101,950,972,101,950,972,12,23.48,0.108,2.1,2.129,119.80000000000001,59.76,17,740,N/A
2017,8,26,14,30,347,40,379,96,914,815,12,38.09,0.108,2,2.162,119.10000000000001,64.06,16,740,N/A
2017,8,26,15,30,85,852,600,85,852,600,13,52.82,0.108,1.7000000000000002,2.184,118.30000000000001,68.89,15,740,N/A
2017,8,26,16,30,69,723,345,69,723,345,13,67.59,0.108,1.2000000000000002,2.189,116.60000000000001,75.27,14,740,N/A
2017,8,26,17,30,38,400,91,38,400,91,14,82.35000000000001,0.108,0.8,2.179,114.10000000000001,83.06,13,740,N/A
2017,8,26,18,30,0,0,0,0,0,0,14,97.07000000000001,0.108,0.6000000000000001,2.168,110.80000000000001,89.49,12,740,N/A
2017,8,26,19,30,0,0,0,0,0,0,14,111.72,0.108,0.7000000000000001,2.162,109.9,95.27,11,740,N/A
2017,8,26,20,30,0,0,0,0,0,0,14,126.22,0.108,0.7000000000000001,2.1550000000000002,111.80000000000001,94.55,11,740,N/A
2017,8,26,21,30,0,0,0,0,0,0,13,140.39000000000001,0.108,0.7000000000000001,2.137,109.60000000000001,93.61,10,740,N/A
2017,8,26,22,30,0,0,0,0,0,0,13,153.69,0.108,0.6000000000000001,2.101,107.5,98.2,10,740,N/A
2017,8,26,23,30,0,0,0,0,0,0,13,163.83,0.108,0.5,2.051,103.9,95.97,10,740,N/A
2017,8,27,0,30,0,0,0,0,0,0,12,163.33,0.108,0.4,2.005,101.10000000000001,93.28,9,740,N/A
2017,8,27,1,30,0,0,0,0,0,0,12,152.78,0.108,0.30000000000000004,1.971,100.10000000000001,96.66,9,740,N/A
2017,8,27,2,30,0,0,0,0,0,0,12,139.37,0.108,0.2,1.948,99.80000000000001,94.4,9,740,N/A
2017,8,27,3,30,0,0,0,0,0,0,11,125.17,0.108,0.30000000000000004,1.938,277.6,92.62,8,740,N/A
2017,8,27,4,30,0,0,0,0,0,0,11,110.65,0.108,0.5,1.944,283.1,89.85000000000001,8,740,N/A
2017,8,27,5,30,0,0,0,0,0,0,10,95.99000000000001,0.108,0.4,1.955,288.2,87.60000000000001,8,740,N/A
2017,8,27,6,30,37,490,112,37,490,112,11,81.26,0.108,0.4,1.964,300.1,79.69,10,740,N/A
2017,8,27,7,30,62,778,372,62,778,372,12,66.49,0.108,0.8,1.975,99.10000000000001,77.72,12,740,N/A
2017,8,27,8,30,74,891,626,74,891,626,12,51.71,0.108,1.6,1.996,110.5,75.51,13,740,N/A
2017,8,27,9,30,414,250,615,81,949,839,12,36.96,0.108,2,2.013,110.2,69.25,14,740,N/A
2017,8,27,10,30,430,42,470,89,972,989,12,22.34,0.108,2.2,2.017,110.5,60.26,15,740,N/A
2017,8,27,11,30,495,132,626,88,989,1067,12,8.61,0.108,2.3000000000000003,2.035,110.60000000000001,57.75,16,740,N/A
2017,8,27,12,30,254,19,273,87,989,1063,12,9.56,0.108,2.2,2.073,110.9,58.910000000000004,17,740,N/A
2017,8,27,13,30,260,19,278,90,966,977,12,23.48,0.108,2,2.11,112.7,59.99,17,740,N/A
2017,8,27,14,30,85,933,820,85,933,820,13,38.13,0.108,1.9000000000000001,2.141,114,64.47,16,740,N/A
2017,8,27,15,30,294,194,411,76,873,603,13,52.88,0.108,1.7000000000000002,2.18,113.5,69.5,15,740,N/A
2017,8,27,16,30,150,43,167,64,745,347,13,67.67,0.108,1.1,2.224,111.4,76.33,14,740,N/A
2017,8,27,17,30,43,1,44,36,420,91,14,82.44,0.108,0.5,2.245,108.80000000000001,83.98,13,740,N/A
2017,8,27,18,30,0,0,0,0,0,0,13,97.18,0.108,0.4,2.244,94.60000000000001,86.95,11,740,N/A
2017,8,27,19,30,0,0,0,0,0,0,13,111.85000000000001,0.108,0.4,2.234,82.4,91.33,11,740,N/A
2017,8,27,20,30,0,0,0,0,0,0,13,126.37,0.108,0.4,2.224,79.5,90.31,10,740,N/A
2017,8,27,21,30,0,0,0,0,0,0,12,140.57,0.108,0.4,2.227,80.80000000000001,93.57000000000001,10,740,N/A
2017,8,27,22,30,0,0,0,0,0,0,12,153.94,0.108,0.30000000000000004,2.243,74.9,91.27,10,740,N/A
2017,8,27,23,30,0,0,0,0,0,0,12,164.18,0.108,0.2,2.253,49,89.32000000000001,10,740,N/A
2017,8,28,0,30,0,0,0,0,0,0,12,163.6,0.108,0.2,2.247,8.8,87.81,9,740,N/A
2017,8,28,1,30,0,0,0,0,0,0,11,152.9,0.108,0.2,2.23,350.20000000000005,85.91,9,740,N/A
2017,8,28,2,30,0,0,0,0,0,0,11,139.42000000000002,0.108,0.30000000000000004,2.207,342,83.14,9,740,N/A
2017,8,28,3,30,0,0,0,0,0,0,10,125.17,0.108,0.2,2.181,349,85.4,9,740,N/A
2017,8,28,4,30,0,0,0,0,0,0,10,110.63,0.108,0.2,2.1590000000000003,27.900000000000002,83.98,9,740,N/A
2017,8,28,5,30,0,0,0,0,0,0,10,95.96000000000001,0.108,0.30000000000000004,2.141,70.3,83.19,9,740,N/A
2017,8,28,6,30,37,496,112,37,496,112,11,81.21000000000001,0.108,0.7000000000000001,2.133,93.10000000000001,78.68,10,740,N/A
2017,8,28,7,30,61,778,372,61,778,372,12,66.43,0.108,1.2000000000000002,2.138,112.10000000000001,79.39,12,740,N/A
2017,8,28,8,30,149,7,153,73,889,625,12,51.63,0.108,1.7000000000000002,2.1550000000000002,112.30000000000001,72,14,740,N/A
2017,8,28,9,30,422,152,544,80,946,837,12,36.86,0.108,2,2.178,113.9,67.85,15,740,N/A
2017,8,28,10,30,275,19,293,88,971,987,13,22.2,0.108,2.3000000000000003,2.194,116,64.61,16,740,N/A
2017,8,28,11,30,554,148,701,89,985,1064,13,8.34,0.108,2.4000000000000004,2.199,117.9,61.160000000000004,16,740,N/A
2017,8,28,12,30,553,195,746,86,988,1061,13,9.44,0.108,2.3000000000000003,2.203,119.30000000000001,61.79,16,740,N/A
2017,8,28,13,30,247,18,264,87,970,976,13,23.490000000000002,0.108,2.2,2.208,120.5,66.56,16,740,N/A
2017,8,28,14,30,363,49,402,82,937,819,13,38.17,0.108,2,2.208,120.4,67.07000000000001,15,740,N/A
2017,8,28,15,30,212,484,503,74,879,603,13,52.95,0.108,1.7000000000000002,2.203,119.7,71.94,14,740,N/A
2017,8,28,16,30,60,760,348,60,760,348,14,67.75,0.108,1.3,2.192,118.80000000000001,77.55,13,740,N/A
2017,8,28,17,30,33,454,92,33,454,92,14,82.54,0.108,0.8,2.177,116.80000000000001,91.26,12,740,N/A
2017,8,28,18,30,0,0,0,0,0,0,14,97.29,0.108,0.5,2.16,106.10000000000001,95.59,11,740,N/A
2017,8,28,19,30,0,0,0,0,0,0,14,111.97,0.107,0.5,2.146,97.5,93.91,10,740,N/A
2017,8,28,20,30,0,0,0,0,0,0,13,126.52,0.107,0.5,2.132,95.80000000000001,98.09,10,740,N/A
2017,8,28,21,30,0,0,0,0,0,0,13,140.76,0.107,0.5,2.118,93.30000000000001,95.54,9,740,N/A
2017,8,28,22,30,0,0,0,0,0,0,12,154.19,0.107,0.4,2.105,87.60000000000001,98.81,9,740,N/A
2017,8,28,23,30,0,0,0,0,0,0,12,164.53,0.107,0.30000000000000004,2.085,79.4,95.52,8,740,N/A
2017,8,29,0,30,0,0,0,0,0,0,11,163.87,0.107,0.2,2.057,68.8,98.76,8,740,N/A
2017,8,29,1,30,0,0,0,0,0,0,11,153.02,0.107,0.2,2.024,64.60000000000001,95.79,8,740,N/A
2017,8,29,2,30,0,0,0,0,0,0,10,139.46,0.107,0.2,1.997,60.1,92.88,7,740,N/A
2017,8,29,3,30,0,0,0,0,0,0,10,125.18,0.107,0.2,1.992,12.9,89.9,7,740,N/A
2017,8,29,4,30,0,0,0,0,0,0,10,110.61,0.107,0.30000000000000004,2.019,356.3,87.57000000000001,7,740,N/A
2017,8,29,5,30,0,0,0,0,0,0,9,95.92,0.107,0.4,2.064,17.6,85.87,8,740,N/A
2017,8,29,6,30,56,119,74,33,536,116,11,81.16,0.107,0.9,2.111,82.9,82.39,10,740,N/A
2017,8,29,7,30,134,10,138,56,798,376,12,66.36,0.107,1.5,2.152,107.10000000000001,79.45,12,740,N/A
2017,8,29,8,30,267,45,295,69,900,628,12,51.550000000000004,0.107,2,2.187,107.80000000000001,72.51,13,740,N/A
2017,8,29,9,30,368,47,406,78,950,839,13,36.76,0.107,2.5,2.223,105.9,69.2,14,740,N/A
2017,8,29,10,30,349,23,371,101,950,982,13,22.06,0.107,2.8000000000000003,2.2680000000000002,106.5,70.22,15,740,N/A
2017,8,29,11,30,496,55,551,105,960,1057,13,8.08,0.107,3,2.325,107.10000000000001,66.66,15,740,N/A
2017,8,29,12,30,416,29,445,107,956,1051,13,9.33,0.107,3.1,2.3890000000000002,106.80000000000001,71.67,15,740,N/A
2017,8,29,13,30,488,97,577,100,944,967,13,23.5,0.107,3,2.445,106.9,72.57000000000001,14,740,N/A
2017,8,29,14,30,363,393,672,93,912,810,14,38.22,0.107,2.8000000000000003,2.484,109.9,77.97,13,740,N/A
2017,8,29,15,30,178,11,186,80,855,595,14,53.02,0.107,2.4000000000000004,2.499,116.60000000000001,83.88,13,740,N/A
2017,8,29,16,30,162,136,213,63,738,342,14,67.83,0.107,1.9000000000000001,2.485,122.60000000000001,89.77,12,740,N/A
2017,8,29,17,30,33,434,89,33,434,89,14,82.63,0.107,1.4000000000000001,2.442,126.7,96.74000000000001,11,740,N/A
2017,8,29,18,30,0,0,0,0,0,0,14,97.4,0.107,1.1,2.375,131.6,95.97,11,740,N/A
2017,8,29,19,30,0,0,0,0,0,0,13,112.10000000000001,0.107,0.9,2.299,134.8,99.44,10,740,N/A
2017,8,29,20,30,0,0,0,0,0,0,13,126.67,0.107,0.6000000000000001,2.228,135.70000000000002,95.98,9,740,N/A
2017,8,29,21,30,0,0,0,0,0,0,12,140.95000000000002,0.107,0.4,2.168,129.1,98.56,9,740,N/A
2017,8,29,22,30,0,0,0,0,0,0,12,154.44,0.107,0.30000000000000004,2.105,115.60000000000001,95.08,9,740,N/A
2017,8,29,23,30,0,0,0,0,0,0,11,164.88,0.107,0.2,2.027,112,91.36,8,740,N/A
2017,8,30,0,30,0,0,0,0,0,0,11,164.14000000000001,0.107,0.2,1.941,114.4,94.06,8,740,N/A
2017,8,30,1,30,0,0,0,0,0,0,10,153.13,0.107,0.2,1.871,111,91.25,8,740,N/A
2017,8,30,2,30,0,0,0,0,0,0,10,139.5,0.107,0.2,1.844,105.10000000000001,88.92,7,740,N/A
2017,8,30,3,30,0,0,0,0,0,0,9,125.18,0.107,0.30000000000000004,1.859,99.2,93.24,7,740,N/A
2017,8,30,4,30,0,0,0,0,0,0,9,110.59,0.107,0.30000000000000004,1.887,102.2,91.35000000000001,7,740,N/A
2017,8,30,5,30,0,0,0,0,0,0,9,95.88,0.107,0.30000000000000004,1.9160000000000001,101.5,84.05,7,740,N/A
2017,8,30,6,30,24,0,24,29,589,121,10,81.10000000000001,0.107,0.7000000000000001,1.948,110.9,80.64,9,740,N/A
2017,8,30,7,30,94,0,94,48,835,383,11,66.29,0.107,1.4000000000000001,1.998,110.30000000000001,72.14,12,740,N/A
2017,8,30,8,30,261,39,286,58,928,636,12,51.46,0.107,1.9000000000000001,2.065,110,68.88,14,740,N/A
2017,8,30,9,30,394,68,449,65,974,846,12,36.65,0.107,2.4000000000000004,2.1270000000000002,115,64.69,15,740,N/A
2017,8,30,10,30,511,162,663,71,996,995,12,21.92,0.107,2.7,2.1590000000000003,117.60000000000001,61.68,16,740,N/A
2017,8,30,11,30,555,247,801,73,1007,1071,12,7.82,0.107,2.8000000000000003,2.166,118.4,62.440000000000005,16,740,N/A
2017,8,30,12,30,520,323,839,72,1007,1067,12,9.24,0.107,2.9000000000000004,2.165,118.9,59.5,16,740,N/A
2017,8,30,13,30,485,92,570,72,992,982,12,23.52,0.107,2.8000000000000003,2.165,119,59.99,16,740,N/A
2017,8,30,14,30,363,392,670,68,963,824,13,38.27,0.107,2.6,2.168,118.7,64.23,16,740,N/A
2017,8,30,15,30,61,910,608,61,910,608,13,53.09,0.107,2.3000000000000003,2.166,118.2,69,15,740,N/A
2017,8,30,16,30,101,0,101,50,799,351,13,67.92,0.107,1.7000000000000002,2.152,115.80000000000001,75.48,14,740,N/A
2017,8,30,17,30,26,0,26,28,503,92,14,82.73,0.107,1.1,2.1270000000000002,112.9,89.71000000000001,12,740,N/A
2017,8,30,18,30,0,0,0,0,0,0,14,97.52,0.107,0.8,2.101,103.60000000000001,94.29,11,740,N/A
2017,8,30,19,30,0,0,0,0,0,0,13,112.23,0.107,0.8,2.078,97.60000000000001,98.4,10,740,N/A
2017,8,30,20,30,0,0,0,0,0,0,13,126.82000000000001,0.107,0.7000000000000001,2.061,97.10000000000001,95.89,9,740,N/A
2017,8,30,21,30,0,0,0,0,0,0,12,141.13,0.107,0.7000000000000001,2.043,100.4,99.3,9,740,N/A
2017,8,30,22,30,0,0,0,0,0,0,12,154.69,0.107,0.7000000000000001,2.017,107,96.27,9,740,N/A
2017,8,30,23,30,0,0,0,0,0,0,12,165.24,0.107,0.7000000000000001,1.981,113.80000000000001,93.69,8,740,N/A
2017,8,31,0,30,0,0,0,0,0,0,11,164.4,0.107,0.7000000000000001,1.937,123.5,91.63,8,740,N/A
2017,8,31,1,30,0,0,0,0,0,0,11,153.24,0.107,0.6000000000000001,1.8900000000000001,130.8,95.68,8,740,N/A
2017,8,31,2,30,0,0,0,0,0,0,10,139.54,0.107,0.6000000000000001,1.846,136.4,93.04,8,740,N/A
2017,8,31,3,30,0,0,0,0,0,0,10,125.18,0.107,0.5,1.826,136.5,90.9,7,740,N/A
2017,8,31,4,30,0,0,0,0,0,0,10,110.57000000000001,0.107,0.4,1.839,133.70000000000002,95.35000000000001,7,740,N/A
2017,8,31,5,30,0,0,0,0,0,0,9,95.84,0.107,0.4,1.867,123.4,87.43,7,740,N/A
2017,8,31,6,30,31,571,120,31,571,120,11,81.05,0.107,0.9,1.901,120.2,82.98,9,740,N/A
2017,8,31,7,30,52,823,384,52,823,384,12,66.22,0.107,1.7000000000000002,1.935,129.3,72.57000000000001,12,740,N/A
2017,8,31,8,30,308,159,407,64,918,637,12,51.38,0.107,2.2,1.959,128.3,68.56,14,740,N/A
2017,8,31,9,30,332,31,357,73,966,849,12,36.550000000000004,0.107,2.7,1.965,127.7,64.39,15,740,N/A
2017,8,31,10,30,104,954,990,104,954,990,12,21.79,0.107,3,1.959,127,61.84,16,740,N/A
2017,8,31,11,30,102,973,1068,102,973,1068,12,7.57,0.107,3.3000000000000003,1.96,127.30000000000001,59.45,17,740,N/A
2017,8,31,12,30,100,976,1064,100,976,1064,12,9.15,0.107,3.3000000000000003,1.967,126.4,60.2,17,740,N/A
2017,8,31,13,30,516,346,834,103,952,976,12,23.55,0.107,3.2,1.97,124.5,60.13,17,740,N/A
2017,8,31,14,30,92,925,818,92,925,818,12,38.32,0.107,3,1.962,121.5,59.79,16,740,N/A
2017,8,31,15,30,78,873,602,78,873,602,12,53.160000000000004,0.107,2.7,1.928,118.2,63.300000000000004,15,740,N/A
2017,8,31,16,30,60,765,346,60,765,346,12,68,0.107,2,1.857,114.30000000000001,68.11,14,740,N/A
2017,8,31,17,30,31,469,89,31,469,89,13,82.83,0.107,1.2000000000000002,1.7650000000000001,109.10000000000001,80.46000000000001,12,740,N/A
2017,8,31,18,30,0,0,0,0,0,0,12,97.63,0.107,0.8,1.671,96.80000000000001,86.76,10,740,N/A
2017,8,31,19,30,0,0,0,0,0,0,12,112.36,0.107,0.6000000000000001,1.571,85.5,89.18,10,740,N/A
2017,8,31,20,30,0,0,0,0,0,0,11,126.97,0.107,0.5,1.468,77.4,90.78,9,740,N/A
2017,8,31,21,30,0,0,0,0,0,0,10,141.32,0.107,0.5,1.3920000000000001,72.3,86.65,8,740,N/A
2017,8,31,22,30,0,0,0,0,0,0,10,154.94,0.107,0.5,1.362,74.60000000000001,88.83,8,740,N/A
2017,8,31,23,30,0,0,0,0,0,0,9,165.59,0.107,0.5,1.362,74.4,86.37,7,740,N/A
2017,9,1,0,30,0,0,0,0,0,0,9,164.66,0.107,0.5,1.373,78.10000000000001,90.87,7,740,N/A
2017,9,1,1,30,0,0,0,0,0,0,9,153.34,0.107,0.5,1.3960000000000001,76.3,88.95,6,740,N/A
2017,9,1,2,30,0,0,0,0,0,0,8,139.57,0.107,0.5,1.43,71.2,93.10000000000001,6,740,N/A
2017,9,1,3,30,0,0,0,0,0,0,8,125.18,0.107,0.4,1.465,69.2,91.33,6,740,N/A
2017,9,1,4,30,0,0,0,0,0,0,8,110.54,0.107,0.30000000000000004,1.495,69.9,89.8,6,740,N/A
2017,9,1,5,30,0,0,0,0,0,0,8,95.8,0.107,0.30000000000000004,1.5250000000000001,71.4,82.89,6,740,N/A
2017,9,1,6,30,32,583,123,32,583,123,9,80.99,0.107,0.7000000000000001,1.563,87,78.94,9,740,N/A
2017,9,1,7,30,51,835,389,51,835,389,9,66.15,0.107,1.5,1.616,120.2,67.5,12,740,N/A
2017,9,1,8,30,62,931,644,62,931,644,10,51.300000000000004,0.107,2.2,1.69,125.5,59.42,14,740,N/A
2017,9,1,9,30,69,978,856,69,978,856,11,36.45,0.107,2.5,1.7730000000000001,125.30000000000001,58.22,15,740,N/A
2017,9,1,10,30,76,997,1004,76,997,1004,12,21.66,0.107,2.8000000000000003,1.843,123.80000000000001,56.9,16,740,N/A
2017,9,1,11,30,79,1006,1078,79,1006,1078,12,7.33,0.107,3,1.901,121.30000000000001,58.32,17,740,N/A
2017,9,1,12,30,80,1003,1071,80,1003,1071,12,9.09,0.107,3,1.947,118.30000000000001,55.56,17,740,N/A
2017,9,1,13,30,489,98,579,89,972,981,12,23.580000000000002,0.107,2.9000000000000004,1.974,115.4,58.82,17,740,N/A
2017,9,1,14,30,83,941,821,83,941,821,12,38.38,0.107,2.8000000000000003,1.98,112.60000000000001,61.84,16,740,N/A
2017,9,1,15,30,73,885,603,73,885,603,12,53.24,0.107,2.4000000000000004,1.975,110.10000000000001,66.2,15,740,N/A
2017,9,1,16,30,58,768,345,58,768,345,12,68.09,0.107,1.8,1.971,107.60000000000001,70.75,14,740,N/A
2017,9,1,17,30,31,457,87,31,457,87,13,82.93,0.107,1.1,1.972,103.80000000000001,81.95,12,740,N/A
2017,9,1,18,30,0,0,0,0,0,0,13,97.74000000000001,0.107,0.8,1.983,95,90.3,11,740,N/A
2017,9,1,19,30,0,0,0,0,0,0,13,112.49000000000001,0.107,0.8,2,88.10000000000001,88.7,10,740,N/A
2017,9,1,20,30,0,0,0,0,0,0,12,127.13000000000001,0.107,0.7000000000000001,2.012,79.7,93.48,10,740,N/A
2017,9,1,21,30,0,0,0,0,0,0,12,141.51,0.107,0.5,2.02,69.9,92.01,10,740,N/A
2017,9,1,22,30,0,0,0,0,0,0,12,155.19,0.107,0.4,2.027,68.2,89.91,9,740,N/A
2017,9,1,23,30,0,0,0,0,0,0,12,165.95000000000002,0.107,0.30000000000000004,2.025,77.4,94.15,9,740,N/A
2017,9,2,0,30,0,0,0,0,0,0,11,164.92000000000002,0.107,0.30000000000000004,2.019,89.4,93.13,9,740,N/A
2017,9,2,1,30,0,0,0,0,0,0,11,153.44,0.107,0.30000000000000004,2.013,99.2,91.5,8,740,N/A
2017,9,2,2,30,0,0,0,0,0,0,11,139.6,0.107,0.4,2.013,104.10000000000001,95.18,8,740,N/A
2017,9,2,3,30,0,0,0,0,0,0,10,125.17,0.107,0.5,2.019,110.9,93.16,8,740,N/A
2017,9,2,4,30,0,0,0,0,0,0,10,110.51,0.107,0.4,2.033,116.60000000000001,91.38,7,740,N/A
2017,9,2,5,30,0,0,0,0,0,0,10,95.75,0.107,0.5,2.052,124.5,89.91,7,740,N/A
2017,9,2,6,30,53,241,91,34,547,120,11,80.93,0.107,0.9,2.075,122.60000000000001,82.36,9,740,N/A
2017,9,2,7,30,145,18,153,55,808,383,11,66.08,0.107,1.3,2.112,124.80000000000001,75.55,12,740,N/A
2017,9,2,8,30,207,532,541,66,910,636,11,51.22,0.107,1.6,2.1630000000000003,126,66.94,13,740,N/A
2017,9,2,9,30,311,507,720,74,959,847,12,36.35,0.107,2,2.211,126.2,63.93,14,740,N/A
2017,9,2,10,30,404,33,435,89,971,993,12,21.53,0.107,2.3000000000000003,2.24,125.30000000000001,61.71,15,740,N/A
2017,9,2,11,30,482,247,728,92,982,1067,12,7.09,0.107,2.5,2.244,123.30000000000001,63.08,16,740,N/A
2017,9,2,12,30,555,180,734,91,984,1063,12,9.03,0.107,2.6,2.228,121.60000000000001,63.61,16,740,N/A
2017,9,2,13,30,495,257,731,122,919,964,13,23.62,0.107,2.6,2.205,121.5,64.25,16,740,N/A
2017,9,2,14,30,379,338,644,110,890,807,13,38.45,0.107,2.5,2.186,120.80000000000001,64.92,15,740,N/A
2017,9,2,15,30,291,193,407,94,827,589,13,53.32,0.107,2.3000000000000003,2.176,119.5,69.18,15,740,N/A
2017,9,2,16,30,151,54,171,73,699,333,13,68.18,0.107,1.7000000000000002,2.168,118.10000000000001,75.2,14,740,N/A
2017,9,2,17,30,40,7,41,36,370,81,14,83.04,0.107,1,2.161,115.4,83.71000000000001,12,740,N/A
2017,9,2,18,30,0,0,0,0,0,0,14,97.86,0.107,0.6000000000000001,2.154,109.2,88.42,11,740,N/A
2017,9,2,19,30,0,0,0,0,0,0,13,112.63,0.107,0.5,2.146,106.10000000000001,92.9,11,740,N/A
2017,9,2,20,30,0,0,0,0,0,0,13,127.28,0.107,0.4,2.136,105.4,90.69,11,740,N/A
2017,9,2,21,30,0,0,0,0,0,0,13,141.70000000000002,0.107,0.30000000000000004,2.124,100.5,88.04,10,740,N/A
2017,9,2,22,30,0,0,0,0,0,0,12,155.44,0.107,0.2,2.104,99.5,90.55,10,740,N/A
2017,9,2,23,30,0,0,0,0,0,0,11,166.31,0.107,0.2,2.074,102.2,87.48,10,740,N/A
2017,9,3,0,30,0,0,0,0,0,0,11,165.17000000000002,0.107,0.1,2.033,114.7,85.19,10,740,N/A
2017,9,3,1,30,0,0,0,0,0,0,11,153.53,0.107,0.1,1.985,127.5,83.15,9,740,N/A
2017,9,3,2,30,0,0,0,0,0,0,10,139.63,0.107,0.30000000000000004,1.933,162.10000000000002,87.09,9,740,N/A
2017,9,3,3,30,0,0,0,0,0,0,10,125.16,0.107,0.4,1.889,169.20000000000002,85.73,8,740,N/A
2017,9,3,4,30,0,0,0,0,0,0,10,110.48,0.107,0.5,1.869,164.5,90.32000000000001,8,740,N/A
2017,9,3,5,30,0,0,0,0,0,0,10,95.71000000000001,0.107,0.5,1.883,147.1,89.41,8,740,N/A
2017,9,3,6,30,28,0,28,34,556,122,11,80.87,0.107,1.1,1.921,112.4,84.18,10,740,N/A
2017,9,3,7,30,160,37,175,55,814,386,12,66.01,0.107,2,1.962,108.60000000000001,72.7,13,740,N/A
2017,9,3,8,30,308,131,391,66,915,640,12,51.13,0.107,2.5,1.999,118.30000000000001,69.61,14,740,N/A
2017,9,3,9,30,222,16,235,74,965,852,12,36.26,0.107,2.8000000000000003,2.033,120.5,65.12,15,740,N/A
2017,9,3,10,30,136,9,145,93,970,996,12,21.41,0.107,3,2.062,120.5,61.78,16,740,N/A
2017,9,3,11,30,272,20,292,94,984,1072,12,6.87,0.107,3.1,2.077,119.30000000000001,58.28,16,740,N/A
2017,9,3,12,30,534,92,626,92,986,1066,12,9,0.107,3,2.078,118.2,58.22,17,740,N/A
2017,9,3,13,30,98,958,976,98,958,976,12,23.66,0.107,2.8000000000000003,2.067,117.5,57.97,16,740,N/A
2017,9,3,14,30,88,931,817,88,931,817,12,38.52,0.107,2.5,2.041,115.60000000000001,61.07,16,740,N/A
2017,9,3,15,30,75,878,599,75,878,599,12,53.4,0.107,2.1,2.001,113.2,64.75,15,740,N/A
2017,9,3,16,30,58,770,343,58,770,343,12,68.28,0.107,1.4000000000000001,1.952,109.60000000000001,69.4,14,740,N/A
2017,9,3,17,30,29,461,85,29,461,85,13,83.14,0.107,0.7000000000000001,1.9100000000000001,101.5,79.89,12,740,N/A
2017,9,3,18,30,0,0,0,0,0,0,13,97.98,0.107,0.4,1.8840000000000001,77.2,88.9,10,740,N/A
2017,9,3,19,30,0,0,0,0,0,0,12,112.76,0.107,0.4,1.874,67.3,92.16,10,740,N/A
2017,9,3,20,30,0,0,0,0,0,0,12,127.43,0.107,0.4,1.873,65.9,89,9,740,N/A
2017,9,3,21,30,0,0,0,0,0,0,11,141.88,0.107,0.4,1.883,65.4,91.18,9,740,N/A
2017,9,3,22,30,0,0,0,0,0,0,11,155.69,0.107,0.4,1.899,65.8,93.88,8,740,N/A
2017,9,3,23,30,0,0,0,0,0,0,10,166.68,0.107,0.4,1.9080000000000001,57.7,91.04,8,740,N/A
2017,9,4,0,30,0,0,0,0,0,0,10,165.42000000000002,0.107,0.30000000000000004,1.905,50.800000000000004,88.52,7,740,N/A
2017,9,4,1,30,0,0,0,0,0,0,9,153.62,0.107,0.30000000000000004,1.893,45.1,93.04,7,740,N/A
2017,9,4,2,30,0,0,0,0,0,0,9,139.65,0.107,0.2,1.875,38.300000000000004,92.42,7,740,N/A
2017,9,4,3,30,0,0,0,0,0,0,9,125.15,0.107,0.2,1.854,35.7,92.18,7,740,N/A
2017,9,4,4,30,0,0,0,0,0,0,9,110.45,0.107,0.2,1.823,29.700000000000003,91.99,7,740,N/A
2017,9,4,5,30,0,0,0,0,0,0,9,95.66,0.107,0.1,1.7850000000000001,6.9,85.74,7,740,N/A
2017,9,4,6,30,33,572,124,33,572,124,10,80.81,0.107,0.4,1.754,16.8,80.51,10,740,N/A
2017,9,4,7,30,53,827,391,53,827,391,11,65.94,0.107,1.2000000000000002,1.743,122.10000000000001,69.74,13,740,N/A
2017,9,4,8,30,65,926,647,65,926,647,12,51.050000000000004,0.107,1.7000000000000002,1.741,132.8,64.81,15,740,N/A
2017,9,4,9,30,72,977,860,72,977,860,12,36.160000000000004,0.107,2,1.746,131.20000000000002,61.78,16,740,N/A
2017,9,4,10,30,474,65,535,82,994,1009,12,21.29,0.107,2.2,1.7710000000000001,129.4,59.68,17,740,N/A
2017,9,4,11,30,487,49,536,83,1007,1083,13,6.66,0.107,2.4000000000000004,1.814,127,57.13,18,740,N/A
2017,9,4,12,30,83,1004,1075,83,1004,1075,13,8.98,0.107,2.5,1.858,125.10000000000001,57.68,18,740,N/A
2017,9,4,13,30,491,278,746,86,981,985,13,23.71,0.107,2.5,1.8940000000000001,123.5,57.980000000000004,17,740,N/A
2017,9,4,14,30,80,949,823,80,949,823,13,38.59,0.107,2.4000000000000004,1.927,121.7,61.45,17,740,N/A
2017,9,4,15,30,72,889,601,72,889,601,13,53.480000000000004,0.107,2,1.944,119.10000000000001,65.6,16,740,N/A
2017,9,4,16,30,59,765,341,59,765,341,13,68.37,0.107,1.5,1.934,116.2,71.96000000000001,15,740,N/A
2017,9,4,17,30,30,444,82,30,444,82,14,83.25,0.107,1,1.909,114.2,86.11,13,740,N/A
2017,9,4,18,30,0,0,0,0,0,0,14,98.10000000000001,0.107,0.8,1.885,103.5,89.65,11,740,N/A
2017,9,4,19,30,0,0,0,0,0,0,14,112.89,0.107,0.6000000000000001,1.865,100.10000000000001,93.78,11,740,N/A
2017,9,4,20,30,0,0,0,0,0,0,13,127.59,0.107,0.5,1.841,106.30000000000001,98.09,10,740,N/A
2017,9,4,21,30,0,0,0,0,0,0,13,142.07,0.107,0.4,1.811,103.5,95.63,10,740,N/A
2017,9,4,22,30,0,0,0,0,0,0,12,155.93,0.107,0.30000000000000004,1.7770000000000001,84.60000000000001,98.77,9,740,N/A
2017,9,4,23,30,0,0,0,0,0,0,12,167.04,0.107,0.2,1.742,67.60000000000001,94.51,9,740,N/A
2017,9,5,0,30,0,0,0,0,0,0,11,165.67000000000002,0.107,0.1,1.708,61.5,89.89,9,740,N/A
2017,9,5,1,30,0,0,0,0,0,0,10,153.70000000000002,0.107,0.2,1.688,241.20000000000002,91.65,8,740,N/A
2017,9,5,2,30,0,0,0,0,0,0,10,139.67000000000002,0.107,0.30000000000000004,1.692,247.70000000000002,87.87,8,740,N/A
2017,9,5,3,30,0,0,0,0,0,0,9,125.14,0.107,0.4,1.717,253,84.60000000000001,8,740,N/A
2017,9,5,4,30,0,0,0,0,0,0,9,110.42,0.107,0.4,1.7530000000000001,262,82.21000000000001,8,740,N/A
2017,9,5,5,30,0,0,0,0,0,0,8,95.61,0.107,0.30000000000000004,1.7910000000000001,262.3,74.94,8,740,N/A
2017,9,5,6,30,53,0,53,32,583,126,10,80.76,0.107,0.6000000000000001,1.833,165.5,72.75,10,740,N/A
2017,9,5,7,30,140,13,146,51,834,392,11,65.87,0.107,1.5,1.8860000000000001,120.60000000000001,71.09,12,740,N/A
2017,9,5,8,30,305,252,464,62,929,647,11,50.97,0.107,2,1.945,120.4,63.28,14,740,N/A
2017,9,5,9,30,400,327,664,69,975,858,11,36.07,0.107,2.3000000000000003,1.988,120.7,58.64,15,740,N/A
2017,9,5,10,30,468,131,591,81,990,1005,12,21.18,0.107,2.3000000000000003,2.011,121.60000000000001,56.980000000000004,16,740,N/A
2017,9,5,11,30,451,35,487,84,1001,1078,12,6.46,0.107,2.4000000000000004,2.031,121,55.19,17,740,N/A
2017,9,5,12,30,405,27,432,84,999,1071,12,8.97,0.107,2.3000000000000003,2.062,120.30000000000001,56.35,17,740,N/A
2017,9,5,13,30,494,109,594,104,950,974,13,23.77,0.107,2,2.102,120.10000000000001,60.49,17,740,N/A
2017,9,5,14,30,403,108,488,98,913,811,13,38.67,0.107,1.7000000000000002,2.1310000000000002,121.10000000000001,61.02,16,740,N/A
2017,9,5,15,30,87,847,590,87,847,590,13,53.57,0.107,1.3,2.142,124.7,66.27,15,740,N/A
2017,9,5,16,30,71,707,331,71,707,331,13,68.47,0.107,0.9,2.134,132.1,75.95,14,740,N/A
2017,9,5,17,30,35,362,77,35,362,77,14,83.36,0.107,0.5,2.117,136.4,85.42,13,740,N/A
2017,9,5,18,30,0,0,0,0,0,0,14,98.22,0.107,0.4,2.096,136.5,91.83,12,740,N/A
2017,9,5,19,30,0,0,0,0,0,0,14,113.03,0.108,0.5,2.072,133.70000000000002,90.74,11,740,N/A
2017,9,5,20,30,0,0,0,0,0,0,14,127.74000000000001,0.108,0.5,2.044,137.9,95.31,11,740,N/A
2017,9,5,21,30,0,0,0,0,0,0,13,142.25,0.108,0.5,2.021,144.20000000000002,93.22,10,740,N/A
2017,9,5,22,30,0,0,0,0,0,0,13,156.18,0.108,0.4,2.021,149.8,97.52,10,740,N/A
2017,9,5,23,30,0,0,0,0,0,0,13,167.41,0.108,0.4,2.027,158.70000000000002,95.61,10,740,N/A
2017,9,6,0,30,0,0,0,0,0,0,12,165.91,0.108,0.30000000000000004,2.017,168.20000000000002,93.63,9,740,N/A
2017,9,6,1,30,0,0,0,0,0,0,12,153.78,0.108,0.30000000000000004,1.998,179.60000000000002,97.78,9,740,N/A
2017,9,6,2,30,0,0,0,0,0,0,12,139.69,0.108,0.2,1.976,191.4,95.38,9,740,N/A
2017,9,6,3,30,0,0,0,0,0,0,11,125.12,0.108,0.1,1.944,203,92.63,8,740,N/A
2017,9,6,4,30,0,0,0,0,0,0,11,110.38,0.108,0.1,1.9000000000000001,216.20000000000002,95.43,8,740,N/A
2017,9,6,5,30,0,0,0,0,0,0,10,95.56,0.108,0.2,1.855,225,92.36,8,740,N/A
2017,9,6,6,30,33,571,126,33,571,126,11,80.7,0.108,0.7000000000000001,1.829,121.30000000000001,83.31,10,740,N/A
2017,9,6,7,30,53,828,393,53,828,393,11,65.8,0.108,1.3,1.833,130.5,75,12,740,N/A
2017,9,6,8,30,63,927,648,63,927,648,11,50.89,0.108,1.7000000000000002,1.865,134.70000000000002,61.300000000000004,14,740,N/A
2017,9,6,9,30,70,975,860,70,975,860,11,35.980000000000004,0.108,1.9000000000000001,1.92,135.70000000000002,57.96,16,740,N/A
2017,9,6,10,30,81,991,1006,81,991,1006,11,21.07,0.108,2.1,1.992,136.3,56.22,17,740,N/A
2017,9,6,11,30,531,81,612,85,998,1077,12,6.28,0.108,2.2,2.074,136.5,54.300000000000004,17,740,N/A
2017,9,6,12,30,552,133,685,87,992,1067,12,8.99,0.108,2.3000000000000003,2.15,135.4,55.38,17,740,N/A
2017,9,6,13,30,90,967,976,90,967,976,12,23.830000000000002,0.108,2.3000000000000003,2.213,134.4,59.57,17,740,N/A
2017,9,6,14,30,174,13,184,87,930,812,12,38.75,0.108,2.2,2.259,133.8,63.76,16,740,N/A
2017,9,6,15,30,91,0,91,77,866,591,12,53.660000000000004,0.108,2,2.2840000000000003,132.6,68.09,15,740,N/A
2017,9,6,16,30,62,738,332,62,738,332,13,68.57000000000001,0.108,1.6,2.286,131.3,73.99,14,740,N/A
2017,9,6,17,30,31,405,77,31,405,77,14,83.47,0.108,0.9,2.2720000000000002,128.4,83.44,13,740,N/A
2017,9,6,18,30,0,0,0,0,0,0,14,98.34,0.108,0.4,2.254,124.2,90.67,12,740,N/A
2017,9,6,19,30,0,0,0,0,0,0,14,113.16,0.108,0.30000000000000004,2.237,112.2,88.17,11,740,N/A
2017,9,6,20,30,0,0,0,0,0,0,13,127.89,0.108,0.2,2.216,104.2,91.05,11,740,N/A
2017,9,6,21,30,0,0,0,0,0,0,13,142.44,0.108,0.2,2.193,78.9,90.41,10,740,N/A
2017,9,6,22,30,0,0,0,0,0,0,13,156.42000000000002,0.108,0.1,2.169,65.3,94.79,10,740,N/A
2017,9,6,23,30,0,0,0,0,0,0,12,167.77,0.108,0,2.1390000000000002,65.5,92.19,9,740,N/A
2017,9,7,0,30,0,0,0,0,0,0,12,166.14000000000001,0.108,0,2.105,261.5,94.49,9,740,N/A
2017,9,7,1,30,0,0,0,0,0,0,11,153.85,0.108,0.1,2.075,252.10000000000002,91.3,9,740,N/A
2017,9,7,2,30,0,0,0,0,0,0,11,139.70000000000002,0.108,0.2,2.047,253.10000000000002,88.75,9,740,N/A
2017,9,7,3,30,0,0,0,0,0,0,10,125.11,0.108,0.30000000000000004,2.021,260.8,86.42,9,740,N/A
2017,9,7,4,30,0,0,0,0,0,0,10,110.35000000000001,0.108,0.4,2.008,265.40000000000003,84.93,9,740,N/A
2017,9,7,5,30,0,0,0,0,0,0,10,95.51,0.108,0.4,2.009,268.6,83.57000000000001,9,740,N/A
2017,9,7,6,30,37,529,123,37,529,123,11,80.63,0.108,0.30000000000000004,2.028,267.1,78.29,11,740,N/A
2017,9,7,7,30,63,785,386,63,785,386,12,65.73,0.108,0.30000000000000004,2.059,252.9,73.4,13,740,N/A
2017,9,7,8,30,79,887,640,79,887,640,12,50.82,0.108,0.6000000000000001,2.096,119.9,70.72,14,740,N/A
2017,9,7,9,30,402,71,460,89,940,851,12,35.89,0.108,0.9,2.137,122.5,64.04,15,740,N/A
2017,9,7,10,30,501,96,591,109,946,993,13,20.97,0.108,1.1,2.195,127.5,61.82,16,740,N/A
2017,9,7,11,30,539,91,630,112,957,1064,13,6.12,0.108,1.2000000000000002,2.2720000000000002,131.6,63.36,17,740,N/A
2017,9,7,12,30,425,30,456,113,953,1054,14,9.02,0.108,1.3,2.356,135.4,64.44,17,740,N/A
2017,9,7,13,30,100,0,100,134,897,954,14,23.91,0.108,1.2000000000000002,2.437,139.1,65.03,16,740,N/A
2017,9,7,14,30,96,0,96,124,856,791,14,38.83,0.108,1.1,2.511,141.9,69.71000000000001,15,740,N/A
2017,9,7,15,30,108,782,571,108,782,571,14,53.76,0.108,1,2.57,142.4,75.18,14,740,N/A
2017,9,7,16,30,86,628,314,86,628,314,14,68.68,0.108,0.9,2.609,137.1,82.13,13,740,N/A
2017,9,7,17,30,37,290,69,37,290,69,15,83.58,0.108,0.6000000000000001,2.63,128.1,90.85000000000001,13,740,N/A
2017,9,7,18,30,0,0,0,0,0,0,15,98.46000000000001,0.108,0.5,2.646,122.2,93.16,12,740,N/A
2017,9,7,19,30,0,0,0,0,0,0,15,113.29,0.108,0.6000000000000001,2.6630000000000003,122.10000000000001,98.71000000000001,12,740,N/A
2017,9,7,20,30,0,0,0,0,0,0,15,128.05,0.108,0.7000000000000001,2.6750000000000003,121.2,97.24000000000001,12,740,N/A
2017,9,7,21,30,0,0,0,0,0,0,15,142.62,0.108,0.8,2.6710000000000003,120.7,95.64,11,740,N/A
2017,9,7,22,30,0,0,0,0,0,0,15,156.66,0.108,0.9,2.652,122.7,100,11,740,N/A
2017,9,7,23,30,0,0,0,0,0,0,14,168.14000000000001,0.108,0.7000000000000001,2.617,119.2,97.59,10,740,N/A
2017,9,8,0,30,0,0,0,0,0,0,14,166.37,0.108,0.4,2.569,108.80000000000001,100,10,740,N/A
2017,9,8,1,30,0,0,0,0,0,0,13,153.92000000000002,0.108,0.2,2.5140000000000002,101.4,98.22,10,740,N/A
2017,9,8,2,30,0,0,0,0,0,0,13,139.71,0.108,0.2,2.465,101.5,95.19,9,740,N/A
2017,9,8,3,30,0,0,0,0,0,0,12,125.09,0.108,0.2,2.431,99.60000000000001,92.46000000000001,9,740,N/A
2017,9,8,4,30,0,0,0,0,0,0,12,110.31,0.108,0.2,2.416,67.5,90.15,9,740,N/A
2017,9,8,5,30,0,0,0,0,0,0,12,95.46000000000001,0.108,0.2,2.41,3.9000000000000004,88.43,9,740,N/A
2017,9,8,6,30,38,0,38,40,491,120,12,80.57000000000001,0.108,0.5,2.407,27.8,86.08,10,740,N/A
2017,9,8,7,30,114,0,114,66,766,382,13,65.66,0.108,1.2000000000000002,2.408,104.80000000000001,84.19,12,740,N/A
2017,9,8,8,30,252,30,271,81,875,635,13,50.74,0.108,1.7000000000000002,2.416,113.9,79.24,13,740,N/A
2017,9,8,9,30,427,121,525,89,931,845,13,35.81,0.108,2,2.431,122,73.82000000000001,14,740,N/A
2017,9,8,10,30,434,41,472,94,963,993,13,20.87,0.108,2,2.453,128.6,70.59,15,740,N/A
2017,9,8,11,30,92,0,92,95,975,1066,13,5.97,0.108,1.9000000000000001,2.487,135,67.38,16,740,N/A
2017,9,8,12,30,403,27,430,96,972,1056,14,9.06,0.108,1.7000000000000002,2.5300000000000002,140.4,68.48,16,740,N/A
2017,9,8,13,30,270,19,288,99,947,964,14,23.98,0.108,1.5,2.578,142.8,73.75,15,740,N/A
2017,9,8,14,30,310,27,331,95,906,800,14,38.92,0.108,1.4000000000000001,2.626,142.6,74.58,14,740,N/A
2017,9,8,15,30,285,122,358,85,837,579,14,53.85,0.108,1.3,2.669,140.20000000000002,80.35000000000001,13,740,N/A
2017,9,8,16,30,147,56,167,69,696,321,14,68.78,0.108,1.2000000000000002,2.701,136.9,87.36,12,740,N/A
2017,9,8,17,30,36,5,37,32,355,71,15,83.69,0.108,1,2.718,134.20000000000002,95.44,12,740,N/A
2017,9,8,18,30,0,0,0,0,0,0,15,98.58,0.108,0.9,2.723,131.1,96.72,12,740,N/A
2017,9,8,19,30,0,0,0,0,0,0,15,113.43,0.108,1.1,2.718,132.5,96.13,11,740,N/A
2017,9,8,20,30,0,0,0,0,0,0,15,128.2,0.108,1.2000000000000002,2.704,131.70000000000002,100,11,740,N/A
2017,9,8,21,30,0,0,0,0,0,0,14,142.8,0.108,1.1,2.674,128.3,98.28,10,740,N/A
2017,9,8,22,30,0,0,0,0,0,0,14,156.9,0.108,1,2.621,124,100,10,740,N/A
2017,9,8,23,30,0,0,0,0,0,0,13,168.51,0.108,0.7000000000000001,2.556,121.7,99.25,10,740,N/A
2017,9,9,0,30,0,0,0,0,0,0,13,166.59,0.108,0.4,2.5,128.70000000000002,96.94,9,740,N/A
2017,9,9,1,30,0,0,0,0,0,0,13,153.98,0.108,0.30000000000000004,2.456,148,94.74,9,740,N/A
2017,9,9,2,30,0,0,0,0,0,0,12,139.71,0.108,0.30000000000000004,2.4170000000000003,177.10000000000002,99.10000000000001,9,740,N/A
2017,9,9,3,30,0,0,0,0,0,0,12,125.06,0.108,0.30000000000000004,2.384,229.3,97.89,9,740,N/A
2017,9,9,4,30,0,0,0,0,0,0,12,110.27,0.108,0.30000000000000004,2.36,268.8,96.83,9,740,N/A
2017,9,9,5,30,0,0,0,0,0,0,12,95.41,0.108,0.30000000000000004,2.347,286.6,95.69,9,740,N/A
2017,9,9,6,30,59,38,66,35,551,126,12,80.51,0.108,0.4,2.341,279.7,91.74,10,740,N/A
2017,9,9,7,30,182,119,232,55,810,390,13,65.6,0.108,0.8,2.341,119.10000000000001,82.42,11,740,N/A
2017,9,9,8,30,313,128,395,66,911,644,13,50.660000000000004,0.108,1.2000000000000002,2.344,116.4,78.84,13,740,N/A
2017,9,9,9,30,432,211,604,74,960,854,13,35.72,0.108,1.5,2.351,118,73.51,14,740,N/A
2017,9,9,10,30,471,61,529,81,984,1001,13,20.78,0.108,1.8,2.364,120.60000000000001,68.65,15,740,N/A
2017,9,9,11,30,352,22,375,85,992,1073,13,5.84,0.108,1.9000000000000001,2.387,121,64.94,15,740,N/A
2017,9,9,12,30,186,25,211,87,988,1063,13,9.120000000000001,0.108,1.8,2.4130000000000003,122.4,69.37,15,740,N/A
2017,9,9,13,30,499,126,614,89,966,971,13,24.07,0.108,1.7000000000000002,2.437,125.7,69.86,14,740,N/A
2017,9,9,14,30,289,23,307,86,928,807,13,39.01,0.108,1.6,2.454,127.9,74.9,14,740,N/A
2017,9,9,15,30,281,104,343,76,864,585,13,53.95,0.108,1.5,2.459,125.80000000000001,80.43,13,740,N/A
2017,9,9,16,30,149,71,175,62,730,325,13,68.89,0.108,1.1,2.453,121,86.52,12,740,N/A
2017,9,9,17,30,36,18,38,31,379,71,13,83.8,0.108,0.7000000000000001,2.439,114.2,93.25,11,740,N/A
2017,9,9,18,30,0,0,0,0,0,0,13,98.7,0.108,0.5,2.419,104.4,93.4,10,740,N/A
2017,9,9,19,30,0,0,0,0,0,0,13,113.56,0.108,0.4,2.394,99.7,97.23,10,740,N/A
2017,9,9,20,30,0,0,0,0,0,0,13,128.35,0.108,0.4,2.366,98,95.09,9,740,N/A
2017,9,9,21,30,0,0,0,0,0,0,12,142.98,0.108,0.30000000000000004,2.337,96.2,98.75,9,740,N/A
2017,9,9,22,30,0,0,0,0,0,0,12,157.14000000000001,0.108,0.2,2.3040000000000003,93.2,95.63,9,740,N/A
2017,9,9,23,30,0,0,0,0,0,0,11,168.88,0.108,0.2,2.2640000000000002,91.60000000000001,92.81,8,740,N/A
2017,9,10,0,30,0,0,0,0,0,0,11,166.8,0.108,0.2,2.223,98.4,96.71000000000001,8,740,N/A
2017,9,10,1,30,0,0,0,0,0,0,11,154.04,0.108,0.1,2.189,115,94.45,8,740,N/A
2017,9,10,2,30,0,0,0,0,0,0,10,139.72,0.108,0.1,2.1590000000000003,129.8,92.77,8,740,N/A
2017,9,10,3,30,0,0,0,0,0,0,10,125.04,0.108,0.1,2.122,148.6,90.61,8,740,N/A
2017,9,10,4,30,0,0,0,0,0,0,10,110.23,0.108,0.1,2.063,180.20000000000002,88.3,8,740,N/A
2017,9,10,5,30,0,0,0,0,0,0,9,95.36,0.108,0.2,1.98,205.9,85.95,8,740,N/A
2017,9,10,6,30,48,0,48,34,578,130,10,80.45,0.108,0.4,1.8860000000000001,202.20000000000002,81.93,10,740,N/A
2017,9,10,7,30,182,105,226,54,832,399,12,65.53,0.108,1,1.807,167,73.05,12,740,N/A
2017,9,10,8,30,64,933,656,64,933,656,11,50.59,0.108,1.7000000000000002,1.766,137.8,60.69,15,740,N/A
2017,9,10,9,30,394,401,720,69,984,869,11,35.64,0.108,2.2,1.7630000000000001,129.3,56.88,16,740,N/A
2017,9,10,10,30,519,208,714,73,1009,1018,11,20.69,0.108,2.4000000000000004,1.7870000000000001,125.4,54.620000000000005,17,740,N/A
2017,9,10,11,30,541,280,820,75,1019,1089,11,5.74,0.108,2.5,1.826,123.9,52.95,18,740,N/A
2017,9,10,12,30,522,324,842,75,1016,1079,12,9.200000000000001,0.108,2.6,1.875,122.10000000000001,51.39,18,740,N/A
2017,9,10,13,30,461,174,620,77,996,986,12,24.16,0.108,2.7,1.93,119.7,55.69,18,740,N/A
2017,9,10,14,30,407,135,513,73,962,820,12,39.11,0.108,2.7,1.984,117.2,59.92,17,740,N/A
2017,9,10,15,30,66,900,594,66,900,594,13,54.050000000000004,0.108,2.5,2.029,114.30000000000001,64.16,16,740,N/A
2017,9,10,16,30,86,613,306,55,771,331,13,68.99,0.108,1.9000000000000001,2.062,110.30000000000001,69.68,15,740,N/A
2017,9,10,17,30,31,340,67,28,421,72,14,83.92,0.108,1.1,2.08,104.4,83.5,13,740,N/A
2017,9,10,18,30,0,0,0,0,0,0,14,98.82000000000001,0.108,0.7000000000000001,2.09,98.2,94.53,11,740,N/A
2017,9,10,19,30,0,0,0,0,0,0,13,113.69,0.108,0.6000000000000001,2.091,88.2,92.95,11,740,N/A
2017,9,10,20,30,0,0,0,0,0,0,13,128.5,0.108,0.4,2.081,73.60000000000001,96.75,10,740,N/A
2017,9,10,21,30,0,0,0,0,0,0,13,143.15,0.108,0.4,2.062,60.2,93.83,10,740,N/A
2017,9,10,22,30,0,0,0,0,0,0,12,157.37,0.108,0.4,2.041,56.900000000000006,90.92,9,740,N/A
2017,9,10,23,30,0,0,0,0,0,0,11,169.25,0.108,0.4,2.019,63,93.56,9,740,N/A
2017,9,11,0,30,0,0,0,0,0,0,11,167.01,0.108,0.4,1.985,59.5,90.71000000000001,9,740,N/A
2017,9,11,1,30,0,0,0,0,0,0,11,154.09,0.108,0.4,1.943,54.6,87.75,8,740,N/A
2017,9,11,2,30,0,0,0,0,0,0,10,139.71,0.108,0.5,1.8980000000000001,62.6,91.41,8,740,N/A
2017,9,11,3,30,0,0,0,0,0,0,10,125.01,0.108,0.5,1.859,66.9,89.61,8,740,N/A
2017,9,11,4,30,0,0,0,0,0,0,10,110.19,0.108,0.4,1.831,64.9,88.29,8,740,N/A
2017,9,11,5,30,0,0,0,0,0,0,9,95.3,0.108,0.30000000000000004,1.804,58.1,87.21000000000001,8,740,N/A
2017,9,11,6,30,46,423,117,33,592,132,11,80.39,0.108,0.6000000000000001,1.7790000000000001,51.900000000000006,82.77,10,740,N/A
2017,9,11,7,30,141,474,338,53,838,401,11,65.46000000000001,0.108,1.2000000000000002,1.7650000000000001,97.30000000000001,72.22,13,740,N/A
2017,9,11,8,30,64,935,658,64,935,658,11,50.52,0.108,1.8,1.772,107.2,63.120000000000005,15,740,N/A
2017,9,11,9,30,396,401,723,71,982,870,12,35.57,0.108,2.2,1.794,112.60000000000001,56.49,16,740,N/A
2017,9,11,10,30,503,283,768,78,1003,1017,12,20.61,0.108,2.5,1.818,115.30000000000001,54.77,17,740,N/A
2017,9,11,11,30,82,1011,1088,82,1011,1088,12,5.66,0.108,2.7,1.847,116.30000000000001,52.57,18,740,N/A
2017,9,11,12,30,85,1004,1076,85,1004,1076,12,9.3,0.108,2.8000000000000003,1.887,116.2,52.99,19,740,N/A
2017,9,11,13,30,87,981,982,87,981,982,12,24.25,0.108,2.7,1.931,114.5,56.410000000000004,18,740,N/A
2017,9,11,14,30,84,942,815,84,942,815,12,39.21,0.108,2.5,1.968,111.60000000000001,59.82,17,740,N/A
2017,9,11,15,30,209,528,518,77,875,589,12,54.160000000000004,0.108,2.1,1.982,107.9,64.04,16,740,N/A
2017,9,11,16,30,151,200,223,62,743,327,12,69.10000000000001,0.108,1.3,1.971,103.4,68.04,14,740,N/A
2017,9,11,17,30,36,106,47,29,389,70,14,84.03,0.108,0.6000000000000001,1.953,96,84.01,13,740,N/A
2017,9,11,18,30,0,0,0,0,0,0,13,98.95,0.108,0.4,1.944,80.10000000000001,87.57000000000001,11,740,N/A
2017,9,11,19,30,0,0,0,0,0,0,13,113.83,0.108,0.4,1.947,61,90.72,11,740,N/A
2017,9,11,20,30,0,0,0,0,0,0,13,128.65,0.108,0.4,1.953,51.6,88.3,10,740,N/A
2017,9,11,21,30,0,0,0,0,0,0,12,143.33,0.108,0.4,1.97,51,91.48,10,740,N/A
2017,9,11,22,30,0,0,0,0,0,0,12,157.6,0.108,0.5,2.005,57,89.02,10,740,N/A
2017,9,11,23,30,0,0,0,0,0,0,11,169.61,0.108,0.4,2.041,65.7,87.15,9,740,N/A
2017,9,12,0,30,0,0,0,0,0,0,11,167.21,0.108,0.4,2.065,68.3,86.31,9,740,N/A
2017,9,12,1,30,0,0,0,0,0,0,11,154.14000000000001,0.108,0.30000000000000004,2.066,75.7,91.05,9,740,N/A
2017,9,12,2,30,0,0,0,0,0,0,11,139.71,0.108,0.30000000000000004,2.043,83.7,89.84,9,740,N/A
2017,9,12,3,30,0,0,0,0,0,0,11,124.98,0.108,0.30000000000000004,2.005,90.80000000000001,88.67,9,740,N/A
2017,9,12,4,30,0,0,0,0,0,0,10,110.14,0.108,0.4,1.968,100.7,87.60000000000001,9,740,N/A
2017,9,12,5,30,0,0,0,0,0,0,10,95.25,0.108,0.6000000000000001,1.943,107.10000000000001,87.06,9,740,N/A
2017,9,12,6,30,35,572,131,35,572,131,12,80.33,0.108,1.1,1.939,109.7,82.56,11,740,N/A
2017,9,12,7,30,56,821,399,56,821,399,12,65.39,0.108,1.8,1.96,107.9,76.94,13,740,N/A
2017,9,12,8,30,309,99,373,67,921,654,12,50.45,0.108,2.1,1.995,100.9,67.93,14,740,N/A
2017,9,12,9,30,288,21,306,74,972,866,13,35.49,0.108,2.3000000000000003,2.039,99.5,64.4,16,740,N/A
2017,9,12,10,30,493,346,817,90,980,1009,13,20.54,0.108,2.4000000000000004,2.088,99.80000000000001,61.120000000000005,17,740,N/A
2017,9,12,11,30,516,65,581,91,993,1080,13,5.61,0.108,2.4000000000000004,2.149,101.60000000000001,57.58,17,740,N/A
2017,9,12,12,30,555,216,769,91,989,1067,13,9.41,0.108,2.5,2.232,104.9,57.82,17,740,N/A
2017,9,12,13,30,151,12,162,92,966,972,13,24.36,0.108,2.4000000000000004,2.33,108.60000000000001,61.550000000000004,17,740,N/A
2017,9,12,14,30,400,109,485,88,926,805,13,39.31,0.108,2.3000000000000003,2.4170000000000003,111.80000000000001,65.61,16,740,N/A
2017,9,12,15,30,284,187,394,78,860,580,13,54.26,0.108,2,2.475,112.30000000000001,71,15,740,N/A
2017,9,12,16,30,142,51,161,62,724,320,13,69.21000000000001,0.108,1.6,2.499,108.30000000000001,75.74,14,740,N/A
2017,9,12,17,30,33,1,33,29,364,67,14,84.15,0.108,0.9,2.483,102.9,89.28,12,740,N/A
2017,9,12,18,30,0,0,0,0,0,0,14,99.07000000000001,0.108,0.5,2.431,99.5,97.55,11,740,N/A
2017,9,12,19,30,0,0,0,0,0,0,14,113.96000000000001,0.108,0.4,2.354,88.2,94.98,10,740,N/A
2017,9,12,20,30,0,0,0,0,0,0,13,128.79,0.108,0.4,2.267,83.9,97.43,10,740,N/A
2017,9,12,21,30,0,0,0,0,0,0,12,143.5,0.108,0.4,2.185,85.4,93.25,9,740,N/A
2017,9,12,22,30,0,0,0,0,0,0,12,157.83,0.108,0.4,2.123,88,89.97,9,740,N/A
2017,9,12,23,30,0,0,0,0,0,0,11,169.98,0.108,0.5,2.086,89.60000000000001,93.51,9,740,N/A
2017,9,13,0,30,0,0,0,0,0,0,11,167.4,0.108,0.4,2.078,89.5,91.60000000000001,9,740,N/A
2017,9,13,1,30,0,0,0,0,0,0,11,154.18,0.108,0.30000000000000004,2.096,89.4,89.86,9,740,N/A
2017,9,13,2,30,0,0,0,0,0,0,11,139.70000000000002,0.108,0.2,2.124,87.2,88.52,9,740,N/A
2017,9,13,3,30,0,0,0,0,0,0,10,124.95,0.108,0.2,2.146,90,87.02,9,740,N/A
2017,9,13,4,30,0,0,0,0,0,0,10,110.10000000000001,0.108,0.2,2.153,86.7,85.73,8,740,N/A
2017,9,13,5,30,0,0,0,0,0,0,10,95.2,0.108,0.2,2.149,75.7,84.28,8,740,N/A
2017,9,13,6,30,35,567,131,35,567,131,11,80.27,0.108,0.7000000000000001,2.1470000000000002,80.9,79.76,10,740,N/A
2017,9,13,7,30,186,145,247,56,819,398,12,65.33,0.108,1.4000000000000001,2.1590000000000003,102.30000000000001,74.25,13,740,N/A
2017,9,13,8,30,246,26,263,67,919,653,12,50.38,0.108,1.9000000000000001,2.185,104.80000000000001,66.59,14,740,N/A
2017,9,13,9,30,404,193,562,74,968,863,12,35.42,0.108,2.3000000000000003,2.213,108.9,61.92,15,740,N/A
2017,9,13,10,30,489,75,559,81,991,1009,12,20.47,0.108,2.6,2.238,114.4,59.58,16,740,N/A
2017,9,13,11,30,501,166,666,83,1001,1079,13,5.58,0.108,2.7,2.262,120.60000000000001,60.75,17,740,N/A
2017,9,13,12,30,83,998,1068,83,998,1068,13,9.540000000000001,0.108,2.7,2.2880000000000003,125,61.32,17,740,N/A
2017,9,13,13,30,83,979,974,83,979,974,13,24.46,0.108,2.6,2.317,127.60000000000001,61.67,16,740,N/A
2017,9,13,14,30,79,943,808,79,943,808,13,39.42,0.108,2.3000000000000003,2.343,128.4,65.43,16,740,N/A
2017,9,13,15,30,72,877,583,72,877,583,13,54.370000000000005,0.108,2,2.357,126.9,69.38,15,740,N/A
2017,9,13,16,30,59,741,321,59,741,321,13,69.32000000000001,0.108,1.4000000000000001,2.354,122.4,75.01,14,740,N/A
2017,9,13,17,30,28,375,66,28,375,66,14,84.27,0.108,0.8,2.339,115.4,83.24,12,740,N/A
2017,9,13,18,30,0,0,0,0,0,0,14,99.19,0.108,0.4,2.322,99.30000000000001,95.63,11,740,N/A
2017,9,13,19,30,0,0,0,0,0,0,13,114.09,0.107,0.4,2.306,87.2,92.83,10,740,N/A
2017,9,13,20,30,0,0,0,0,0,0,13,128.94,0.107,0.30000000000000004,2.2880000000000003,84.4,96.37,10,740,N/A
2017,9,13,21,30,0,0,0,0,0,0,12,143.67000000000002,0.107,0.30000000000000004,2.2720000000000002,76.9,93.01,9,740,N/A
2017,9,13,22,30,0,0,0,0,0,0,12,158.05,0.107,0.2,2.259,71.60000000000001,95.07000000000001,9,740,N/A
2017,9,13,23,30,0,0,0,0,0,0,11,170.35,0.107,0.2,2.25,68.7,91.52,9,740,N/A
2017,9,14,0,30,0,0,0,0,0,0,11,167.58,0.107,0.2,2.244,57.1,88.37,8,740,N/A
2017,9,14,1,30,0,0,0,0,0,0,10,154.22,0.107,0.2,2.239,43,85.64,8,740,N/A
2017,9,14,2,30,0,0,0,0,0,0,10,139.69,0.107,0.2,2.235,36.5,88.87,8,740,N/A
2017,9,14,3,30,0,0,0,0,0,0,9,124.92,0.107,0.2,2.23,27.8,86.46000000000001,8,740,N/A
2017,9,14,4,30,0,0,0,0,0,0,9,110.05,0.107,0.1,2.227,15.600000000000001,84.4,8,740,N/A
2017,9,14,5,30,0,0,0,0,0,0,9,95.14,0.107,0.1,2.23,9.4,83.47,8,740,N/A
2017,9,14,6,30,43,490,126,43,490,126,10,80.21000000000001,0.107,0.6000000000000001,2.241,91.5,79.95,10,740,N/A
2017,9,14,7,30,73,754,388,73,754,388,11,65.26,0.107,1.3,2.257,122.5,69.54,12,740,N/A
2017,9,14,8,30,88,866,642,88,866,642,12,50.31,0.107,1.8,2.275,128.20000000000002,68.60000000000001,14,740,N/A
2017,9,14,9,30,388,389,706,97,926,853,12,35.36,0.107,2.2,2.293,129.5,66.47,15,740,N/A
2017,9,14,10,30,139,902,984,139,902,984,12,20.41,0.107,2.5,2.309,128.20000000000002,64,16,740,N/A
2017,9,14,11,30,370,23,393,140,919,1055,13,5.59,0.107,2.6,2.325,126.10000000000001,61.27,17,740,N/A
2017,9,14,12,30,198,17,215,139,916,1043,13,9.68,0.107,2.5,2.34,125,58.06,17,740,N/A
2017,9,14,13,30,124,913,955,124,913,955,13,24.580000000000002,0.107,2.3000000000000003,2.357,123.2,61.82,17,740,N/A
2017,9,14,14,30,172,16,184,121,862,786,13,39.53,0.107,2.2,2.374,121.30000000000001,65.93,16,740,N/A
2017,9,14,15,30,206,479,485,111,773,560,13,54.480000000000004,0.107,2,2.3890000000000002,119.7,71.28,15,740,N/A
2017,9,14,16,30,130,368,260,87,606,300,13,69.44,0.107,1.6,2.3970000000000002,115.30000000000001,77.2,14,740,N/A
2017,9,14,17,30,35,143,49,34,234,56,14,84.38,0.107,1.1,2.3930000000000002,109.10000000000001,87.06,13,740,N/A
2017,9,14,18,30,0,0,0,0,0,0,14,99.32000000000001,0.107,0.9,2.376,100.60000000000001,93.2,11,740,N/A
2017,9,14,19,30,0,0,0,0,0,0,14,114.22,0.107,0.8,2.35,102.10000000000001,96.88,11,740,N/A
2017,9,14,20,30,0,0,0,0,0,0,14,129.09,0.107,0.7000000000000001,2.322,109,93.76,10,740,N/A
2017,9,14,21,30,0,0,0,0,0,0,13,143.84,0.107,0.5,2.306,109,96.29,10,740,N/A
2017,9,14,22,30,0,0,0,0,0,0,12,158.27,0.107,0.30000000000000004,2.3040000000000003,90.4,99.58,9,740,N/A
2017,9,14,23,30,0,0,0,0,0,0,12,170.71,0.107,0.30000000000000004,2.303,76.80000000000001,96.94,9,740,N/A
2017,9,15,0,30,0,0,0,0,0,0,12,167.75,0.107,0.2,2.298,74.9,94.27,8,740,N/A
2017,9,15,1,30,0,0,0,0,0,0,11,154.25,0.107,0.2,2.2960000000000003,72.7,91.36,8,740,N/A
2017,9,15,2,30,0,0,0,0,0,0,11,139.68,0.107,0.30000000000000004,2.3040000000000003,72.9,94.86,8,740,N/A
2017,9,15,3,30,0,0,0,0,0,0,10,124.88000000000001,0.107,0.30000000000000004,2.314,77.4,93.51,8,740,N/A
2017,9,15,4,30,0,0,0,0,0,0,10,110,0.107,0.4,2.317,78.30000000000001,92.92,8,740,N/A
2017,9,15,5,30,0,0,0,0,0,0,10,95.08,0.107,0.4,2.309,70.10000000000001,92.38,8,740,N/A
2017,9,15,6,30,40,0,40,50,414,121,11,80.15,0.107,0.8,2.3000000000000003,82.9,87.06,10,740,N/A
2017,9,15,7,30,53,0,53,86,701,380,12,65.2,0.107,1.4000000000000001,2.297,105,76.63,12,740,N/A
2017,9,15,8,30,320,168,428,105,825,633,13,50.25,0.107,1.9000000000000001,2.301,108.4,73.85000000000001,14,740,N/A
2017,9,15,9,30,308,526,737,117,890,843,13,35.29,0.107,2.3000000000000003,2.311,112.4,69.47,15,740,N/A
2017,9,15,10,30,515,120,628,125,921,989,13,20.36,0.107,2.8000000000000003,2.328,116.10000000000001,66.23,16,740,N/A
2017,9,15,11,30,559,237,795,130,932,1059,13,5.62,0.107,3,2.352,117.30000000000001,62.9,17,740,N/A
2017,9,15,12,30,377,24,401,132,927,1046,13,9.83,0.107,3,2.379,116.5,63.15,17,740,N/A
2017,9,15,13,30,160,13,172,134,897,949,13,24.7,0.107,2.9000000000000004,2.404,114.80000000000001,63.11,16,740,N/A
2017,9,15,14,30,66,0,66,123,857,783,13,39.64,0.107,2.6,2.427,112.7,67.35,16,740,N/A
2017,9,15,15,30,122,3,124,107,781,559,13,54.6,0.107,2.3000000000000003,2.444,110.4,72.65,15,740,N/A
2017,9,15,16,30,81,630,301,81,630,301,14,69.55,0.107,1.7000000000000002,2.448,107.5,77.95,14,740,N/A
2017,9,15,17,30,31,263,57,31,263,57,14,84.5,0.107,1,2.441,104.60000000000001,86.96000000000001,12,740,N/A
2017,9,15,18,30,0,0,0,0,0,0,14,99.44,0.107,0.8,2.427,96.2,92.48,11,740,N/A
2017,9,15,19,30,0,0,0,0,0,0,14,114.36,0.107,0.8,2.404,95.2,97.07000000000001,11,740,N/A
2017,9,15,20,30,0,0,0,0,0,0,14,129.23,0.107,0.9,2.368,97.5,94.97,10,740,N/A
2017,9,15,21,30,0,0,0,0,0,0,13,144.01,0.107,0.9,2.323,99.2,98.4,10,740,N/A
2017,9,15,22,30,0,0,0,0,0,0,13,158.49,0.107,0.9,2.27,101.30000000000001,95.26,9,740,N/A
2017,9,15,23,30,0,0,0,0,0,0,12,171.08,0.107,0.8,2.208,101.2,98.54,9,740,N/A
2017,9,16,0,30,0,0,0,0,0,0,12,167.92000000000002,0.107,0.7000000000000001,2.141,99.30000000000001,95.57000000000001,8,740,N/A
2017,9,16,1,30,0,0,0,0,0,0,11,154.27,0.107,0.6000000000000001,2.08,95.7,98.60000000000001,8,740,N/A
2017,9,16,2,30,0,0,0,0,0,0,11,139.66,0.107,0.5,2.037,93.10000000000001,94.54,8,740,N/A
2017,9,16,3,30,0,0,0,0,0,0,10,124.84,0.107,0.5,2.021,91.2,91.02,7,740,N/A
2017,9,16,4,30,0,0,0,0,0,0,10,109.95,0.107,0.5,2.027,87.2,88.36,7,740,N/A
2017,9,16,5,30,0,0,0,0,0,0,9,95.03,0.107,0.7000000000000001,2.037,86,86.88,8,740,N/A
2017,9,16,6,30,63,155,90,34,593,136,11,80.09,0.107,1.2000000000000002,2.045,102.5,82.39,10,740,N/A
2017,9,16,7,30,187,124,240,54,834,405,11,65.14,0.107,1.8,2.049,101.7,71.82000000000001,12,740,N/A
2017,9,16,8,30,219,17,231,64,931,660,11,50.18,0.107,2.3000000000000003,2.048,101,63.82,14,740,N/A
2017,9,16,9,30,190,14,203,70,981,872,12,35.230000000000004,0.107,2.8000000000000003,2.048,105,60.71,16,740,N/A
2017,9,16,10,30,339,22,361,80,999,1017,12,20.31,0.107,3.1,2.045,107.80000000000001,58.07,17,740,N/A
2017,9,16,11,30,191,16,207,81,1011,1087,12,5.67,0.107,3.2,2.041,109.10000000000001,55.45,17,740,N/A
2017,9,16,12,30,451,36,487,80,1010,1075,12,10,0.107,3.2,2.041,109.30000000000001,56.24,18,740,N/A
2017,9,16,13,30,124,7,130,86,982,978,12,24.82,0.107,3.2,2.045,109.9,56.57,17,740,N/A
2017,9,16,14,30,308,28,330,79,951,810,12,39.76,0.107,3.1,2.05,110.7,59.92,17,740,N/A
2017,9,16,15,30,137,5,140,69,890,584,12,54.71,0.107,2.8000000000000003,2.051,111.5,63.24,16,740,N/A
2017,9,16,16,30,43,0,43,55,763,320,13,69.67,0.107,2.1,2.055,110.60000000000001,68.22,14,740,N/A
2017,9,16,17,30,8,0,8,25,399,63,13,84.62,0.107,1.3,2.065,108.5,80.17,13,740,N/A
2017,9,16,18,30,0,0,0,0,0,0,13,99.56,0.107,0.9,2.081,102.5,90.29,11,740,N/A
2017,9,16,19,30,0,0,0,0,0,0,13,114.49000000000001,0.107,0.7000000000000001,2.102,106.10000000000001,89.24,10,740,N/A
2017,9,16,20,30,0,0,0,0,0,0,12,129.37,0.107,0.7000000000000001,2.125,111,93.48,10,740,N/A
2017,9,16,21,30,0,0,0,0,0,0,12,144.17000000000002,0.107,0.7000000000000001,2.1430000000000002,115.4,91.32000000000001,9,740,N/A
2017,9,16,22,30,0,0,0,0,0,0,12,158.70000000000002,0.107,0.8,2.1550000000000002,118,95.27,9,740,N/A
2017,9,16,23,30,0,0,0,0,0,0,11,171.44,0.107,0.9,2.169,119.80000000000001,93.31,9,740,N/A
2017,9,17,0,30,0,0,0,0,0,0,11,168.07,0.107,0.9,2.198,121.9,91.26,8,740,N/A
2017,9,17,1,30,0,0,0,0,0,0,11,154.29,0.107,0.8,2.24,122.60000000000001,89.54,8,740,N/A
2017,9,17,2,30,0,0,0,0,0,0,11,139.64000000000001,0.107,0.6000000000000001,2.277,125.80000000000001,94.98,8,740,N/A
2017,9,17,3,30,0,0,0,0,0,0,11,124.8,0.107,0.5,2.293,129.8,95.10000000000001,8,740,N/A
2017,9,17,4,30,0,0,0,0,0,0,11,109.9,0.107,0.5,2.2880000000000003,130,93.9,8,740,N/A
2017,9,17,5,30,0,0,0,0,0,0,10,94.97,0.107,0.5,2.263,126.7,92.51,8,740,N/A
2017,9,17,6,30,40,0,40,34,600,138,11,80.03,0.107,1,2.231,120.30000000000001,85.44,10,740,N/A
2017,9,17,7,30,176,56,200,52,839,406,12,65.07000000000001,0.107,1.6,2.209,127.60000000000001,78.22,11,740,N/A
2017,9,17,8,30,263,33,285,63,932,660,12,50.120000000000005,0.107,2,2.202,131.3,74.22,13,740,N/A
2017,9,17,9,30,353,34,381,70,977,870,12,35.18,0.107,2.4000000000000004,2.208,133.6,70.42,14,740,N/A
2017,9,17,10,30,507,98,599,79,996,1014,12,20.27,0.107,2.9000000000000004,2.222,133,66.15,15,740,N/A
2017,9,17,11,30,83,1003,1082,83,1003,1082,12,5.76,0.107,3.1,2.231,129.8,62.1,15,740,N/A
2017,9,17,12,30,552,128,678,84,1001,1069,12,10.18,0.107,3.2,2.229,126.7,61.370000000000005,15,740,N/A
2017,9,17,13,30,99,958,968,99,958,968,12,24.95,0.107,3,2.22,124,64.5,15,740,N/A
2017,9,17,14,30,399,245,588,89,927,801,11,39.88,0.107,2.7,2.21,122,63.38,14,740,N/A
2017,9,17,15,30,77,865,575,77,865,575,11,54.83,0.107,2.3000000000000003,2.203,118.30000000000001,67.01,14,740,N/A
2017,9,17,16,30,60,730,313,60,730,313,11,69.78,0.107,1.6,2.199,111.80000000000001,71.78,13,740,N/A
2017,9,17,17,30,27,349,59,27,349,59,12,84.74,0.107,0.8,2.194,100.60000000000001,85.73,11,740,N/A
2017,9,17,18,30,0,0,0,0,0,0,12,99.69,0.107,0.4,2.187,82.5,87.95,10,740,N/A
2017,9,17,19,30,0,0,0,0,0,0,11,114.61,0.107,0.4,2.179,74,86.02,9,740,N/A
2017,9,17,20,30,0,0,0,0,0,0,11,129.51,0.107,0.5,2.165,73.3,89.05,9,740,N/A
2017,9,17,21,30,0,0,0,0,0,0,10,144.33,0.107,0.5,2.149,72.5,86.17,9,740,N/A
2017,9,17,22,30,0,0,0,0,0,0,10,158.9,0.107,0.6000000000000001,2.1430000000000002,74.10000000000001,83.43,9,740,N/A
2017,9,17,23,30,0,0,0,0,0,0,9,171.8,0.107,0.5,2.152,75.3,81.09,8,740,N/A
2017,9,18,0,30,0,0,0,0,0,0,9,168.21,0.107,0.4,2.165,67.2,86.47,8,740,N/A
2017,9,18,1,30,0,0,0,0,0,0,9,154.3,0.107,0.30000000000000004,2.173,60.1,87.12,8,740,N/A
2017,9,18,2,30,0,0,0,0,0,0,9,139.61,0.107,0.30000000000000004,2.176,56.1,86.73,8,740,N/A
2017,9,18,3,30,0,0,0,0,0,0,9,124.76,0.107,0.30000000000000004,2.1750000000000003,44.1,85.92,7,740,N/A
2017,9,18,4,30,0,0,0,0,0,0,9,109.85000000000001,0.107,0.30000000000000004,2.176,36.6,84.73,7,740,N/A
2017,9,18,5,30,0,0,0,0,0,0,9,94.92,0.107,0.4,2.179,43.7,83.99,7,740,N/A
2017,9,18,6,30,61,14,63,40,523,131,10,79.97,0.107,0.8,2.19,66.3,79.7,9,740,N/A
2017,9,18,7,30,67,779,396,67,779,396,11,65.01,0.107,1.4000000000000001,2.219,98.4,75.24,12,740,N/A
2017,9,18,8,30,319,225,464,84,878,648,12,50.06,0.107,1.9000000000000001,2.2680000000000002,108.30000000000001,73.49,13,740,N/A
2017,9,18,9,30,432,253,639,97,926,854,12,35.13,0.107,2.3000000000000003,2.317,113.2,68.77,14,740,N/A
2017,9,18,10,30,87,979,1006,87,979,1006,12,20.240000000000002,0.107,2.4000000000000004,2.356,116.7,66.01,15,740,N/A
2017,9,18,11,30,386,24,411,92,987,1074,12,5.87,0.107,2.4000000000000004,2.386,120.30000000000001,62.93,16,740,N/A
2017,9,18,12,30,555,214,766,91,984,1060,12,10.38,0.107,2.3000000000000003,2.4090000000000003,123.80000000000001,63.34,16,740,N/A
2017,9,18,13,30,458,63,516,90,965,964,12,25.09,0.107,2.2,2.427,126.60000000000001,63.84,15,740,N/A
2017,9,18,14,30,83,931,797,83,931,797,13,40,0.107,2,2.442,128.1,68.5,15,740,N/A
2017,9,18,15,30,72,868,571,72,868,571,13,54.95,0.107,1.7000000000000002,2.456,127.2,73.55,14,740,N/A
2017,9,18,16,30,57,732,309,57,732,309,13,69.9,0.107,1.3,2.458,124.10000000000001,79.91,13,740,N/A
2017,9,18,17,30,25,354,57,25,354,57,14,84.86,0.107,0.7000000000000001,2.442,118.80000000000001,89.43,12,740,N/A
2017,9,18,18,30,0,0,0,0,0,0,14,99.81,0.107,0.4,2.4130000000000003,105,94.84,11,740,N/A
2017,9,18,19,30,0,0,0,0,0,0,13,114.74000000000001,0.107,0.2,2.3770000000000002,80.5,92.25,11,740,N/A
2017,9,18,20,30,0,0,0,0,0,0,13,129.65,0.107,0.2,2.332,72.2,89.53,10,740,N/A
2017,9,18,21,30,0,0,0,0,0,0,12,144.49,0.107,0.2,2.2840000000000003,74.3,93.11,10,740,N/A
2017,9,18,22,30,0,0,0,0,0,0,12,159.1,0.107,0.30000000000000004,2.234,64.60000000000001,90.32000000000001,9,740,N/A
2017,9,18,23,30,0,0,0,0,0,0,12,172.16,0.107,0.4,2.183,61.1,93.95,9,740,N/A
2017,9,19,0,30,0,0,0,0,0,0,11,168.34,0.107,0.30000000000000004,2.14,56,91.5,9,740,N/A
2017,9,19,1,30,0,0,0,0,0,0,11,154.31,0.107,0.30000000000000004,2.104,39.6,89.46000000000001,8,740,N/A
2017,9,19,2,30,0,0,0,0,0,0,11,139.58,0.107,0.30000000000000004,2.075,22.700000000000003,94.01,8,740,N/A
2017,9,19,3,30,0,0,0,0,0,0,10,124.72,0.107,0.30000000000000004,2.059,13.3,92.54,8,740,N/A
2017,9,19,4,30,0,0,0,0,0,0,10,109.8,0.107,0.30000000000000004,2.045,7.7,91.48,8,740,N/A
2017,9,19,5,30,0,0,0,0,0,0,10,94.86,0.107,0.2,2.024,356,90.23,8,740,N/A
2017,9,19,6,30,39,548,135,39,548,135,11,79.91,0.107,0.2,1.996,354.70000000000005,83.39,10,740,N/A
2017,9,19,7,30,63,801,403,63,801,403,12,64.95,0.107,0.6000000000000001,1.972,157.4,73.39,12,740,N/A
2017,9,19,8,30,76,905,658,76,905,658,12,50.01,0.107,1,1.965,161.10000000000002,63.85,15,740,N/A
2017,9,19,9,30,84,958,869,84,958,869,12,35.08,0.107,1.2000000000000002,1.977,150.70000000000002,60.74,16,740,N/A
2017,9,19,10,30,407,32,437,105,961,1007,12,20.22,0.107,1.5,2.007,148.9,59.21,17,740,N/A
2017,9,19,11,30,491,49,540,113,965,1073,13,6,0.107,1.6,2.059,150.5,57.89,18,740,N/A
2017,9,19,12,30,501,58,559,120,951,1055,13,10.58,0.107,1.6,2.1310000000000002,153.4,59.31,18,740,N/A
2017,9,19,13,30,250,18,267,146,882,945,13,25.23,0.107,1.5,2.205,158.5,60.050000000000004,17,740,N/A
2017,9,19,14,30,398,242,584,140,826,773,13,40.13,0.107,1.3,2.2680000000000002,164.9,64.04,17,740,N/A
2017,9,19,15,30,83,0,83,128,726,544,14,55.07,0.107,1.1,2.318,169.5,68.44,16,740,N/A
2017,9,19,16,30,102,527,282,102,527,282,14,70.02,0.107,0.9,2.355,164.8,74.82000000000001,14,740,N/A
2017,9,19,17,30,32,153,46,32,153,46,15,84.98,0.107,0.6000000000000001,2.388,149.8,89.87,13,740,N/A
2017,9,19,18,30,0,0,0,0,0,0,15,99.93,0.107,0.5,2.418,133.20000000000002,88.31,13,740,N/A
2017,9,19,19,30,0,0,0,0,0,0,15,114.87,0.107,0.6000000000000001,2.439,130,88.63,12,740,N/A
2017,9,19,20,30,0,0,0,0,0,0,15,129.78,0.107,0.8,2.444,136.20000000000002,89.27,12,740,N/A
2017,9,19,21,30,0,0,0,0,0,0,15,144.64000000000001,0.107,1,2.447,143,94.91,12,740,N/A
2017,9,19,22,30,0,0,0,0,0,0,15,159.3,0.107,1.1,2.468,142.8,94.3,11,740,N/A
2017,9,19,23,30,0,0,0,0,0,0,14,172.51,0.107,1,2.508,139.1,99.76,11,740,N/A
2017,9,20,0,30,0,0,0,0,0,0,14,168.46,0.107,0.8,2.548,137.8,98.4,11,740,N/A
2017,9,20,1,30,0,0,0,0,0,0,14,154.31,0.107,0.7000000000000001,2.565,136.8,97.18,10,740,N/A
2017,9,20,2,30,0,0,0,0,0,0,14,139.55,0.107,0.6000000000000001,2.559,134.9,95.65,10,740,N/A
2017,9,20,3,30,0,0,0,0,0,0,14,124.67,0.107,0.5,2.535,133.6,100,10,740,N/A
2017,9,20,4,30,0,0,0,0,0,0,13,109.75,0.107,0.4,2.491,139.6,98.72,10,740,N/A
2017,9,20,5,30,0,0,0,0,0,0,13,94.8,0.107,0.30000000000000004,2.437,136.3,96.81,10,740,N/A
2017,9,20,6,30,59,281,109,47,443,126,13,79.85000000000001,0.107,0.7000000000000001,2.388,121,92.16,10,740,N/A
2017,9,20,7,30,157,421,336,81,719,387,14,64.9,0.107,1.1,2.355,122.9,87.93,12,740,N/A
2017,9,20,8,30,274,412,539,103,832,638,13,49.95,0.107,1.2000000000000002,2.339,126.5,76.38,14,740,N/A
2017,9,20,9,30,383,48,422,117,891,847,13,35.03,0.107,1.2000000000000002,2.339,128.6,66.38,15,740,N/A
2017,9,20,10,30,449,244,678,148,887,981,13,20.2,0.107,1.3,2.358,135.4,62.730000000000004,16,740,N/A
2017,9,20,11,30,210,18,228,162,888,1045,13,6.16,0.107,1.4000000000000001,2.395,144.4,63.84,17,740,N/A
2017,9,20,12,30,218,18,236,171,871,1027,14,10.790000000000001,0.107,1.3,2.44,150.70000000000002,64.73,17,740,N/A
2017,9,20,13,30,339,23,361,193,804,920,14,25.38,0.107,1.2000000000000002,2.489,156.20000000000002,69.54,16,740,N/A
2017,9,20,14,30,57,0,57,186,736,749,14,40.26,0.107,1.1,2.533,162.3,69.82000000000001,15,740,N/A
2017,9,20,15,30,24,0,24,161,636,525,14,55.19,0.107,1,2.567,167.5,74.92,14,740,N/A
2017,9,20,16,30,12,0,12,113,470,273,14,70.14,0.107,0.8,2.591,165.9,82.15,13,740,N/A
2017,9,20,17,30,31,132,43,31,132,43,15,85.09,0.107,0.5,2.609,161.3,91.21000000000001,12,740,N/A
2017,9,20,18,30,0,0,0,0,0,0,15,100.05,0.107,0.4,2.62,151.4,96.88,12,740,N/A
2017,9,20,19,30,0,0,0,0,0,0,15,115,0.107,0.5,2.622,147.4,96.4,12,740,N/A
2017,9,20,20,30,0,0,0,0,0,0,15,129.92000000000002,0.107,0.6000000000000001,2.614,146.6,95.9,12,740,N/A
2017,9,20,21,30,0,0,0,0,0,0,15,144.79,0.107,0.7000000000000001,2.601,147.8,95.24,11,740,N/A
2017,9,20,22,30,0,0,0,0,0,0,15,159.49,0.107,0.6000000000000001,2.592,146.8,100,11,740,N/A
2017,9,20,23,30,0,0,0,0,0,0,14,172.86,0.107,0.5,2.588,140.8,98.87,11,740,N/A
2017,9,21,0,30,0,0,0,0,0,0,14,168.57,0.107,0.4,2.584,134.4,97.06,10,740,N/A
2017,9,21,1,30,0,0,0,0,0,0,14,154.31,0.107,0.30000000000000004,2.57,132.3,95.13,10,740,N/A
2017,9,21,2,30,0,0,0,0,0,0,13,139.52,0.107,0.2,2.5380000000000003,147.6,99.47,10,740,N/A
2017,9,21,3,30,0,0,0,0,0,0,13,124.63000000000001,0.107,0.1,2.495,209.4,97.3,10,740,N/A
2017,9,21,4,30,0,0,0,0,0,0,13,109.69,0.107,0,2.453,231,94.79,10,740,N/A
2017,9,21,5,30,0,0,0,0,0,0,12,94.75,0.107,0.1,2.426,321.40000000000003,92.5,10,740,N/A
2017,9,21,6,30,52,419,126,52,419,126,13,79.79,0.107,0.6000000000000001,2.414,95.30000000000001,83.94,11,740,N/A
2017,9,21,7,30,90,694,385,90,694,385,14,64.84,0.107,1.3,2.4250000000000003,125.5,83.69,13,740,N/A
2017,9,21,8,30,315,98,379,114,809,635,14,49.9,0.107,1.7000000000000002,2.456,137.6,74.71000000000001,14,740,N/A
2017,9,21,9,30,136,859,840,136,859,840,14,34.99,0.107,1.9000000000000001,2.489,141,69.63,15,740,N/A
2017,9,21,10,30,389,380,746,215,790,957,14,20.19,0.107,2.1,2.5180000000000002,141.9,70.23,16,740,N/A
2017,9,21,11,30,225,801,1022,225,801,1022,14,6.34,0.107,2.2,2.5500000000000003,141.4,71.13,16,740,N/A
2017,9,21,12,30,538,97,634,222,800,1007,14,11.02,0.107,2.1,2.584,140.8,72.02,16,740,N/A
2017,9,21,13,30,288,537,773,291,658,885,14,25.53,0.107,2,2.613,140.9,72.77,15,740,N/A
2017,9,21,14,30,256,611,722,256,611,722,15,40.39,0.107,1.9000000000000001,2.6310000000000002,140.70000000000002,78.26,15,740,N/A
2017,9,21,15,30,207,525,505,207,525,505,15,55.31,0.107,1.6,2.634,139.6,79.10000000000001,14,740,N/A
2017,9,21,16,30,132,383,262,132,383,262,15,70.26,0.107,1,2.628,135.20000000000002,85.12,13,740,N/A
2017,9,21,17,30,30,98,38,30,98,38,15,85.21000000000001,0.107,0.6000000000000001,2.612,129.1,93.42,13,740,N/A
2017,9,21,18,30,0,0,0,0,0,0,15,100.17,0.107,0.5,2.592,121.5,97.57000000000001,12,740,N/A
2017,9,21,19,30,0,0,0,0,0,0,15,115.12,0.107,0.4,2.57,116.4,96.10000000000001,12,740,N/A
2017,9,21,20,30,0,0,0,0,0,0,15,130.05,0.107,0.4,2.535,110.2,93.96000000000001,11,740,N/A
2017,9,21,21,30,0,0,0,0,0,0,14,144.94,0.107,0.4,2.487,98.5,97.68,11,740,N/A
2017,9,21,22,30,0,0,0,0,0,0,14,159.67000000000002,0.107,0.4,2.439,96.9,94.69,10,740,N/A
2017,9,21,23,30,0,0,0,0,0,0,13,173.20000000000002,0.107,0.4,2.3970000000000002,92.2,97.54,10,740,N/A
2017,9,22,0,30,0,0,0,0,0,0,13,168.66,0.107,0.4,2.362,83.5,94.7,10,740,N/A
2017,9,22,1,30,0,0,0,0,0,0,12,154.3,0.107,0.30000000000000004,2.332,74.9,92.4,9,740,N/A
2017,9,22,2,30,0,0,0,0,0,0,12,139.49,0.107,0.30000000000000004,2.311,57,96.97,9,740,N/A
2017,9,22,3,30,0,0,0,0,0,0,12,124.58,0.107,0.30000000000000004,2.2880000000000003,44.5,96.09,9,740,N/A
2017,9,22,4,30,0,0,0,0,0,0,12,109.64,0.107,0.30000000000000004,2.262,35.5,94.75,9,740,N/A
2017,9,22,5,30,0,0,0,0,0,0,11,94.69,0.107,0.4,2.24,40.1,92.92,9,740,N/A
2017,9,22,6,30,56,0,56,51,432,128,12,79.74,0.107,0.9,2.229,79.7,86.58,11,740,N/A
2017,9,22,7,30,191,124,244,91,696,388,13,64.79,0.107,1.5,2.227,104.4,76.51,13,740,N/A
2017,9,22,8,30,320,117,396,116,811,639,13,49.85,0.107,1.8,2.235,116.4,70.82000000000001,15,740,N/A
2017,9,22,9,30,379,45,416,132,872,847,13,34.96,0.107,2,2.258,120.80000000000001,65.81,16,740,N/A
2017,9,22,10,30,367,25,391,153,886,985,13,20.19,0.107,2.1,2.282,123.2,62.550000000000004,17,740,N/A
2017,9,22,11,30,540,87,627,148,912,1055,13,6.54,0.107,2.2,2.3000000000000003,124.4,59.77,18,740,N/A
2017,9,22,12,30,137,923,1043,137,923,1043,13,11.25,0.107,2.2,2.319,124.7,56.79,18,740,N/A
2017,9,22,13,30,136,897,944,136,897,944,14,25.69,0.107,2.4000000000000004,2.354,122.60000000000001,60.78,18,740,N/A
2017,9,22,14,30,133,839,771,133,839,771,14,40.52,0.107,2.5,2.416,120.10000000000001,65.4,17,740,N/A
2017,9,22,15,30,123,734,540,123,734,540,14,55.44,0.107,2.3000000000000003,2.495,119,70.84,16,740,N/A
2017,9,22,16,30,95,550,280,95,550,280,14,70.38,0.107,1.9000000000000001,2.559,116,77.51,14,740,N/A
2017,9,22,17,30,30,169,44,30,169,44,15,85.33,0.107,1.3,2.59,113.60000000000001,91.17,13,740,N/A
2017,9,22,18,30,0,0,0,0,0,0,15,100.29,0.107,1.1,2.599,115,93.4,12,740,N/A
2017,9,22,19,30,0,0,0,0,0,0,15,115.24000000000001,0.107,1.2000000000000002,2.601,117,99.22,12,740,N/A
2017,9,22,20,30,0,0,0,0,0,0,15,130.18,0.107,1.3,2.602,115.80000000000001,98.54,12,740,N/A
2017,9,22,21,30,0,0,0,0,0,0,15,145.08,0.107,1.3,2.607,115.7,97.38,11,740,N/A
2017,9,22,22,30,0,0,0,0,0,0,15,159.85,0.107,1.2000000000000002,2.604,118.4,96.41,11,740,N/A
2017,9,22,23,30,0,0,0,0,0,0,15,173.54,0.107,1.1,2.596,116.5,95.02,11,740,N/A
2017,9,23,0,30,0,0,0,0,0,0,14,168.74,0.107,1,2.599,110.7,99.72,11,740,N/A
2017,9,23,1,30,0,0,0,0,0,0,14,154.29,0.107,1.2000000000000002,2.613,104.4,98.74000000000001,11,740,N/A
2017,9,23,2,30,0,0,0,0,0,0,14,139.45000000000002,0.107,1.5,2.6270000000000002,104.30000000000001,97.88,11,740,N/A
2017,9,23,3,30,0,0,0,0,0,0,14,124.53,0.107,1.8,2.621,112.2,96.12,11,740,N/A
2017,9,23,4,30,0,0,0,0,0,0,14,109.59,0.107,1.8,2.59,118.9,94.88,10,740,N/A
2017,9,23,5,30,0,0,0,0,0,0,13,94.63,0.107,1.6,2.544,124.5,93.10000000000001,10,740,N/A
2017,9,23,6,30,67,68,79,41,537,137,13,79.68,0.107,1.6,2.494,128.6,92.93,10,740,N/A
2017,9,23,7,30,189,220,283,66,787,402,13,64.74,0.107,1.8,2.452,132.70000000000002,92.77,11,740,N/A
2017,9,23,8,30,287,48,318,80,891,656,13,49.81,0.107,2,2.4210000000000003,134.9,86.08,12,740,N/A
2017,9,23,9,30,343,31,369,88,947,865,13,34.93,0.107,2.2,2.399,135.4,79.7,13,740,N/A
2017,9,23,10,30,264,19,282,91,978,1009,13,20.2,0.107,2.5,2.391,133,73.92,14,740,N/A
2017,9,23,11,30,293,20,313,91,992,1077,13,6.75,0.107,2.7,2.3930000000000002,129.6,69.01,15,740,N/A
2017,9,23,12,30,507,63,569,90,991,1061,13,11.5,0.107,2.8000000000000003,2.404,127.60000000000001,64.81,15,740,N/A
2017,9,23,13,30,102,950,958,102,950,958,13,25.85,0.107,2.7,2.42,126.10000000000001,65.05,15,740,N/A
2017,9,23,14,30,384,297,610,92,918,789,13,40.660000000000004,0.107,2.6,2.437,125.5,69.46000000000001,15,740,N/A
2017,9,23,15,30,189,15,198,79,853,561,13,55.56,0.107,2.3000000000000003,2.451,124.9,74.7,14,740,N/A
2017,9,23,16,30,98,0,98,60,714,299,13,70.5,0.107,1.9000000000000001,2.455,123.2,81.66,13,740,N/A
2017,9,23,17,30,16,0,16,25,311,49,14,85.45,0.107,1.2000000000000002,2.453,119.80000000000001,90,11,740,N/A
2017,9,23,18,30,0,0,0,0,0,0,14,100.41,0.107,0.8,2.452,111.7,94.82000000000001,11,740,N/A
2017,9,23,19,30,0,0,0,0,0,0,13,115.36,0.107,0.6000000000000001,2.454,104.4,93.48,11,740,N/A
2017,9,23,20,30,0,0,0,0,0,0,13,130.3,0.107,0.4,2.45,94,91.42,10,740,N/A
2017,9,23,21,30,0,0,0,0,0,0,13,145.22,0.107,0.30000000000000004,2.438,88.10000000000001,95.05,10,740,N/A
2017,9,23,22,30,0,0,0,0,0,0,12,160.02,0.107,0.2,2.42,88.4,92.64,10,740,N/A
2017,9,23,23,30,0,0,0,0,0,0,12,173.87,0.107,0.2,2.398,89.10000000000001,90.79,9,740,N/A
2017,9,24,0,30,0,0,0,0,0,0,12,168.81,0.107,0.1,2.374,91.5,95.42,9,740,N/A
2017,9,24,1,30,0,0,0,0,0,0,12,154.27,0.107,0,2.347,97.9,94.03,9,740,N/A
2017,9,24,2,30,0,0,0,0,0,0,11,139.41,0.107,0,2.32,180,92.46000000000001,9,740,N/A
2017,9,24,3,30,0,0,0,0,0,0,11,124.48,0.107,0.1,2.301,236.20000000000002,90.71000000000001,8,740,N/A
2017,9,24,4,30,0,0,0,0,0,0,11,109.53,0.107,0.2,2.2920000000000003,230.9,89.02,8,740,N/A
2017,9,24,5,30,0,0,0,0,0,0,11,94.58,0.107,0.30000000000000004,2.294,217.10000000000002,87.76,8,740,N/A
2017,9,24,6,30,67,48,76,41,549,140,11,79.63,0.107,0.9,2.308,156.4,81.74,10,740,N/A
2017,9,24,7,30,181,60,207,64,800,407,13,64.68,0.107,1.6,2.328,134.20000000000002,83,12,740,N/A
2017,9,24,8,30,256,28,274,76,905,661,13,49.76,0.107,2,2.344,126.60000000000001,78.25,13,740,N/A
2017,9,24,9,30,377,43,413,81,962,870,13,34.9,0.107,2.4000000000000004,2.35,123.10000000000001,73.2,14,740,N/A
2017,9,24,10,30,488,71,555,83,992,1014,13,20.22,0.107,2.7,2.352,122,69.27,15,740,N/A
2017,9,24,11,30,367,35,403,83,1005,1081,13,6.99,0.107,3,2.359,122.30000000000001,65.45,16,740,N/A
2017,9,24,12,30,548,122,669,81,1004,1064,13,11.75,0.107,3.1,2.3770000000000002,123.4,62.22,16,740,N/A
2017,9,24,13,30,439,94,524,82,982,965,13,26.01,0.107,3,2.4010000000000002,123.9,66.76,16,740,N/A
2017,9,24,14,30,353,51,392,76,949,794,13,40.800000000000004,0.107,2.9000000000000004,2.4250000000000003,125.4,71.15,15,740,N/A
2017,9,24,15,30,231,41,254,67,883,565,13,55.69,0.107,2.6,2.44,127.10000000000001,75.87,14,740,N/A
2017,9,24,16,30,13,0,13,54,745,301,13,70.62,0.107,2.1,2.441,128.1,81.61,13,740,N/A
2017,9,24,17,30,2,0,2,22,350,49,14,85.57000000000001,0.107,1.5,2.426,127.4,89.08,11,740,N/A
2017,9,24,18,30,0,0,0,0,0,0,14,100.53,0.107,1.1,2.407,125.5,96.05,11,740,N/A
2017,9,24,19,30,0,0,0,0,0,0,13,115.48,0.107,1,2.386,129.1,93.09,10,740,N/A
2017,9,24,20,30,0,0,0,0,0,0,13,130.43,0.107,0.9,2.368,127.30000000000001,96.92,10,740,N/A
2017,9,24,21,30,0,0,0,0,0,0,13,145.35,0.107,0.7000000000000001,2.356,127.9,94.84,9,740,N/A
2017,9,24,22,30,0,0,0,0,0,0,12,160.18,0.107,0.7000000000000001,2.351,124.5,98.85000000000001,9,740,N/A
2017,9,24,23,30,0,0,0,0,0,0,12,174.19,0.107,0.6000000000000001,2.351,122.10000000000001,96.51,9,740,N/A
2017,9,25,0,30,0,0,0,0,0,0,12,168.86,0.107,0.5,2.35,123.5,93.97,9,740,N/A
2017,9,25,1,30,0,0,0,0,0,0,11,154.25,0.107,0.4,2.335,128,91.98,8,740,N/A
2017,9,25,2,30,0,0,0,0,0,0,11,139.36,0.107,0.2,2.297,131.3,95.96000000000001,8,740,N/A
2017,9,25,3,30,0,0,0,0,0,0,11,124.43,0.107,0.2,2.238,142.9,93.82000000000001,8,740,N/A
2017,9,25,4,30,0,0,0,0,0,0,10,109.48,0.107,0.2,2.1750000000000003,157.70000000000002,91.9,8,740,N/A
2017,9,25,5,30,0,0,0,0,0,0,10,94.52,0.107,0.2,2.1270000000000002,176.10000000000002,90.45,8,740,N/A
2017,9,25,6,30,61,295,114,35,614,146,11,79.57000000000001,0.107,0.6000000000000001,2.099,164.5,83.61,10,740,N/A
2017,9,25,7,30,170,369,328,54,846,416,12,64.64,0.107,1.3,2.09,149,78.56,12,740,N/A
2017,9,25,8,30,260,471,565,64,939,671,12,49.730000000000004,0.107,1.9000000000000001,2.097,128.6,69.11,14,740,N/A
2017,9,25,9,30,395,374,702,70,985,879,12,34.88,0.107,2.4000000000000004,2.118,122.7,60.36,15,740,N/A
2017,9,25,10,30,524,219,730,77,1006,1021,12,20.240000000000002,0.107,2.9000000000000004,2.146,123.5,57.160000000000004,16,740,N/A
2017,9,25,11,30,563,214,776,82,1012,1086,12,7.23,0.107,3.1,2.17,123.7,57.57,17,740,N/A
2017,9,25,12,30,531,333,857,84,1006,1068,12,12.01,0.107,3.1,2.19,123.80000000000001,57.45,17,740,N/A
2017,9,25,13,30,498,190,669,89,977,966,12,26.18,0.107,2.8000000000000003,2.21,123.80000000000001,57.410000000000004,16,740,N/A
2017,9,25,14,30,398,205,553,85,937,793,12,40.94,0.107,2.5,2.235,123.4,60.65,15,740,N/A
2017,9,25,15,30,265,262,413,77,863,562,12,55.82,0.107,2,2.258,122.7,64.84,14,740,N/A
2017,9,25,16,30,138,206,206,61,712,296,12,70.74,0.107,1.5,2.27,120.80000000000001,70.76,13,740,N/A
2017,9,25,17,30,26,79,32,24,287,46,13,85.69,0.107,0.9,2.271,115.80000000000001,85.11,12,740,N/A
2017,9,25,18,30,0,0,0,0,0,0,13,100.64,0.107,0.5,2.27,104.9,84.54,11,740,N/A
2017,9,25,19,30,0,0,0,0,0,0,13,115.60000000000001,0.107,0.30000000000000004,2.2720000000000002,92.5,87.98,11,740,N/A
2017,9,25,20,30,0,0,0,0,0,0,12,130.55,0.107,0.30000000000000004,2.273,93.10000000000001,86.18,10,740,N/A
2017,9,25,21,30,0,0,0,0,0,0,12,145.48,0.107,0.30000000000000004,2.275,101.80000000000001,90.12,10,740,N/A
2017,9,25,22,30,0,0,0,0,0,0,12,160.34,0.107,0.30000000000000004,2.2760000000000002,112.2,88.27,9,740,N/A
2017,9,25,23,30,0,0,0,0,0,0,11,174.5,0.107,0.2,2.271,117.80000000000001,92.56,9,740,N/A
2017,9,26,0,30,0,0,0,0,0,0,11,168.91,0.107,0.2,2.258,119.30000000000001,90.97,9,740,N/A
2017,9,26,1,30,0,0,0,0,0,0,11,154.22,0.107,0.2,2.238,118.60000000000001,88.68,8,740,N/A
2017,9,26,2,30,0,0,0,0,0,0,10,139.31,0.107,0.1,2.206,114.80000000000001,92.38,8,740,N/A
2017,9,26,3,30,0,0,0,0,0,0,10,124.37,0.107,0.1,2.1630000000000003,114.10000000000001,90.27,8,740,N/A
2017,9,26,4,30,0,0,0,0,0,0,10,109.42,0.107,0.1,2.116,108.2,88.71000000000001,8,740,N/A
2017,9,26,5,30,0,0,0,0,0,0,10,94.47,0.107,0,2.07,126.7,87.60000000000001,8,740,N/A
2017,9,26,6,30,69,127,92,38,585,145,10,79.52,0.107,0.5,2.028,160.3,82.02,10,740,N/A
2017,9,26,7,30,194,132,251,59,830,415,11,64.59,0.107,1.4000000000000001,1.998,118.2,70.01,13,740,N/A
2017,9,26,8,30,213,16,223,69,929,671,11,49.69,0.107,1.9000000000000001,1.984,114.5,61.51,14,740,N/A
2017,9,26,9,30,197,15,209,76,979,880,11,34.86,0.107,2,1.991,114.30000000000001,58.45,16,740,N/A
2017,9,26,10,30,483,66,545,83,1000,1021,12,20.27,0.107,2.1,2.017,116.2,56.46,17,740,N/A
2017,9,26,11,30,430,30,461,85,1009,1086,12,7.5,0.107,2.2,2.056,118.30000000000001,54.6,18,740,N/A
2017,9,26,12,30,328,21,349,86,1004,1068,12,12.27,0.107,2.1,2.102,119.80000000000001,55.72,18,740,N/A
2017,9,26,13,30,448,59,501,96,966,963,12,26.35,0.107,2,2.1510000000000002,120.7,56.44,17,740,N/A
2017,9,26,14,30,307,29,329,91,924,788,13,41.08,0.107,1.9000000000000001,2.198,119.9,60.26,16,740,N/A
2017,9,26,15,30,82,848,557,82,848,557,13,55.95,0.107,1.7000000000000002,2.237,118.80000000000001,64.7,15,740,N/A
2017,9,26,16,30,65,688,291,65,688,291,13,70.86,0.107,1.3,2.261,116.4,74.79,14,740,N/A
2017,9,26,17,30,25,259,44,25,259,44,14,85.8,0.107,0.8,2.269,115.4,84.19,12,740,N/A
2017,9,26,18,30,0,0,0,0,0,0,14,100.76,0.107,0.6000000000000001,2.269,109.9,91.92,11,740,N/A
2017,9,26,19,30,0,0,0,0,0,0,14,115.71000000000001,0.107,0.6000000000000001,2.2640000000000002,104.60000000000001,95.79,11,740,N/A
2017,9,26,20,30,0,0,0,0,0,0,14,130.67000000000002,0.107,0.5,2.255,103.4,94.02,10,740,N/A
2017,9,26,21,30,0,0,0,0,0,0,13,145.61,0.107,0.5,2.232,100.2,98.07000000000001,10,740,N/A
2017,9,26,22,30,0,0,0,0,0,0,13,160.49,0.107,0.4,2.194,95.2,95.7,9,740,N/A
2017,9,26,23,30,0,0,0,0,0,0,12,174.8,0.107,0.4,2.156,88.7,99.25,9,740,N/A
2017,9,27,0,30,0,0,0,0,0,0,12,168.94,0.107,0.4,2.129,80,96.04,8,740,N/A
2017,9,27,1,30,0,0,0,0,0,0,11,154.18,0.107,0.4,2.111,66.4,99.08,8,740,N/A
2017,9,27,2,30,0,0,0,0,0,0,11,139.27,0.107,0.4,2.091,62.400000000000006,95.94,8,740,N/A
2017,9,27,3,30,0,0,0,0,0,0,10,124.32000000000001,0.107,0.4,2.056,60.6,93.13,8,740,N/A
2017,9,27,4,30,0,0,0,0,0,0,10,109.37,0.107,0.4,2.001,53.2,90.45,7,740,N/A
2017,9,27,5,30,0,0,0,0,0,0,10,94.42,0.107,0.4,1.937,51.5,87.75,7,740,N/A
2017,9,27,6,30,37,603,147,37,603,147,10,79.47,0.107,0.9,1.883,67.3,81.7,9,740,N/A
2017,9,27,7,30,56,845,419,56,845,419,11,64.55,0.107,1.6,1.854,96.10000000000001,71.37,12,740,N/A
2017,9,27,8,30,66,941,676,66,941,676,11,49.660000000000004,0.107,2,1.847,102.7,60.370000000000005,15,740,N/A
2017,9,27,9,30,422,84,491,72,990,885,10,34.85,0.107,2.2,1.855,107.10000000000001,55.7,16,740,N/A
2017,9,27,10,30,438,40,476,83,1005,1026,11,20.32,0.107,2.3000000000000003,1.8760000000000001,110.4,53.84,17,740,N/A
2017,9,27,11,30,85,1014,1090,85,1014,1090,11,7.7700000000000005,0.107,2.3000000000000003,1.911,113.4,51.94,18,740,N/A
2017,9,27,12,30,85,1009,1071,85,1009,1071,12,12.540000000000001,0.107,2.2,1.955,115.4,49.99,18,740,N/A
2017,9,27,13,30,106,2,108,95,973,966,12,26.53,0.107,2.1,2.001,117,53.94,18,740,N/A
2017,9,27,14,30,89,933,791,89,933,791,12,41.22,0.107,2,2.05,118.5,54.57,17,740,N/A
2017,9,27,15,30,79,859,558,79,859,558,12,56.08,0.107,1.7000000000000002,2.102,118.30000000000001,58.61,16,740,N/A
2017,9,27,16,30,63,698,291,63,698,291,13,70.99,0.107,1.4000000000000001,2.162,113.80000000000001,68.54,15,740,N/A
2017,9,27,17,30,25,246,42,25,246,42,14,85.92,0.107,1.1,2.221,109.10000000000001,77.48,13,740,N/A
2017,9,27,18,30,0,0,0,0,0,0,14,100.87,0.107,0.8,2.281,105.60000000000001,83.94,12,740,N/A
2017,9,27,19,30,0,0,0,0,0,0,14,115.83,0.107,0.7000000000000001,2.336,105,90.16,12,740,N/A
2017,9,27,20,30,0,0,0,0,0,0,14,130.78,0.107,0.6000000000000001,2.378,108.4,91.15,12,740,N/A
2017,9,27,21,30,0,0,0,0,0,0,14,145.73,0.107,0.6000000000000001,2.404,113.9,91.09,11,740,N/A
2017,9,27,22,30,0,0,0,0,0,0,14,160.63,0.107,0.7000000000000001,2.416,118.9,89.97,11,740,N/A
2017,9,27,23,30,0,0,0,0,0,0,14,175.08,0.107,0.7000000000000001,2.4290000000000003,121.5,95.43,11,740,N/A
2017,9,28,0,30,0,0,0,0,0,0,14,168.95000000000002,0.107,0.6000000000000001,2.455,117.4,94.75,10,740,N/A
2017,9,28,1,30,0,0,0,0,0,0,14,154.14000000000001,0.107,0.5,2.474,113.2,100,10,740,N/A
2017,9,28,2,30,0,0,0,0,0,0,13,139.22,0.107,0.5,2.478,111.7,98.72,10,740,N/A
2017,9,28,3,30,0,0,0,0,0,0,13,124.27,0.107,0.4,2.466,106.2,97.34,10,740,N/A
2017,9,28,4,30,0,0,0,0,0,0,13,109.31,0.107,0.4,2.448,92.10000000000001,95.49,9,740,N/A
2017,9,28,5,30,0,0,0,0,0,0,13,94.36,0.107,0.4,2.437,81.30000000000001,93.69,9,740,N/A
2017,9,28,6,30,64,271,113,44,527,141,13,79.42,0.107,0.6000000000000001,2.4290000000000003,80.9,95.02,10,740,N/A
2017,9,28,7,30,194,128,250,68,788,407,13,64.5,0.107,1.1,2.416,83.30000000000001,89.15,11,740,N/A
2017,9,28,8,30,327,193,452,80,898,662,13,49.63,0.107,1.6,2.4,88.9,83.39,12,740,N/A
2017,9,28,9,30,206,15,219,87,954,870,13,34.84,0.107,2,2.391,97.2,78.04,13,740,N/A
2017,9,28,10,30,381,27,407,111,953,1005,13,20.36,0.107,2.2,2.3930000000000002,104.7,73.17,14,740,N/A
2017,9,28,11,30,481,91,572,112,967,1070,13,8.05,0.107,2.2,2.399,110.4,68.82000000000001,15,740,N/A
2017,9,28,12,30,554,164,715,108,968,1052,13,12.82,0.107,2.1,2.398,113.7,64.96000000000001,15,740,N/A
2017,9,28,13,30,307,21,326,116,932,948,13,26.71,0.107,2,2.394,115.80000000000001,64.87,16,740,N/A
2017,9,28,14,30,365,343,623,105,894,776,13,41.37,0.107,1.9000000000000001,2.395,117.5,64.85,15,740,N/A
2017,9,28,15,30,90,821,547,90,821,547,13,56.21,0.107,1.6,2.4,119.60000000000001,69.61,15,740,N/A
2017,9,28,16,30,68,665,284,68,665,284,13,71.11,0.107,1.2000000000000002,2.391,118.30000000000001,76.09,14,740,N/A
2017,9,28,17,30,25,221,40,25,221,40,14,86.04,0.107,0.8,2.36,114.30000000000001,84.71000000000001,12,740,N/A
2017,9,28,18,30,0,0,0,0,0,0,13,100.98,0.107,0.7000000000000001,2.342,104.10000000000001,87.62,11,740,N/A
2017,9,28,19,30,0,0,0,0,0,0,13,115.94,0.107,0.6000000000000001,2.364,101.2,91.59,11,740,N/A
2017,9,28,20,30,0,0,0,0,0,0,13,130.89000000000001,0.107,0.5,2.3890000000000002,105.5,91.18,11,740,N/A
2017,9,28,21,30,0,0,0,0,0,0,13,145.84,0.107,0.5,2.3810000000000002,102.10000000000001,90.31,10,740,N/A
2017,9,28,22,30,0,0,0,0,0,0,13,160.76,0.107,0.5,2.357,89.4,95.31,10,740,N/A
2017,9,28,23,30,0,0,0,0,0,0,12,175.34,0.107,0.5,2.333,82.7,93.31,10,740,N/A
2017,9,29,0,30,0,0,0,0,0,0,12,168.95000000000002,0.107,0.5,2.311,83.5,91.72,9,740,N/A
2017,9,29,1,30,0,0,0,0,0,0,12,154.1,0.107,0.5,2.294,89.2,96.51,9,740,N/A
2017,9,29,2,30,0,0,0,0,0,0,12,139.16,0.107,0.4,2.283,85.2,95.19,9,740,N/A
2017,9,29,3,30,0,0,0,0,0,0,12,124.21000000000001,0.107,0.4,2.271,77.80000000000001,93.72,8,740,N/A
2017,9,29,4,30,0,0,0,0,0,0,11,109.26,0.107,0.4,2.2560000000000002,68.60000000000001,92.12,8,740,N/A
2017,9,29,5,30,0,0,0,0,0,0,11,94.31,0.107,0.5,2.241,59.2,90.67,8,740,N/A
2017,9,29,6,30,43,547,144,43,547,144,12,79.37,0.107,0.9,2.23,68.60000000000001,83.12,10,740,N/A
2017,9,29,7,30,66,802,412,66,802,412,12,64.46000000000001,0.107,1.3,2.226,88.60000000000001,76.96000000000001,12,740,N/A
2017,9,29,8,30,78,907,666,78,907,666,12,49.6,0.107,1.6,2.231,100.4,72.02,14,740,N/A
2017,9,29,9,30,392,52,435,84,961,874,12,34.84,0.107,1.8,2.243,109.4,62.71,15,740,N/A
2017,9,29,10,30,86,992,1016,86,992,1016,12,20.42,0.107,2.1,2.259,115.4,59.92,16,740,N/A
2017,9,29,11,30,88,1002,1080,88,1002,1080,13,8.35,0.107,2.4000000000000004,2.283,119.5,60.9,17,740,N/A
2017,9,29,12,30,89,997,1060,89,997,1060,13,13.1,0.107,2.5,2.315,121.2,61.800000000000004,17,740,N/A
2017,9,29,13,30,492,137,614,92,969,957,13,26.89,0.107,2.4000000000000004,2.355,120.60000000000001,62.25,16,740,N/A
2017,9,29,14,30,348,51,387,88,926,782,13,41.52,0.107,2.3000000000000003,2.394,120.10000000000001,66.48,15,740,N/A
2017,9,29,15,30,259,87,308,78,852,551,13,56.34,0.107,2.1,2.4250000000000003,119.30000000000001,71.66,14,740,N/A
2017,9,29,16,30,103,0,103,62,692,285,14,71.23,0.107,1.7000000000000002,2.443,117.30000000000001,77.86,13,740,N/A
2017,9,29,17,30,14,0,14,23,253,40,14,86.15,0.107,1.1,2.445,115,85.73,12,740,N/A
2017,9,29,18,30,0,0,0,0,0,0,15,101.09,0.107,0.9,2.437,116.4,94.71000000000001,12,740,N/A
2017,9,29,19,30,0,0,0,0,0,0,14,116.04,0.106,0.9,2.423,114.60000000000001,99.52,11,740,N/A
2017,9,29,20,30,0,0,0,0,0,0,14,131,0.106,0.9,2.4090000000000003,114.2,97.18,11,740,N/A
2017,9,29,21,30,0,0,0,0,0,0,14,145.95000000000002,0.106,0.9,2.4010000000000002,112.9,95.25,10,740,N/A
2017,9,29,22,30,0,0,0,0,0,0,13,160.89000000000001,0.106,0.8,2.3970000000000002,114.2,99.27,10,740,N/A
2017,9,29,23,30,0,0,0,0,0,0,13,175.58,0.106,0.8,2.386,115.60000000000001,96.83,9,740,N/A
2017,9,30,0,30,0,0,0,0,0,0,13,168.94,0.106,0.7000000000000001,2.367,113.9,100,9,740,N/A
2017,9,30,1,30,0,0,0,0,0,0,12,154.05,0.106,0.7000000000000001,2.346,111.7,99.64,9,740,N/A
2017,9,30,2,30,0,0,0,0,0,0,12,139.11,0.106,0.7000000000000001,2.327,114.60000000000001,98.02,9,740,N/A
2017,9,30,3,30,0,0,0,0,0,0,12,124.15,0.106,0.6000000000000001,2.309,118.2,96.34,8,740,N/A
2017,9,30,4,30,0,0,0,0,0,0,12,109.2,0.106,0.5,2.295,123,94.35000000000001,8,740,N/A
2017,9,30,5,30,0,0,0,0,0,0,11,94.26,0.106,0.6000000000000001,2.285,126.9,92.87,8,740,N/A
2017,9,30,6,30,70,58,80,39,583,147,12,79.33,0.106,1.1,2.2800000000000002,129.9,90.07000000000001,9,740,N/A
2017,9,30,7,30,173,37,189,60,823,416,12,64.43,0.106,1.6,2.285,137.1,87.67,11,740,N/A
2017,9,30,8,30,262,30,281,72,920,669,12,49.57,0.106,1.9000000000000001,2.3000000000000003,139.6,77,12,740,N/A
2017,9,30,9,30,358,35,387,79,969,875,12,34.84,0.106,2.1,2.319,142.20000000000002,71.89,13,740,N/A
2017,9,30,10,30,314,30,342,87,990,1015,12,20.490000000000002,0.106,2.4000000000000004,2.34,137.9,67.03,14,740,N/A
2017,9,30,11,30,164,14,178,91,998,1078,12,8.65,0.106,2.5,2.358,133.9,66.97,15,740,N/A
2017,9,30,12,30,525,298,815,90,995,1058,12,13.39,0.106,2.6,2.371,132.6,66.81,15,740,N/A
2017,9,30,13,30,418,43,456,108,945,950,12,27.07,0.106,2.5,2.378,131.4,66.91,15,740,N/A
2017,9,30,14,30,395,167,520,99,907,777,12,41.67,0.106,2.4000000000000004,2.382,129.8,66.96000000000001,14,740,N/A
2017,9,30,15,30,268,147,349,85,834,546,12,56.47,0.106,2,2.378,127.7,71.37,13,740,N/A
2017,9,30,16,30,125,38,137,65,678,282,13,71.35000000000001,0.106,1.5,2.358,126,77.60000000000001,12,740,N/A
2017,9,30,17,30,23,232,38,23,232,38,13,86.26,0.106,0.7000000000000001,2.327,121.10000000000001,91.55,11,740,N/A
2017,9,30,18,30,0,0,0,0,0,0,13,101.2,0.106,0.2,2.29,107.60000000000001,90.57000000000001,10,740,N/A
2017,9,30,19,30,0,0,0,0,0,0,12,116.15,0.106,0.2,2.25,83.60000000000001,92.77,10,740,N/A
2017,9,30,20,30,0,0,0,0,0,0,12,131.1,0.106,0.30000000000000004,2.213,73.2,89.77,10,740,N/A
2017,9,30,21,30,0,0,0,0,0,0,12,146.06,0.106,0.30000000000000004,2.179,59.7,88.07000000000001,9,740,N/A
2017,9,30,22,30,0,0,0,0,0,0,11,161,0.106,0.30000000000000004,2.154,47,91.71000000000001,9,740,N/A
2017,9,30,23,30,0,0,0,0,0,0,11,175.8,0.106,0.30000000000000004,2.136,29.6,89.08,9,740,N/A
2017,10,1,0,30,0,0,0,0,0,0,10,168.92000000000002,0.106,0.30000000000000004,2.12,15.100000000000001,86.59,8,740,N/A
2017,10,1,1,30,0,0,0,0,0,0,10,154,0.106,0.30000000000000004,2.1,17.2,84.55,8,740,N/A
2017,10,1,2,30,0,0,0,0,0,0,10,139.05,0.106,0.30000000000000004,2.075,29.1,88.33,8,740,N/A
2017,10,1,3,30,0,0,0,0,0,0,9,124.10000000000001,0.106,0.30000000000000004,2.051,40.7,86.07000000000001,8,740,N/A
2017,10,1,4,30,0,0,0,0,0,0,9,109.15,0.106,0.2,2.037,42.6,84.05,7,740,N/A
2017,10,1,5,30,0,0,0,0,0,0,9,94.21000000000001,0.106,0.2,2.035,34.9,82.37,8,740,N/A
2017,10,1,6,30,37,616,151,37,616,151,10,79.28,0.106,0.30000000000000004,2.045,26,78.88,10,740,N/A
2017,10,1,7,30,178,45,198,56,843,421,11,64.39,0.106,0.6000000000000001,2.073,96.2,70.13,13,740,N/A
2017,10,1,8,30,245,23,260,68,933,674,11,49.550000000000004,0.106,1,2.115,103.80000000000001,62.06,14,740,N/A
2017,10,1,9,30,370,40,403,77,978,880,11,34.85,0.106,1.3,2.158,106,59.38,15,740,N/A
2017,10,1,10,30,503,87,585,83,1000,1019,12,20.56,0.106,1.6,2.196,110.10000000000001,57.550000000000004,16,740,N/A
2017,10,1,11,30,87,1006,1081,87,1006,1081,12,8.96,0.106,1.9000000000000001,2.231,115.2,59.230000000000004,17,740,N/A
2017,10,1,12,30,248,19,267,87,1001,1060,13,13.68,0.106,2,2.2640000000000002,117.80000000000001,60.42,17,740,N/A
2017,10,1,13,30,90,975,957,90,975,957,13,27.26,0.106,1.9000000000000001,2.2920000000000003,118.4,61.49,16,740,N/A
2017,10,1,14,30,394,162,515,84,936,782,13,41.82,0.106,1.8,2.316,117.5,66.15,16,740,N/A
2017,10,1,15,30,153,7,158,73,867,551,13,56.6,0.106,1.6,2.33,116.10000000000001,70.9,15,740,N/A
2017,10,1,16,30,133,88,161,58,713,285,13,71.47,0.106,1.2000000000000002,2.331,114,76.86,14,740,N/A
2017,10,1,17,30,21,12,21,21,272,38,14,86.38,0.106,0.7000000000000001,2.315,112.10000000000001,91.51,12,740,N/A
2017,10,1,18,30,0,0,0,0,0,0,14,101.31,0.106,0.5,2.291,106.5,98.19,11,740,N/A
2017,10,1,19,30,0,0,0,0,0,0,14,116.25,0.106,0.5,2.2640000000000002,98.4,96.58,10,740,N/A
2017,10,1,20,30,0,0,0,0,0,0,14,131.21,0.106,0.4,2.231,88.60000000000001,100,10,740,N/A
2017,10,1,21,30,0,0,0,0,0,0,13,146.16,0.106,0.4,2.195,81.5,98.91,10,740,N/A
2017,10,1,22,30,0,0,0,0,0,0,13,161.11,0.106,0.30000000000000004,2.157,72.7,96.09,9,740,N/A
2017,10,1,23,30,0,0,0,0,0,0,12,175.98,0.106,0.30000000000000004,2.119,62.800000000000004,98.99000000000001,9,740,N/A
2017,10,2,0,30,0,0,0,0,0,0,12,168.88,0.106,0.4,2.085,60.400000000000006,95.52,9,740,N/A
2017,10,2,1,30,0,0,0,0,0,0,11,153.94,0.106,0.4,2.06,50.7,92.66,9,740,N/A
2017,10,2,2,30,0,0,0,0,0,0,11,138.99,0.106,0.4,2.045,40.1,90.64,9,740,N/A
2017,10,2,3,30,0,0,0,0,0,0,11,124.04,0.106,0.4,2.035,28.3,88.9,8,740,N/A
2017,10,2,4,30,0,0,0,0,0,0,10,109.09,0.106,0.4,2.021,14.8,87.27,8,740,N/A
2017,10,2,5,30,0,0,0,0,0,0,10,94.16,0.106,0.30000000000000004,2.007,6.4,85.47,8,740,N/A
2017,10,2,6,30,72,105,91,38,610,152,11,79.24,0.106,0.30000000000000004,1.99,1.2000000000000002,83.63,10,740,N/A
2017,10,2,7,30,159,20,168,58,844,423,12,64.36,0.106,0.6000000000000001,1.984,67.60000000000001,79.01,12,740,N/A
2017,10,2,8,30,68,938,677,68,938,677,12,49.54,0.106,1.2000000000000002,1.996,91.5,68.16,14,740,N/A
2017,10,2,9,30,75,985,884,75,985,884,11,34.86,0.106,1.5,2.021,102.2,58.660000000000004,15,740,N/A
2017,10,2,10,30,461,50,508,90,994,1021,11,20.64,0.106,1.6,2.057,109.4,56.370000000000005,16,740,N/A
2017,10,2,11,30,457,342,795,94,1001,1083,12,9.28,0.106,1.7000000000000002,2.103,116.10000000000001,54.7,17,740,N/A
2017,10,2,12,30,355,23,378,96,993,1060,12,13.97,0.106,1.6,2.1590000000000003,121.7,56.370000000000005,18,740,N/A
2017,10,2,13,30,475,95,560,98,965,955,13,27.45,0.106,1.4000000000000001,2.215,126.7,57.7,17,740,N/A
2017,10,2,14,30,139,8,146,96,916,777,13,41.97,0.106,1.1,2.271,131.70000000000002,62.53,16,740,N/A
2017,10,2,15,30,13,0,13,87,831,543,13,56.730000000000004,0.106,0.8,2.327,137.5,67.96000000000001,15,740,N/A
2017,10,2,16,30,6,0,6,68,659,276,14,71.59,0.106,0.5,2.375,142.3,79.75,14,740,N/A
2017,10,2,17,30,0,0,0,23,203,35,15,86.49,0.106,0.30000000000000004,2.4050000000000002,138.3,89.67,12,740,N/A
2017,10,2,18,30,0,0,0,0,0,0,15,101.41,0.106,0.30000000000000004,2.42,135.1,94.86,12,740,N/A
2017,10,2,19,30,0,0,0,0,0,0,14,116.35000000000001,0.106,0.4,2.427,134.70000000000002,99.9,11,740,N/A
2017,10,2,20,30,0,0,0,0,0,0,14,131.3,0.106,0.4,2.4250000000000003,130.4,98.51,11,740,N/A
2017,10,2,21,30,0,0,0,0,0,0,14,146.26,0.106,0.5,2.415,130.5,96.75,10,740,N/A
2017,10,2,22,30,0,0,0,0,0,0,14,161.21,0.106,0.5,2.3970000000000002,129.20000000000002,95.09,10,740,N/A
2017,10,2,23,30,0,0,0,0,0,0,14,176.14000000000001,0.106,0.5,2.376,124.30000000000001,100,10,740,N/A
2017,10,3,0,30,0,0,0,0,0,0,13,168.83,0.106,0.5,2.359,120,98.32000000000001,10,740,N/A
2017,10,3,1,30,0,0,0,0,0,0,13,153.88,0.106,0.5,2.344,114.9,96.91,10,740,N/A
2017,10,3,2,30,0,0,0,0,0,0,13,138.93,0.106,0.5,2.335,106.60000000000001,95.60000000000001,9,740,N/A
2017,10,3,3,30,0,0,0,0,0,0,13,123.98,0.106,0.5,2.335,98,94.32000000000001,9,740,N/A
2017,10,3,4,30,0,0,0,0,0,0,12,109.04,0.106,0.4,2.338,85.5,92.88,9,740,N/A
2017,10,3,5,30,0,0,0,0,0,0,12,94.11,0.106,0.4,2.338,65.3,91.42,9,740,N/A
2017,10,3,6,30,70,41,77,39,591,150,13,79.2,0.106,0.5,2.338,49.1,88.62,11,740,N/A
2017,10,3,7,30,197,158,266,60,826,418,14,64.33,0.106,0.9,2.35,51.300000000000004,88.06,12,740,N/A
2017,10,3,8,30,318,90,376,72,922,670,13,49.53,0.106,1.2000000000000002,2.376,60.800000000000004,77.43,13,740,N/A
2017,10,3,9,30,79,970,875,79,970,875,13,34.88,0.106,1.5,2.4050000000000002,75.2,71.56,14,740,N/A
2017,10,3,10,30,456,48,501,91,985,1012,13,20.73,0.106,1.7000000000000002,2.431,88,67.87,15,740,N/A
2017,10,3,11,30,92,995,1074,92,995,1074,13,9.6,0.106,1.9000000000000001,2.453,97.2,68.09,16,740,N/A
2017,10,3,12,30,91,993,1054,91,993,1054,14,14.27,0.106,2,2.475,103.7,68.64,16,740,N/A
2017,10,3,13,30,108,943,944,108,943,944,14,27.650000000000002,0.106,2,2.494,110.30000000000001,69.47,15,740,N/A
2017,10,3,14,30,99,903,769,99,903,769,14,42.12,0.106,1.9000000000000001,2.5060000000000002,117.5,74.83,15,740,N/A
2017,10,3,15,30,250,71,289,85,830,539,14,56.86,0.106,1.7000000000000002,2.5100000000000002,122.5,80.62,14,740,N/A
2017,10,3,16,30,128,63,148,64,674,276,14,71.71000000000001,0.106,1.3,2.503,124.30000000000001,87.2,13,740,N/A
2017,10,3,17,30,18,0,18,21,224,35,15,86.60000000000001,0.106,0.8,2.489,124.60000000000001,95.93,12,740,N/A
2017,10,3,18,30,0,0,0,0,0,0,15,101.52,0.106,0.6000000000000001,2.479,129.70000000000002,94.49,11,740,N/A
2017,10,3,19,30,0,0,0,0,0,0,14,116.45,0.106,0.5,2.477,126.30000000000001,99.07000000000001,11,740,N/A
2017,10,3,20,30,0,0,0,0,0,0,14,131.4,0.106,0.5,2.479,117.9,97.19,10,740,N/A
2017,10,3,21,30,0,0,0,0,0,0,14,146.35,0.106,0.5,2.477,118.60000000000001,100,10,740,N/A
2017,10,3,22,30,0,0,0,0,0,0,13,161.3,0.106,0.5,2.468,118.30000000000001,99.55,10,740,N/A
2017,10,3,23,30,0,0,0,0,0,0,13,176.25,0.106,0.5,2.453,112.30000000000001,97.10000000000001,10,740,N/A
2017,10,4,0,30,0,0,0,0,0,0,13,168.77,0.106,0.6000000000000001,2.428,104.30000000000001,94.99,9,740,N/A
2017,10,4,1,30,0,0,0,0,0,0,13,153.82,0.106,0.8,2.396,99.80000000000001,93.8,9,740,N/A
2017,10,4,2,30,0,0,0,0,0,0,12,138.87,0.106,0.9,2.372,99.4,93.03,9,740,N/A
2017,10,4,3,30,0,0,0,0,0,0,12,123.92,0.106,0.9,2.368,98.80000000000001,92.44,9,740,N/A
2017,10,4,4,30,0,0,0,0,0,0,12,108.98,0.106,0.8,2.379,100.80000000000001,96.86,9,740,N/A
2017,10,4,5,30,0,0,0,0,0,0,12,94.06,0.106,0.7000000000000001,2.3890000000000002,104.30000000000001,97.42,9,740,N/A
2017,10,4,6,30,70,39,77,37,617,153,13,79.16,0.106,1.1,2.383,114.60000000000001,94.79,10,740,N/A
2017,10,4,7,30,181,50,203,56,842,421,13,64.3,0.106,1.7000000000000002,2.367,120.10000000000001,92.03,11,740,N/A
2017,10,4,8,30,328,131,413,67,934,673,13,49.52,0.106,2.1,2.341,117.80000000000001,85.13,11,740,N/A
2017,10,4,9,30,425,86,495,72,985,880,13,34.9,0.106,2.5,2.298,114.2,82.71000000000001,12,740,N/A
2017,10,4,10,30,338,22,359,75,1011,1020,12,20.830000000000002,0.106,3,2.259,110.7,74.45,13,740,N/A
2017,10,4,11,30,485,91,576,79,1018,1082,12,9.92,0.106,3.1,2.247,110.5,68.03,14,740,N/A
2017,10,4,12,30,469,81,548,83,1009,1060,11,14.57,0.106,2.9000000000000004,2.255,112.80000000000001,63.370000000000005,15,740,N/A
2017,10,4,13,30,490,150,623,88,980,955,11,27.84,0.106,2.7,2.2640000000000002,115.4,63.31,14,740,N/A
2017,10,4,14,30,82,942,779,82,942,779,11,42.28,0.106,2.5,2.267,117.9,67.28,14,740,N/A
2017,10,4,15,30,72,871,547,72,871,547,11,57,0.106,2.2,2.263,118.80000000000001,71.81,13,740,N/A
2017,10,4,16,30,56,722,281,56,722,281,12,71.82000000000001,0.106,1.7000000000000002,2.253,116.80000000000001,78.38,12,740,N/A
2017,10,4,17,30,19,270,35,19,270,35,12,86.71000000000001,0.106,1,2.237,111,87.06,10,740,N/A
2017,10,4,18,30,0,0,0,0,0,0,12,101.62,0.106,0.6000000000000001,2.219,96.80000000000001,90.78,9,740,N/A
2017,10,4,19,30,0,0,0,0,0,0,12,116.55,0.106,0.5,2.201,89.60000000000001,94.15,9,740,N/A
2017,10,4,20,30,0,0,0,0,0,0,11,131.49,0.106,0.4,2.184,86.80000000000001,91.02,8,740,N/A
2017,10,4,21,30,0,0,0,0,0,0,11,146.43,0.106,0.30000000000000004,2.166,90.4,94.87,8,740,N/A
2017,10,4,22,30,0,0,0,0,0,0,10,161.38,0.106,0.2,2.15,98.4,93.07000000000001,8,740,N/A
2017,10,4,23,30,0,0,0,0,0,0,10,176.33,0.106,0.2,2.1390000000000002,109.2,91.31,7,740,N/A
2017,10,5,0,30,0,0,0,0,0,0,10,168.70000000000002,0.106,0.1,2.138,120,89.91,7,740,N/A
2017,10,5,1,30,0,0,0,0,0,0,10,153.75,0.106,0.1,2.1430000000000002,161.60000000000002,89.06,7,740,N/A
2017,10,5,2,30,0,0,0,0,0,0,9,138.8,0.106,0.30000000000000004,2.152,246.70000000000002,87.45,7,740,N/A
2017,10,5,3,30,0,0,0,0,0,0,9,123.86,0.106,0.4,2.16,227.8,85.89,8,740,N/A
2017,10,5,4,30,0,0,0,0,0,0,9,108.93,0.106,0.30000000000000004,2.161,214.8,85.09,8,740,N/A
2017,10,5,5,30,0,0,0,0,0,0,9,94.02,0.106,0.2,2.154,200.60000000000002,84.38,8,740,N/A
2017,10,5,6,30,72,113,94,37,623,154,10,79.12,0.106,0.5,2.1430000000000002,176.8,83.21000000000001,9,740,N/A
2017,10,5,7,30,197,174,273,55,852,425,11,64.28,0.106,1.2000000000000002,2.138,146.5,78.28,11,740,N/A
2017,10,5,8,30,321,98,385,65,943,677,11,49.51,0.106,1.8,2.145,143.20000000000002,71.25,13,740,N/A
2017,10,5,9,30,443,140,558,71,989,883,11,34.93,0.106,2.2,2.166,141.70000000000002,62.57,14,740,N/A
2017,10,5,10,30,472,57,526,94,987,1016,11,20.93,0.106,2.3000000000000003,2.191,138.8,59.45,15,740,N/A
2017,10,5,11,30,550,271,817,96,997,1077,12,10.26,0.106,2.4000000000000004,2.214,137.6,60.88,16,740,N/A
2017,10,5,12,30,481,51,531,95,993,1055,12,14.870000000000001,0.106,2.4000000000000004,2.239,136,61.83,16,740,N/A
2017,10,5,13,30,453,69,515,93,972,951,12,28.04,0.106,2.3000000000000003,2.267,134.3,62.11,15,740,N/A
2017,10,5,14,30,290,26,309,86,934,775,12,42.43,0.106,2,2.29,133.3,66.6,15,740,N/A
2017,10,5,15,30,251,79,294,74,862,543,12,57.13,0.106,1.7000000000000002,2.3040000000000003,131.20000000000002,71.94,14,740,N/A
2017,10,5,16,30,127,71,149,58,704,276,13,71.94,0.106,1.3,2.31,129.1,77.9,13,740,N/A
2017,10,5,17,30,18,0,18,20,242,33,13,86.81,0.106,0.7000000000000001,2.312,122.9,86.46000000000001,11,740,N/A
2017,10,5,18,30,0,0,0,0,0,0,13,101.72,0.106,0.4,2.314,103.30000000000001,92.56,11,740,N/A
2017,10,5,19,30,0,0,0,0,0,0,13,116.64,0.106,0.2,2.317,83.7,90.85000000000001,10,740,N/A
2017,10,5,20,30,0,0,0,0,0,0,13,131.57,0.106,0.2,2.316,67.5,95.37,10,740,N/A
2017,10,5,21,30,0,0,0,0,0,0,12,146.51,0.106,0.2,2.31,62.5,93.67,10,740,N/A
2017,10,5,22,30,0,0,0,0,0,0,12,161.45000000000002,0.106,0.1,2.298,54.900000000000006,91.97,9,740,N/A
2017,10,5,23,30,0,0,0,0,0,0,12,176.37,0.106,0.1,2.277,34.9,96.23,9,740,N/A
2017,10,6,0,30,0,0,0,0,0,0,12,168.62,0.106,0.1,2.245,20.200000000000003,94.04,9,740,N/A
2017,10,6,1,30,0,0,0,0,0,0,11,153.68,0.106,0.1,2.206,16.7,91.66,9,740,N/A
2017,10,6,2,30,0,0,0,0,0,0,11,138.74,0.106,0.1,2.158,332.20000000000005,90.03,8,740,N/A
2017,10,6,3,30,0,0,0,0,0,0,11,123.8,0.106,0.2,2.093,320,88.5,8,740,N/A
2017,10,6,4,30,0,0,0,0,0,0,10,108.88,0.106,0.30000000000000004,2.007,303.6,91.94,8,740,N/A
2017,10,6,5,30,0,0,0,0,0,0,10,93.97,0.106,0.30000000000000004,1.9160000000000001,292.1,89.14,8,740,N/A
2017,10,6,6,30,41,599,154,41,599,154,10,79.09,0.106,0.2,1.833,292.8,81.18,10,740,N/A
2017,10,6,7,30,143,513,366,60,843,427,12,64.26,0.106,0.7000000000000001,1.7710000000000001,135.9,77.31,12,740,N/A
2017,10,6,8,30,70,943,683,70,943,683,12,49.51,0.106,1.7000000000000002,1.742,120.5,69.31,14,740,N/A
2017,10,6,9,30,410,407,744,75,995,891,12,34.96,0.106,2.4000000000000004,1.749,115.10000000000001,65.13,15,740,N/A
2017,10,6,10,30,493,351,821,79,1019,1030,12,21.04,0.106,2.8000000000000003,1.7790000000000001,114.60000000000001,61.6,16,740,N/A
2017,10,6,11,30,499,231,727,81,1027,1091,12,10.59,0.106,2.8000000000000003,1.823,113.5,58.18,17,740,N/A
2017,10,6,12,30,549,190,733,81,1022,1067,12,15.18,0.106,2.7,1.8820000000000001,110.7,58.29,17,740,N/A
2017,10,6,13,30,489,192,658,86,990,959,12,28.240000000000002,0.106,2.7,1.96,108.60000000000001,58.660000000000004,17,740,N/A
2017,10,6,14,30,379,269,577,83,945,779,12,42.59,0.106,2.6,2.045,108.30000000000001,62.410000000000004,16,740,N/A
2017,10,6,15,30,171,597,494,75,864,543,12,57.26,0.106,2.4000000000000004,2.134,107.9,66.58,14,740,N/A
2017,10,6,16,30,92,511,249,61,691,274,13,72.06,0.106,2,2.22,108,77.65,13,740,N/A
2017,10,6,17,30,20,163,28,20,213,31,14,86.92,0.106,1.4000000000000001,2.2920000000000003,110.9,88.92,12,740,N/A
2017,10,6,18,30,0,0,0,0,0,0,14,101.81,0.106,1.2000000000000002,2.349,117.2,91.37,11,740,N/A
2017,10,6,19,30,0,0,0,0,0,0,14,116.73,0.106,1.2000000000000002,2.3930000000000002,119.5,96.99000000000001,11,740,N/A
2017,10,6,20,30,0,0,0,0,0,0,14,131.65,0.106,1.3,2.4210000000000003,123.80000000000001,96.74000000000001,11,740,N/A
2017,10,6,21,30,0,0,0,0,0,0,14,146.59,0.106,1.4000000000000001,2.427,122.5,96.44,11,740,N/A
2017,10,6,22,30,0,0,0,0,0,0,14,161.52,0.106,1.3,2.41,116.60000000000001,95.31,10,740,N/A
2017,10,6,23,30,0,0,0,0,0,0,13,176.36,0.106,1.2000000000000002,2.3810000000000002,107.4,99.12,10,740,N/A
2017,10,7,0,30,0,0,0,0,0,0,13,168.52,0.106,0.9,2.347,99.60000000000001,96,9,740,N/A
2017,10,7,1,30,0,0,0,0,0,0,12,153.6,0.106,0.6000000000000001,2.3040000000000003,92.4,99.88,9,740,N/A
2017,10,7,2,30,0,0,0,0,0,0,12,138.67000000000002,0.106,0.4,2.2560000000000002,86.2,96.89,8,740,N/A
2017,10,7,3,30,0,0,0,0,0,0,11,123.74000000000001,0.106,0.30000000000000004,2.209,84.10000000000001,100,8,740,N/A
2017,10,7,4,30,0,0,0,0,0,0,11,108.83,0.106,0.30000000000000004,2.17,82.10000000000001,96.79,8,740,N/A
2017,10,7,5,30,0,0,0,0,0,0,11,93.93,0.106,0.4,2.148,80.4,93.72,8,740,N/A
2017,10,7,6,30,35,0,35,39,607,154,11,79.06,0.106,0.8,2.1470000000000002,96.30000000000001,90.29,9,740,N/A
2017,10,7,7,30,133,4,135,60,834,423,11,64.24,0.106,1.5,2.1630000000000003,105.4,81.62,10,740,N/A
2017,10,7,8,30,162,9,168,72,927,674,12,49.51,0.106,2.1,2.186,103.5,78.19,12,740,N/A
2017,10,7,9,30,127,7,133,80,976,879,12,35,0.106,2.5,2.208,104.4,69.38,13,740,N/A
2017,10,7,10,30,501,86,581,89,993,1016,12,21.16,0.106,2.8000000000000003,2.229,103.10000000000001,65.81,14,740,N/A
2017,10,7,11,30,270,29,299,88,1007,1077,12,10.93,0.106,2.9000000000000004,2.246,102.80000000000001,62.27,15,740,N/A
2017,10,7,12,30,205,17,222,86,1006,1055,12,15.48,0.106,2.9000000000000004,2.258,103.10000000000001,62.39,16,740,N/A
2017,10,7,13,30,209,16,224,91,974,948,12,28.44,0.106,2.8000000000000003,2.267,103.10000000000001,62.190000000000005,15,740,N/A
2017,10,7,14,30,239,17,252,83,938,773,12,42.74,0.106,2.7,2.273,102.5,65.94,15,740,N/A
2017,10,7,15,30,71,870,540,71,870,540,12,57.39,0.106,2.4000000000000004,2.2680000000000002,100.7,70.60000000000001,14,740,N/A
2017,10,7,16,30,53,725,275,53,725,275,12,72.17,0.106,1.8,2.242,97.2,75.9,13,740,N/A
2017,10,7,17,30,17,269,31,17,269,31,13,87.02,0.106,1,2.203,91.9,84.24,11,740,N/A
2017,10,7,18,30,0,0,0,0,0,0,12,101.91,0.106,0.5,2.165,81.10000000000001,93.2,10,740,N/A
2017,10,7,19,30,0,0,0,0,0,0,12,116.81,0.105,0.5,2.133,66.10000000000001,90.5,9,740,N/A
2017,10,7,20,30,0,0,0,0,0,0,11,131.73,0.105,0.5,2.105,58.2,93.45,9,740,N/A
2017,10,7,21,30,0,0,0,0,0,0,11,146.66,0.105,0.5,2.086,59.800000000000004,90.10000000000001,8,740,N/A
2017,10,7,22,30,0,0,0,0,0,0,10,161.57,0.105,0.5,2.082,62,93.44,8,740,N/A
2017,10,7,23,30,0,0,0,0,0,0,10,176.31,0.105,0.4,2.083,57.6,92.26,8,740,N/A
2017,10,8,0,30,0,0,0,0,0,0,10,168.42000000000002,0.105,0.4,2.08,51.7,91.31,8,740,N/A
2017,10,8,1,30,0,0,0,0,0,0,10,153.52,0.105,0.4,2.072,46.7,90.66,7,740,N/A
2017,10,8,2,30,0,0,0,0,0,0,10,138.6,0.105,0.4,2.062,41.1,95.7,7,740,N/A
2017,10,8,3,30,0,0,0,0,0,0,10,123.69,0.105,0.30000000000000004,2.051,33.1,93.99,7,740,N/A
2017,10,8,4,30,0,0,0,0,0,0,9,108.78,0.105,0.30000000000000004,2.047,21,91.47,7,740,N/A
2017,10,8,5,30,0,0,0,0,0,0,9,93.89,0.105,0.4,2.05,11.700000000000001,89.91,7,740,N/A
2017,10,8,6,30,37,623,156,37,623,156,10,79.03,0.105,0.6000000000000001,2.058,12.4,79.35000000000001,9,740,N/A
2017,10,8,7,30,56,849,426,56,849,426,11,64.22,0.105,1.3,2.075,59.5,70.52,12,740,N/A
2017,10,8,8,30,66,942,678,66,942,678,11,49.52,0.105,1.9000000000000001,2.097,79.9,62.910000000000004,14,740,N/A
2017,10,8,9,30,367,38,399,72,989,882,12,35.050000000000004,0.105,2.1,2.119,90.60000000000001,60.52,15,740,N/A
2017,10,8,10,30,78,1011,1020,78,1011,1020,12,21.29,0.105,2.2,2.1310000000000002,97.2,58.43,16,740,N/A
2017,10,8,11,30,502,165,665,79,1021,1081,12,11.27,0.105,2.1,2.1350000000000002,101.2,56.04,17,740,N/A
2017,10,8,12,30,235,19,253,79,1017,1058,12,15.790000000000001,0.105,1.9000000000000001,2.137,104.60000000000001,56.43,18,740,N/A
2017,10,8,13,30,126,7,132,76,999,954,12,28.64,0.105,1.7000000000000002,2.144,108.60000000000001,56.38,18,740,N/A
2017,10,8,14,30,126,6,131,71,963,777,12,42.9,0.105,1.5,2.158,112.10000000000001,59.88,17,740,N/A
2017,10,8,15,30,63,894,543,63,894,543,12,57.52,0.105,1.2000000000000002,2.183,114,63.940000000000005,16,740,N/A
2017,10,8,16,30,50,741,275,50,741,275,13,72.29,0.105,0.8,2.218,111.9,69.86,15,740,N/A
2017,10,8,17,30,17,263,30,17,263,30,14,87.12,0.105,0.5,2.253,108.60000000000001,84.53,13,740,N/A
2017,10,8,18,30,0,0,0,0,0,0,14,102,0.105,0.4,2.286,99.7,90.34,12,740,N/A
2017,10,8,19,30,0,0,0,0,0,0,14,116.9,0.105,0.4,2.306,92.9,89.87,12,740,N/A
2017,10,8,20,30,0,0,0,0,0,0,14,131.81,0.105,0.4,2.301,96.7,89.64,11,740,N/A
2017,10,8,21,30,0,0,0,0,0,0,14,146.72,0.105,0.4,2.258,104.7,94.69,11,740,N/A
2017,10,8,22,30,0,0,0,0,0,0,13,161.61,0.105,0.5,2.207,109.80000000000001,98.01,10,740,N/A
2017,10,8,23,30,0,0,0,0,0,0,13,176.21,0.105,0.5,2.211,106.60000000000001,94.44,10,740,N/A
2017,10,9,0,30,0,0,0,0,0,0,12,168.3,0.105,0.4,2.251,101.30000000000001,92.36,10,740,N/A
2017,10,9,1,30,0,0,0,0,0,0,12,153.44,0.105,0.2,2.269,92.7,92.67,9,740,N/A
2017,10,9,2,30,0,0,0,0,0,0,12,138.54,0.105,0.1,2.262,80.4,91.28,9,740,N/A
2017,10,9,3,30,0,0,0,0,0,0,12,123.63000000000001,0.105,0.2,2.24,35.6,95.67,9,740,N/A
2017,10,9,4,30,0,0,0,0,0,0,11,108.73,0.105,0.30000000000000004,2.207,17.2,93.3,9,740,N/A
2017,10,9,5,30,0,0,0,0,0,0,11,93.85000000000001,0.105,0.4,2.1710000000000003,20,91.3,9,740,N/A
2017,10,9,6,30,41,588,154,41,588,154,12,79,0.105,0.6000000000000001,2.14,22.1,83.74,10,740,N/A
2017,10,9,7,30,63,826,422,63,826,422,13,64.21000000000001,0.105,0.8,2.126,64.8,79.05,12,740,N/A
2017,10,9,8,30,262,491,581,75,922,674,13,49.53,0.105,1.1,2.141,101.5,74.93,14,740,N/A
2017,10,9,9,30,84,969,878,84,969,878,13,35.09,0.105,1.3,2.183,124.10000000000001,69.94,15,740,N/A
2017,10,9,10,30,335,22,355,109,965,1008,13,21.42,0.105,1.3,2.231,137.9,66.85,16,740,N/A
2017,10,9,11,30,238,19,257,114,971,1066,13,11.61,0.105,1.3,2.273,145.70000000000002,63.76,17,740,N/A
2017,10,9,12,30,504,68,570,114,965,1041,14,16.1,0.105,1.3,2.322,148.6,65.17,16,740,N/A
2017,10,9,13,30,315,22,335,126,916,929,14,28.85,0.105,1.4000000000000001,2.392,150.3,70.37,16,740,N/A
2017,10,9,14,30,164,11,173,123,855,748,14,43.050000000000004,0.105,1.3,2.475,159.70000000000002,75.62,15,740,N/A
2017,10,9,15,30,11,0,11,110,755,514,14,57.65,0.105,1.2000000000000002,2.541,170.10000000000002,82.10000000000001,14,740,N/A
2017,10,9,16,30,5,0,5,83,557,252,15,72.4,0.105,1,2.581,169.20000000000002,90.02,13,740,N/A
2017,10,9,17,30,0,0,0,20,114,25,15,87.22,0.105,0.8,2.603,160.3,91.88,12,740,N/A
2017,10,9,18,30,0,0,0,0,0,0,15,102.09,0.105,0.8,2.614,146.6,97.91,12,740,N/A
2017,10,9,19,30,0,0,0,0,0,0,15,116.98,0.105,0.9,2.616,141.6,96.56,12,740,N/A
2017,10,9,20,30,0,0,0,0,0,0,15,131.88,0.105,1,2.608,137.6,95.03,11,740,N/A
2017,10,9,21,30,0,0,0,0,0,0,15,146.78,0.105,1.1,2.591,134.4,100,11,740,N/A
2017,10,9,22,30,0,0,0,0,0,0,14,161.65,0.105,1.1,2.567,131.5,98.64,11,740,N/A
2017,10,9,23,30,0,0,0,0,0,0,14,176.09,0.105,0.8,2.5300000000000002,129.5,96.73,10,740,N/A
2017,10,10,0,30,0,0,0,0,0,0,14,168.18,0.105,0.5,2.485,135.70000000000002,95.11,10,740,N/A
2017,10,10,1,30,0,0,0,0,0,0,13,153.36,0.105,0.5,2.432,135.70000000000002,99.15,10,740,N/A
2017,10,10,2,30,0,0,0,0,0,0,13,138.47,0.105,0.5,2.374,126.80000000000001,96.69,10,740,N/A
2017,10,10,3,30,0,0,0,0,0,0,13,123.57000000000001,0.105,0.5,2.315,110.7,94.01,9,740,N/A
2017,10,10,4,30,0,0,0,0,0,0,12,108.68,0.105,0.4,2.253,90.7,97.47,9,740,N/A
2017,10,10,5,30,0,0,0,0,0,0,12,93.81,0.105,0.4,2.196,77,94.31,9,740,N/A
2017,10,10,6,30,74,138,100,43,581,154,12,78.97,0.105,0.7000000000000001,2.158,82.4,87.14,11,740,N/A
2017,10,10,7,30,199,173,274,65,821,422,13,64.2,0.105,1.1,2.1390000000000002,95.4,75.95,13,740,N/A
2017,10,10,8,30,267,464,568,76,922,674,13,49.54,0.105,1.4000000000000001,2.136,108.2,70.4,15,740,N/A
2017,10,10,9,30,81,975,879,81,975,879,13,35.15,0.105,1.7000000000000002,2.1510000000000002,123.30000000000001,65.48,16,740,N/A
2017,10,10,10,30,525,168,682,85,1001,1016,13,21.56,0.105,1.9000000000000001,2.183,128.20000000000002,62.83,17,740,N/A
2017,10,10,11,30,88,1007,1074,88,1007,1074,14,11.96,0.105,2,2.234,131.4,60.5,18,740,N/A
2017,10,10,12,30,92,997,1049,92,997,1049,14,16.41,0.105,2.1,2.2960000000000003,134.3,61.33,17,740,N/A
2017,10,10,13,30,106,950,936,106,950,936,14,29.05,0.105,2,2.365,136.1,65.57000000000001,16,740,N/A
2017,10,10,14,30,70,0,70,103,895,756,14,43.21,0.105,1.9000000000000001,2.433,137,70.39,15,740,N/A
2017,10,10,15,30,12,0,12,91,808,522,14,57.78,0.105,1.7000000000000002,2.488,139.4,76.51,14,740,N/A
2017,10,10,16,30,6,0,6,70,623,257,15,72.51,0.105,1.4000000000000001,2.529,140.4,88.58,13,740,N/A
2017,10,10,17,30,19,148,26,19,148,26,15,87.32000000000001,0.105,1.1,2.5540000000000003,139.9,90.34,12,740,N/A
2017,10,10,18,30,0,0,0,0,0,0,15,102.18,0.105,1,2.565,140.3,97.22,12,740,N/A
2017,10,10,19,30,0,0,0,0,0,0,15,117.05,0.105,0.9,2.567,141.3,97.15,12,740,N/A
2017,10,10,20,30,0,0,0,0,0,0,15,131.94,0.105,0.9,2.564,135.70000000000002,96.24000000000001,11,740,N/A
2017,10,10,21,30,0,0,0,0,0,0,15,146.83,0.105,0.9,2.543,128.20000000000002,100,11,740,N/A
2017,10,10,22,30,0,0,0,0,0,0,14,161.67000000000002,0.105,0.7000000000000001,2.503,121.60000000000001,99.2,11,740,N/A
2017,10,10,23,30,0,0,0,0,0,0,14,175.92000000000002,0.105,0.6000000000000001,2.458,114,97.18,11,740,N/A
2017,10,11,0,30,0,0,0,0,0,0,14,168.05,0.105,0.5,2.4210000000000003,106.10000000000001,95.16,10,740,N/A
2017,10,11,1,30,0,0,0,0,0,0,13,153.27,0.105,0.4,2.388,93.2,99.12,10,740,N/A
2017,10,11,2,30,0,0,0,0,0,0,13,138.4,0.105,0.4,2.349,75.4,96.74000000000001,10,740,N/A
2017,10,11,3,30,0,0,0,0,0,0,13,123.51,0.105,0.4,2.311,56,94.51,9,740,N/A
2017,10,11,4,30,0,0,0,0,0,0,12,108.63,0.105,0.4,2.285,41.900000000000006,92.23,9,740,N/A
2017,10,11,5,30,0,0,0,0,0,0,12,93.77,0.105,0.30000000000000004,2.274,40.6,90.47,9,740,N/A
2017,10,11,6,30,55,0,55,46,547,151,12,78.95,0.105,0.4,2.274,50.5,92.2,10,740,N/A
2017,10,11,7,30,190,68,220,72,791,417,13,64.19,0.105,0.6000000000000001,2.283,80.60000000000001,83.16,11,740,N/A
2017,10,11,8,30,326,117,402,85,899,668,13,49.56,0.105,0.9,2.2960000000000003,96.2,79.42,13,740,N/A
2017,10,11,9,30,420,79,485,90,957,873,13,35.21,0.105,1.2000000000000002,2.307,102.80000000000001,73.58,14,740,N/A
2017,10,11,10,30,396,29,423,93,987,1010,13,21.71,0.105,1.5,2.317,106.4,68.46000000000001,15,740,N/A
2017,10,11,11,30,506,60,565,91,1002,1070,13,12.3,0.105,1.6,2.332,109.60000000000001,65.31,16,740,N/A
2017,10,11,12,30,445,38,482,90,999,1047,13,16.72,0.105,1.6,2.36,112.80000000000001,62.13,16,740,N/A
2017,10,11,13,30,343,25,366,98,960,937,13,29.26,0.105,1.5,2.3970000000000002,114.80000000000001,62.68,16,740,N/A
2017,10,11,14,30,383,160,500,92,917,759,13,43.37,0.105,1.3,2.438,115,67.29,16,740,N/A
2017,10,11,15,30,251,100,304,80,839,526,13,57.910000000000004,0.105,1.2000000000000002,2.475,114.60000000000001,72.48,15,740,N/A
2017,10,11,16,30,124,90,151,61,669,261,14,72.62,0.105,0.9,2.495,115.60000000000001,79.32000000000001,14,740,N/A
2017,10,11,17,30,15,0,15,18,174,25,14,87.42,0.105,0.5,2.497,118.30000000000001,87.48,12,740,N/A
2017,10,11,18,30,0,0,0,0,0,0,14,102.26,0.105,0.2,2.488,119.9,87.87,12,740,N/A
2017,10,11,19,30,0,0,0,0,0,0,14,117.13,0.105,0.2,2.47,106.10000000000001,91.8,12,740,N/A
2017,10,11,20,30,0,0,0,0,0,0,14,132,0.105,0.2,2.444,86.7,92.14,11,740,N/A
2017,10,11,21,30,0,0,0,0,0,0,14,146.87,0.105,0.2,2.4050000000000002,76.80000000000001,97.85000000000001,11,740,N/A
2017,10,11,22,30,0,0,0,0,0,0,14,161.69,0.105,0.2,2.349,71.7,96.08,11,740,N/A
2017,10,11,23,30,0,0,0,0,0,0,14,175.73,0.105,0.2,2.2800000000000002,69.5,94.2,10,740,N/A
2017,10,12,0,30,0,0,0,0,0,0,13,167.91,0.105,0.2,2.204,69.8,98.22,10,740,N/A
2017,10,12,1,30,0,0,0,0,0,0,13,153.18,0.105,0.2,2.134,67.10000000000001,95.76,10,740,N/A
2017,10,12,2,30,0,0,0,0,0,0,12,138.33,0.105,0.30000000000000004,2.07,58.7,93.35000000000001,9,740,N/A
2017,10,12,3,30,0,0,0,0,0,0,12,123.45,0.105,0.30000000000000004,2.016,47.7,96.74000000000001,9,740,N/A
2017,10,12,4,30,0,0,0,0,0,0,12,108.59,0.105,0.30000000000000004,1.972,32.1,93.7,9,740,N/A
2017,10,12,5,30,0,0,0,0,0,0,11,93.74,0.105,0.30000000000000004,1.944,12.700000000000001,90.51,9,740,N/A
2017,10,12,6,30,40,616,158,40,616,158,12,78.93,0.105,0.30000000000000004,1.943,1.7000000000000002,82.34,10,740,N/A
2017,10,12,7,30,60,843,427,60,843,427,12,64.19,0.105,0.8,1.974,67.9,75.68,13,740,N/A
2017,10,12,8,30,70,938,679,70,938,679,12,49.58,0.105,1.5,2.033,105.4,67.66,14,740,N/A
2017,10,12,9,30,341,30,365,75,988,882,12,35.27,0.105,2,2.099,109.9,63.88,15,740,N/A
2017,10,12,10,30,197,16,212,83,1006,1017,13,21.86,0.105,2.2,2.1590000000000003,111,62.04,16,740,N/A
2017,10,12,11,30,558,215,768,84,1015,1075,13,12.65,0.105,2.3000000000000003,2.215,111.9,63.27,17,740,N/A
2017,10,12,12,30,491,59,547,84,1010,1050,13,17.03,0.105,2.4000000000000004,2.27,112.80000000000001,64.03,17,740,N/A
2017,10,12,13,30,106,951,934,106,951,934,14,29.46,0.105,2.4000000000000004,2.317,114.10000000000001,68.63,16,740,N/A
2017,10,12,14,30,99,905,756,99,905,756,14,43.52,0.105,2.3000000000000003,2.35,115.4,69.11,15,740,N/A
2017,10,12,15,30,190,18,199,85,826,523,14,58.03,0.105,2,2.369,116.5,74.81,14,740,N/A
2017,10,12,16,30,64,657,259,64,657,259,14,72.73,0.105,1.5,2.372,116.4,79.12,13,740,N/A
2017,10,12,17,30,17,169,25,17,169,25,15,87.51,0.105,0.8,2.36,113.80000000000001,88.26,12,740,N/A
2017,10,12,18,30,0,0,0,0,0,0,14,102.34,0.105,0.5,2.333,103.9,92.74,12,740,N/A
2017,10,12,19,30,0,0,0,0,0,0,14,117.2,0.105,0.5,2.29,95.7,96.33,11,740,N/A
2017,10,12,20,30,0,0,0,0,0,0,14,132.06,0.105,0.4,2.238,90.80000000000001,93.85000000000001,10,740,N/A
2017,10,12,21,30,0,0,0,0,0,0,13,146.91,0.105,0.30000000000000004,2.195,72.8,96.85000000000001,10,740,N/A
2017,10,12,22,30,0,0,0,0,0,0,12,161.69,0.105,0.30000000000000004,2.169,58.900000000000006,92.79,9,740,N/A
2017,10,12,23,30,0,0,0,0,0,0,12,175.52,0.105,0.30000000000000004,2.161,51.400000000000006,88.98,9,740,N/A
2017,10,13,0,30,0,0,0,0,0,0,11,167.76,0.105,0.30000000000000004,2.1710000000000003,47.1,85.7,9,740,N/A
2017,10,13,1,30,0,0,0,0,0,0,11,153.09,0.105,0.30000000000000004,2.188,52.900000000000006,88.78,9,740,N/A
2017,10,13,2,30,0,0,0,0,0,0,10,138.25,0.105,0.4,2.196,69.9,87.21000000000001,9,740,N/A
2017,10,13,3,30,0,0,0,0,0,0,10,123.4,0.105,0.4,2.193,77.4,86.5,8,740,N/A
2017,10,13,4,30,0,0,0,0,0,0,10,108.54,0.105,0.5,2.185,79.9,86.22,8,740,N/A
2017,10,13,5,30,0,0,0,0,0,0,10,93.71000000000001,0.105,0.6000000000000001,2.173,87,86.15,8,740,N/A
2017,10,13,6,30,70,232,115,36,642,160,11,78.91,0.105,1.2000000000000002,2.1670000000000003,98,81.87,10,740,N/A
2017,10,13,7,30,183,330,327,53,861,428,13,64.19,0.105,2,2.185,105.10000000000001,78.23,12,740,N/A
2017,10,13,8,30,317,86,373,63,948,678,13,49.6,0.105,2.4000000000000004,2.232,99.10000000000001,73.54,14,740,N/A
2017,10,13,9,30,265,19,280,69,992,879,13,35.34,0.105,2.5,2.2960000000000003,96,68.79,15,740,N/A
2017,10,13,10,30,310,21,330,77,1009,1013,13,22.02,0.105,2.6,2.358,96.5,66,16,740,N/A
2017,10,13,11,30,449,36,485,79,1017,1071,13,13,0.105,2.7,2.4090000000000003,98,66.88,16,740,N/A
2017,10,13,12,30,543,151,687,78,1013,1046,13,17.34,0.105,2.7,2.456,99.60000000000001,67.78,16,740,N/A
2017,10,13,13,30,477,241,687,92,969,934,14,29.67,0.105,2.8000000000000003,2.498,100.4,68.77,15,740,N/A
2017,10,13,14,30,87,924,756,87,924,756,14,43.68,0.105,2.6,2.527,98.80000000000001,73.79,15,740,N/A
2017,10,13,15,30,77,844,523,77,844,523,14,58.160000000000004,0.105,2.2,2.532,98.30000000000001,79.96000000000001,14,740,N/A
2017,10,13,16,30,59,677,259,59,677,259,14,72.83,0.105,1.4000000000000001,2.505,98.10000000000001,85.08,13,740,N/A
2017,10,13,17,30,24,0,24,16,186,24,14,87.60000000000001,0.105,0.7000000000000001,2.446,95.60000000000001,92.57000000000001,12,740,N/A
2017,10,13,18,30,0,0,0,0,0,0,14,102.42,0.105,0.4,2.351,83.2,96.91,11,740,N/A
2017,10,13,19,30,0,0,0,0,0,0,14,117.26,0.105,0.4,2.234,72.4,94.15,10,740,N/A
2017,10,13,20,30,0,0,0,0,0,0,13,132.11,0.105,0.4,2.12,74,97.46000000000001,10,740,N/A
2017,10,13,21,30,0,0,0,0,0,0,13,146.94,0.105,0.5,2.028,76.7,94.54,10,740,N/A
2017,10,13,22,30,0,0,0,0,0,0,12,161.69,0.105,0.4,1.964,75.7,91.8,9,740,N/A
2017,10,13,23,30,0,0,0,0,0,0,12,175.28,0.105,0.4,1.9180000000000001,72.5,95.46000000000001,9,740,N/A
2017,10,14,0,30,0,0,0,0,0,0,11,167.6,0.105,0.4,1.8840000000000001,66.60000000000001,93.25,9,740,N/A
2017,10,14,1,30,0,0,0,0,0,0,11,152.99,0.105,0.4,1.874,64.7,90.59,9,740,N/A
2017,10,14,2,30,0,0,0,0,0,0,11,138.18,0.105,0.4,1.899,65.8,88.36,8,740,N/A
2017,10,14,3,30,0,0,0,0,0,0,10,123.34,0.105,0.4,1.958,65.5,87.08,8,740,N/A
2017,10,14,4,30,0,0,0,0,0,0,10,108.5,0.105,0.5,2.033,61.400000000000006,85.79,8,740,N/A
2017,10,14,5,30,0,0,0,0,0,0,10,93.67,0.105,0.5,2.101,71.4,84.98,8,740,N/A
2017,10,14,6,30,3,0,3,38,622,158,11,78.89,0.105,0.8,2.154,74.8,80.26,10,740,N/A
2017,10,14,7,30,37,0,37,57,845,426,12,64.19,0.105,1.3,2.207,91.60000000000001,76.14,13,740,N/A
2017,10,14,8,30,304,64,346,68,937,675,13,49.63,0.105,1.8,2.27,93,69.63,14,740,N/A
2017,10,14,9,30,430,289,666,75,983,877,13,35.410000000000004,0.105,2.1,2.334,96.2,65.85,15,740,N/A
2017,10,14,10,30,284,20,303,101,975,1004,13,22.19,0.105,2.3000000000000003,2.384,98.30000000000001,62.9,16,740,N/A
2017,10,14,11,30,370,24,394,102,985,1061,13,13.34,0.105,2.5,2.433,100.60000000000001,64.11,17,740,N/A
2017,10,14,12,30,449,40,487,100,982,1036,14,17.650000000000002,0.105,2.6,2.49,102.80000000000001,64.99,17,740,N/A
2017,10,14,13,30,95,0,95,120,922,920,14,29.88,0.105,2.5,2.549,104.2,69.86,16,740,N/A
2017,10,14,14,30,352,67,401,112,873,742,14,43.83,0.105,2.3000000000000003,2.6,106.2,75.14,15,740,N/A
2017,10,14,15,30,96,787,510,96,787,510,14,58.28,0.105,2,2.636,108.10000000000001,81.17,14,740,N/A
2017,10,14,16,30,72,596,247,72,596,247,15,72.94,0.105,1.4000000000000001,2.6550000000000002,110,88.18,13,740,N/A
2017,10,14,17,30,21,0,21,17,101,21,15,87.69,0.105,0.9,2.66,112.4,94.41,12,740,N/A
2017,10,14,18,30,0,0,0,0,0,0,15,102.49000000000001,0.105,0.7000000000000001,2.656,112.5,94.46000000000001,12,740,N/A
2017,10,14,19,30,0,0,0,0,0,0,14,117.32000000000001,0.105,0.6000000000000001,2.644,113.60000000000001,99.38,11,740,N/A
2017,10,14,20,30,0,0,0,0,0,0,14,132.16,0.105,0.5,2.623,116.80000000000001,97.44,11,740,N/A
2017,10,14,21,30,0,0,0,0,0,0,14,146.97,0.105,0.5,2.593,113.60000000000001,94.72,10,740,N/A
2017,10,14,22,30,0,0,0,0,0,0,13,161.67000000000002,0.105,0.4,2.561,108.5,98.27,10,740,N/A
2017,10,14,23,30,0,0,0,0,0,0,13,175.03,0.105,0.4,2.5340000000000003,106.80000000000001,96.13,10,740,N/A
2017,10,15,0,30,0,0,0,0,0,0,13,167.44,0.105,0.5,2.511,107.80000000000001,94.47,9,740,N/A
2017,10,15,1,30,0,0,0,0,0,0,12,152.9,0.105,0.5,2.485,108,93.3,9,740,N/A
2017,10,15,2,30,0,0,0,0,0,0,12,138.11,0.105,0.5,2.459,105.7,98.41,9,740,N/A
2017,10,15,3,30,0,0,0,0,0,0,12,123.28,0.105,0.5,2.436,102.60000000000001,97.28,9,740,N/A
2017,10,15,4,30,0,0,0,0,0,0,12,108.45,0.105,0.5,2.408,98.30000000000001,96.37,9,740,N/A
2017,10,15,5,30,0,0,0,0,0,0,12,93.65,0.105,0.7000000000000001,2.372,97.80000000000001,95.65,9,740,N/A
2017,10,15,6,30,71,25,75,43,578,154,12,78.88,0.105,1.3,2.334,103.4,87.75,11,740,N/A
2017,10,15,7,30,66,815,421,66,815,421,13,64.19,0.105,1.9000000000000001,2.305,103.60000000000001,81.98,12,740,N/A
2017,10,15,8,30,78,915,671,78,915,671,13,49.67,0.105,2.2,2.283,101.2,76.84,14,740,N/A
2017,10,15,9,30,338,29,362,85,969,874,13,35.49,0.105,2.4000000000000004,2.265,101.5,71.45,15,740,N/A
2017,10,15,10,30,469,58,524,88,997,1010,13,22.36,0.105,2.7,2.25,102.7,66.51,16,740,N/A
2017,10,15,11,30,429,31,460,88,1010,1069,13,13.69,0.105,2.8000000000000003,2.24,104.4,62.61,16,740,N/A
2017,10,15,12,30,539,341,864,85,1008,1045,13,17.96,0.105,2.9000000000000004,2.237,105.30000000000001,63.01,17,740,N/A
2017,10,15,13,30,450,381,779,82,991,939,13,30.080000000000002,0.105,2.8000000000000003,2.241,105.10000000000001,62.940000000000005,16,740,N/A
2017,10,15,14,30,299,31,322,76,952,761,13,43.980000000000004,0.105,2.6,2.245,104,66.76,16,740,N/A
2017,10,15,15,30,67,878,527,67,878,527,13,58.410000000000004,0.105,2.2,2.245,102.4,71.5,15,740,N/A
2017,10,15,16,30,52,716,261,52,716,261,13,73.04,0.105,1.5,2.242,99.30000000000001,76.19,14,740,N/A
2017,10,15,17,30,23,0,23,15,206,23,14,87.77,0.105,0.9,2.24,92.5,89.86,12,740,N/A
2017,10,15,18,30,0,0,0,0,0,0,13,102.57000000000001,0.105,0.7000000000000001,2.24,83.5,92.98,11,740,N/A
2017,10,15,19,30,0,0,0,0,0,0,13,117.38,0.106,0.7000000000000001,2.241,78,89.92,11,740,N/A
2017,10,15,20,30,0,0,0,0,0,0,12,132.2,0.106,0.8,2.238,78.2,92.72,10,740,N/A
2017,10,15,21,30,0,0,0,0,0,0,12,146.99,0.106,0.9,2.229,79.5,90.17,10,740,N/A
2017,10,15,22,30,0,0,0,0,0,0,12,161.65,0.106,0.9,2.217,81.7,87.96000000000001,9,740,N/A
2017,10,15,23,30,0,0,0,0,0,0,11,174.76,0.106,1,2.203,86.2,92.61,9,740,N/A
2017,10,16,0,30,0,0,0,0,0,0,11,167.27,0.106,1.1,2.188,88.80000000000001,91.55,9,740,N/A
2017,10,16,1,30,0,0,0,0,0,0,11,152.8,0.106,1.1,2.179,91.5,90.56,8,740,N/A
2017,10,16,2,30,0,0,0,0,0,0,11,138.04,0.106,1,2.186,93.7,89.48,8,740,N/A
2017,10,16,3,30,0,0,0,0,0,0,11,123.23,0.106,0.8,2.199,93.7,94.72,8,740,N/A
2017,10,16,4,30,0,0,0,0,0,0,10,108.41,0.106,0.6000000000000001,2.209,92.80000000000001,93.42,8,740,N/A
2017,10,16,5,30,0,0,0,0,0,0,10,93.62,0.106,0.6000000000000001,2.216,93.10000000000001,92.17,8,740,N/A
2017,10,16,6,30,36,641,160,36,641,160,11,78.87,0.106,0.9,2.228,104.60000000000001,86,10,740,N/A
2017,10,16,7,30,54,856,427,54,856,427,12,64.2,0.106,1.5,2.248,111.9,75.71000000000001,12,740,N/A
2017,10,16,8,30,65,944,676,65,944,676,13,49.7,0.106,2,2.273,110.5,73.85000000000001,14,740,N/A
2017,10,16,9,30,72,990,877,72,990,877,13,35.57,0.106,2.4000000000000004,2.287,109.80000000000001,71.07000000000001,15,740,N/A
2017,10,16,10,30,90,995,1009,90,995,1009,13,22.53,0.106,2.7,2.283,111.60000000000001,67.22,16,740,N/A
2017,10,16,11,30,89,1008,1067,89,1008,1067,13,14.040000000000001,0.106,2.8000000000000003,2.267,112.9,63.7,17,740,N/A
2017,10,16,12,30,327,31,357,84,1010,1044,13,18.27,0.106,2.8000000000000003,2.247,113.9,64.18,17,740,N/A
2017,10,16,13,30,297,27,321,79,996,939,14,30.29,0.106,2.7,2.23,114.4,60.93,17,740,N/A
2017,10,16,14,30,244,22,260,71,962,762,14,44.14,0.106,2.6,2.216,113.9,64.79,17,740,N/A
2017,10,16,15,30,173,13,180,61,894,528,14,58.53,0.106,2.3000000000000003,2.213,112.60000000000001,68.98,16,740,N/A
2017,10,16,16,30,89,0,89,47,744,262,14,73.14,0.106,1.6,2.219,109.7,74.64,15,740,N/A
2017,10,16,17,30,7,0,7,14,243,23,14,87.86,0.106,0.9,2.224,104.2,87.72,13,740,N/A
2017,10,16,18,30,0,0,0,0,0,0,14,102.64,0.106,0.6000000000000001,2.227,90.7,88.87,12,740,N/A
2017,10,16,19,30,0,0,0,0,0,0,13,117.44,0.106,0.6000000000000001,2.231,79.4,91.55,11,740,N/A
2017,10,16,20,30,0,0,0,0,0,0,13,132.24,0.106,0.6000000000000001,2.233,74.10000000000001,88.86,10,740,N/A
2017,10,16,21,30,0,0,0,0,0,0,12,147.01,0.106,0.6000000000000001,2.232,72.5,91.38,10,740,N/A
2017,10,16,22,30,0,0,0,0,0,0,12,161.62,0.106,0.6000000000000001,2.22,74.4,88.97,9,740,N/A
2017,10,16,23,30,0,0,0,0,0,0,11,174.48,0.106,0.6000000000000001,2.199,78.4,93.46000000000001,9,740,N/A
2017,10,17,0,30,0,0,0,0,0,0,11,167.1,0.106,0.6000000000000001,2.17,85.2,92.39,9,740,N/A
2017,10,17,1,30,0,0,0,0,0,0,11,152.70000000000002,0.106,0.7000000000000001,2.138,88.30000000000001,91.49,9,740,N/A
2017,10,17,2,30,0,0,0,0,0,0,11,137.97,0.106,0.8,2.1,89.7,90.99,8,740,N/A
2017,10,17,3,30,0,0,0,0,0,0,11,123.17,0.106,0.8,2.061,90.80000000000001,90.25,8,740,N/A
2017,10,17,4,30,0,0,0,0,0,0,11,108.37,0.106,0.7000000000000001,2.021,87.80000000000001,95.37,8,740,N/A
2017,10,17,5,30,0,0,0,0,0,0,11,93.60000000000001,0.106,0.7000000000000001,1.995,79.4,93.95,8,740,N/A
2017,10,17,6,30,55,0,55,36,653,162,11,78.86,0.106,1.3,1.998,83.80000000000001,87.21000000000001,10,740,N/A
2017,10,17,7,30,177,39,194,53,867,431,13,64.22,0.106,2,2.036,91.5,79.23,12,740,N/A
2017,10,17,8,30,319,93,380,64,952,680,13,49.74,0.106,2.5,2.075,95.5,71.18,14,740,N/A
2017,10,17,9,30,351,33,378,70,998,882,13,35.660000000000004,0.106,2.7,2.081,97.5,66.41,16,740,N/A
2017,10,17,10,30,362,25,385,76,1020,1017,13,22.71,0.106,3,2.059,100.4,63.7,17,740,N/A
2017,10,17,11,30,550,130,676,76,1031,1075,14,14.39,0.106,3.1,2.037,104.5,61.08,18,740,N/A
2017,10,17,12,30,495,66,558,74,1029,1050,14,18.57,0.106,3.2,2.028,106.7,57.93,18,740,N/A
2017,10,17,13,30,479,186,640,71,1012,944,14,30.490000000000002,0.106,3.1,2.033,107.9,61.64,18,740,N/A
2017,10,17,14,30,372,247,549,66,976,765,14,44.29,0.106,3,2.049,108.7,61.45,17,740,N/A
2017,10,17,15,30,194,21,205,59,906,530,14,58.65,0.106,2.7,2.066,109.30000000000001,64.92,16,740,N/A
2017,10,17,16,30,45,755,263,45,755,263,14,73.24,0.106,2.1,2.083,109.10000000000001,69.76,15,740,N/A
2017,10,17,17,30,13,252,22,13,252,22,15,87.94,0.106,1.4000000000000001,2.099,107.2,83.13,13,740,N/A
2017,10,17,18,30,0,0,0,0,0,0,14,102.7,0.106,1.1,2.119,100.9,90.89,12,740,N/A
2017,10,17,19,30,0,0,0,0,0,0,14,117.49000000000001,0.106,1,2.1350000000000002,95.60000000000001,88.77,11,740,N/A
2017,10,17,20,30,0,0,0,0,0,0,13,132.27,0.106,0.9,2.142,96.2,93.49,11,740,N/A
2017,10,17,21,30,0,0,0,0,0,0,13,147.02,0.106,0.8,2.138,95.4,91.62,11,740,N/A
2017,10,17,22,30,0,0,0,0,0,0,13,161.57,0.106,0.7000000000000001,2.121,91.30000000000001,95.09,10,740,N/A
2017,10,17,23,30,0,0,0,0,0,0,12,174.19,0.106,0.6000000000000001,2.092,81.60000000000001,92.29,10,740,N/A
2017,10,18,0,30,0,0,0,0,0,0,12,166.92000000000002,0.106,0.6000000000000001,2.07,69.9,89.53,9,740,N/A
2017,10,18,1,30,0,0,0,0,0,0,11,152.6,0.106,0.6000000000000001,2.069,72.10000000000001,93.36,9,740,N/A
2017,10,18,2,30,0,0,0,0,0,0,11,137.89000000000001,0.106,0.7000000000000001,2.062,91.30000000000001,91.75,9,740,N/A
2017,10,18,3,30,0,0,0,0,0,0,11,123.12,0.106,0.8,2.029,94,90.71000000000001,8,740,N/A
2017,10,18,4,30,0,0,0,0,0,0,11,108.34,0.106,0.7000000000000001,1.979,89.2,89.57000000000001,8,740,N/A
2017,10,18,5,30,0,0,0,0,0,0,11,93.57000000000001,0.106,0.9,1.922,89.10000000000001,88.4,8,740,N/A
2017,10,18,6,30,66,0,66,38,640,162,11,78.86,0.106,1.4000000000000001,1.8760000000000001,99.2,81.93,10,740,N/A
2017,10,18,7,30,112,0,112,56,864,432,12,64.23,0.106,2,1.852,101.9,74.21000000000001,12,740,N/A
2017,10,18,8,30,136,6,140,65,956,683,12,49.79,0.106,2.5,1.849,103.4,66.32000000000001,14,740,N/A
2017,10,18,9,30,294,21,312,70,1005,886,12,35.75,0.106,2.8000000000000003,1.86,104.5,61.18,16,740,N/A
2017,10,18,10,30,319,21,339,74,1028,1021,12,22.900000000000002,0.106,2.9000000000000004,1.8860000000000001,105.5,57.7,17,740,N/A
2017,10,18,11,30,555,182,732,74,1036,1077,12,14.73,0.106,3,1.933,107.4,55.59,18,740,N/A
2017,10,18,12,30,387,26,412,74,1031,1050,13,18.88,0.106,2.9000000000000004,1.985,109,53.45,18,740,N/A
2017,10,18,13,30,476,217,663,90,984,936,13,30.7,0.106,2.8000000000000003,2.025,110,57.14,18,740,N/A
2017,10,18,14,30,374,137,472,82,945,757,13,44.44,0.106,2.6,2.05,110.5,56.99,17,740,N/A
2017,10,18,15,30,71,872,523,71,872,523,13,58.77,0.106,2.3000000000000003,2.06,110.4,60.370000000000005,16,740,N/A
2017,10,18,16,30,53,713,257,53,713,257,13,73.34,0.106,1.7000000000000002,2.057,108.10000000000001,69.47,15,740,N/A
2017,10,18,17,30,21,0,21,14,189,21,14,88.02,0.106,1,2.047,102.2,85.23,13,740,N/A
2017,10,18,18,30,0,0,0,0,0,0,13,102.76,0.106,0.8,2.04,84.4,86.99,12,740,N/A
2017,10,18,19,30,0,0,0,0,0,0,13,117.53,0.106,0.8,2.037,74.3,84.76,11,740,N/A
2017,10,18,20,30,0,0,0,0,0,0,13,132.3,0.106,0.7000000000000001,2.033,68.4,89.76,11,740,N/A
2017,10,18,21,30,0,0,0,0,0,0,13,147.02,0.106,0.6000000000000001,2.029,66.8,88.9,10,740,N/A
2017,10,18,22,30,0,0,0,0,0,0,12,161.52,0.106,0.5,2.028,67.4,93.06,10,740,N/A
2017,10,18,23,30,0,0,0,0,0,0,12,173.89000000000001,0.106,0.4,2.023,68.3,91.13,9,740,N/A
2017,10,19,0,30,0,0,0,0,0,0,12,166.74,0.106,0.30000000000000004,2.016,67.60000000000001,95.10000000000001,9,740,N/A
2017,10,19,1,30,0,0,0,0,0,0,11,152.49,0.106,0.30000000000000004,2.008,64.3,92.45,8,740,N/A
2017,10,19,2,30,0,0,0,0,0,0,11,137.82,0.106,0.30000000000000004,1.999,64,95.67,8,740,N/A
2017,10,19,3,30,0,0,0,0,0,0,10,123.07000000000001,0.106,0.30000000000000004,1.987,63,92.87,8,740,N/A
2017,10,19,4,30,0,0,0,0,0,0,10,108.3,0.106,0.30000000000000004,1.971,65.7,90.53,8,740,N/A
2017,10,19,5,30,0,0,0,0,0,0,10,93.55,0.106,0.30000000000000004,1.966,61.7,88.92,8,740,N/A
2017,10,19,6,30,74,165,106,39,629,160,10,78.85000000000001,0.106,0.7000000000000001,1.986,67.5,81.95,10,740,N/A
2017,10,19,7,30,188,300,318,57,855,428,11,64.25,0.106,1.4000000000000001,2.027,99.60000000000001,71.16,13,740,N/A
2017,10,19,8,30,330,158,432,67,946,678,12,49.84,0.106,1.9000000000000001,2.076,108.5,64.1,15,740,N/A
2017,10,19,9,30,442,198,603,75,990,878,12,35.85,0.106,2.4000000000000004,2.124,114,61.29,16,740,N/A
2017,10,19,10,30,517,227,727,86,1003,1009,12,23.09,0.106,2.7,2.173,115.4,59.56,17,740,N/A
2017,10,19,11,30,517,338,844,89,1010,1064,13,15.08,0.106,2.9000000000000004,2.231,114.7,57.300000000000004,18,740,N/A
2017,10,19,12,30,490,63,549,90,1002,1037,13,19.18,0.106,2.8000000000000003,2.2960000000000003,112.7,57.92,18,740,N/A
2017,10,19,13,30,105,951,922,105,951,922,13,30.900000000000002,0.106,2.6,2.356,110.60000000000001,58.28,18,740,N/A
2017,10,19,14,30,338,57,379,99,903,742,13,44.59,0.106,2.3000000000000003,2.4050000000000002,109,62.1,17,740,N/A
2017,10,19,15,30,85,820,509,85,820,509,13,58.88,0.106,2,2.443,107.10000000000001,67.01,16,740,N/A
2017,10,19,16,30,63,639,246,63,639,246,13,73.43,0.106,1.6,2.468,103.10000000000001,71.61,15,740,N/A
2017,10,19,17,30,15,113,19,15,113,19,15,88.09,0.106,1.1,2.484,99,88.43,13,740,N/A
2017,10,19,18,30,0,0,0,0,0,0,15,102.82000000000001,0.106,0.9,2.498,96,89.76,12,740,N/A
2017,10,19,19,30,0,0,0,0,0,0,15,117.58,0.106,0.9,2.505,94.60000000000001,95.22,12,740,N/A
2017,10,19,20,30,0,0,0,0,0,0,14,132.33,0.106,0.8,2.497,94.30000000000001,93.74,11,740,N/A
2017,10,19,21,30,0,0,0,0,0,0,14,147.02,0.106,0.7000000000000001,2.472,94.80000000000001,98.36,11,740,N/A
2017,10,19,22,30,0,0,0,0,0,0,14,161.47,0.106,0.6000000000000001,2.433,96.60000000000001,96.62,11,740,N/A
2017,10,19,23,30,0,0,0,0,0,0,14,173.59,0.106,0.5,2.386,97.60000000000001,100,10,740,N/A
2017,10,20,0,30,0,0,0,0,0,0,13,166.55,0.106,0.4,2.334,90.5,97.67,10,740,N/A
2017,10,20,1,30,0,0,0,0,0,0,13,152.39000000000001,0.106,0.4,2.277,78.7,94.57000000000001,9,740,N/A
2017,10,20,2,30,0,0,0,0,0,0,12,137.75,0.106,0.5,2.219,73.10000000000001,97.65,9,740,N/A
2017,10,20,3,30,0,0,0,0,0,0,12,123.02,0.106,0.5,2.169,69.2,94.26,8,740,N/A
2017,10,20,4,30,0,0,0,0,0,0,11,108.27,0.106,0.4,2.138,63.900000000000006,91.39,8,740,N/A
2017,10,20,5,30,0,0,0,0,0,0,11,93.54,0.106,0.30000000000000004,2.124,55.300000000000004,88.60000000000001,8,740,N/A
2017,10,20,6,30,37,637,161,37,637,161,11,78.85000000000001,0.106,0.5,2.116,71.2,86.96000000000001,10,740,N/A
2017,10,20,7,30,55,861,429,55,861,429,12,64.27,0.106,0.9,2.108,97.2,75.84,13,740,N/A
2017,10,20,8,30,63,954,678,63,954,678,12,49.89,0.106,1.2000000000000002,2.107,103.30000000000001,66.52,15,740,N/A
2017,10,20,9,30,416,78,479,69,1000,879,12,35.95,0.106,1.5,2.119,110.80000000000001,59.04,16,740,N/A
2017,10,20,10,30,467,59,522,75,1019,1012,13,23.28,0.106,1.8,2.15,111.60000000000001,57.620000000000005,17,740,N/A
2017,10,20,11,30,351,22,373,77,1027,1067,13,15.42,0.106,1.9000000000000001,2.198,112.5,56,18,740,N/A
2017,10,20,12,30,77,1020,1040,77,1020,1040,14,19.490000000000002,0.106,2,2.259,113.5,57.230000000000004,19,740,N/A
2017,10,20,13,30,68,0,68,90,977,927,14,31.11,0.106,1.9000000000000001,2.327,114.4,61.44,18,730,N/A
2017,10,20,14,30,344,257,527,85,931,747,14,44.74,0.106,1.6,2.398,115.2,65.52,17,730,N/A
2017,10,20,15,30,75,848,512,75,848,512,14,59,0.106,1.3,2.467,116.9,70.17,16,730,N/A
2017,10,20,16,30,59,660,246,59,660,246,14,73.52,0.106,0.9,2.519,115.5,76.64,15,730,N/A
2017,10,20,17,30,18,0,18,14,120,18,15,88.17,0.106,0.6000000000000001,2.5500000000000003,109.60000000000001,85.59,13,740,N/A
2017,10,20,18,30,0,0,0,0,0,0,15,102.88,0.106,0.5,2.573,106.10000000000001,91.95,13,740,N/A
2017,10,20,19,30,0,0,0,0,0,0,15,117.62,0.106,0.5,2.594,108.30000000000001,91.34,12,740,N/A
2017,10,20,20,30,0,0,0,0,0,0,15,132.35,0.106,0.6000000000000001,2.612,112.60000000000001,91.38,12,740,N/A
2017,10,20,21,30,0,0,0,0,0,0,15,147.01,0.106,0.6000000000000001,2.63,114.7,96.81,12,740,N/A
2017,10,20,22,30,0,0,0,0,0,0,15,161.4,0.106,0.6000000000000001,2.646,116,95.83,12,740,N/A
2017,10,20,23,30,0,0,0,0,0,0,15,173.28,0.106,0.6000000000000001,2.6590000000000003,116,94.62,11,740,N/A
2017,10,21,0,30,0,0,0,0,0,0,14,166.37,0.106,0.6000000000000001,2.666,116,93.67,11,740,N/A
2017,10,21,1,30,0,0,0,0,0,0,14,152.29,0.106,0.6000000000000001,2.662,114.5,98.86,11,740,N/A
2017,10,21,2,30,0,0,0,0,0,0,14,137.68,0.106,0.6000000000000001,2.6430000000000002,112,97.96000000000001,11,740,N/A
2017,10,21,3,30,0,0,0,0,0,0,14,122.97,0.106,0.6000000000000001,2.613,107,96.63,10,740,N/A
2017,10,21,4,30,0,0,0,0,0,0,14,108.24000000000001,0.106,0.6000000000000001,2.584,99.30000000000001,94.75,10,740,N/A
2017,10,21,5,30,0,0,0,0,0,0,13,93.52,0.106,0.6000000000000001,2.561,96.5,93.12,10,740,N/A
2017,10,21,6,30,41,590,156,41,590,156,14,78.86,0.106,1.1,2.544,101.5,94.74,11,740,N/A
2017,10,21,7,30,197,110,245,60,830,421,14,64.3,0.106,1.7000000000000002,2.531,105.2,91.06,12,740,N/A
2017,10,21,8,30,226,18,238,70,929,669,14,49.95,0.106,2.1,2.524,105.10000000000001,82.13,14,740,N/A
2017,10,21,9,30,77,979,868,77,979,868,14,36.06,0.106,2.4000000000000004,2.5220000000000002,107.10000000000001,75.86,15,740,N/A
2017,10,21,10,30,265,19,283,97,980,996,14,23.48,0.106,2.6,2.528,110.4,70.45,16,740,N/A
2017,10,21,11,30,495,58,551,96,993,1052,14,15.77,0.106,2.6,2.552,112.30000000000001,65.94,17,740,N/A
2017,10,21,12,30,263,19,282,95,988,1025,14,19.79,0.106,2.5,2.593,113,66.26,16,740,N/A
2017,10,21,13,30,254,18,270,114,931,909,14,31.310000000000002,0.106,2.4000000000000004,2.641,113.5,70.72,16,740,N/A
2017,10,21,14,30,105,882,731,105,882,731,14,44.88,0.106,2.2,2.68,114.10000000000001,75.89,15,740,N/A
2017,10,21,15,30,157,8,162,91,794,499,14,59.11,0.106,2,2.698,114.30000000000001,81.44,14,740,N/A
2017,10,21,16,30,78,0,78,65,619,240,15,73.61,0.106,1.6,2.6870000000000003,113.7,83.19,13,740,N/A
2017,10,21,17,30,5,0,5,14,107,17,15,88.24,0.106,1.2000000000000002,2.6590000000000003,113.5,90.26,12,740,N/A
2017,10,21,18,30,0,0,0,0,0,0,15,102.93,0.106,1.1,2.644,110.5,94.75,12,740,N/A
2017,10,21,19,30,0,0,0,0,0,0,14,117.65,0.106,1,2.6470000000000002,106,93.47,11,740,N/A
2017,10,21,20,30,0,0,0,0,0,0,14,132.36,0.106,0.8,2.645,104.10000000000001,98.85000000000001,11,740,N/A
2017,10,21,21,30,0,0,0,0,0,0,14,147,0.106,0.8,2.622,105.4,97.61,11,740,N/A
2017,10,21,22,30,0,0,0,0,0,0,14,161.32,0.106,0.8,2.585,104.10000000000001,95.46000000000001,10,740,N/A
2017,10,21,23,30,0,0,0,0,0,0,13,172.97,0.106,0.7000000000000001,2.547,101.80000000000001,93.24,10,740,N/A
2017,10,22,0,30,0,0,0,0,0,0,13,166.17000000000002,0.106,0.7000000000000001,2.511,99.10000000000001,97.32000000000001,10,740,N/A
2017,10,22,1,30,0,0,0,0,0,0,13,152.18,0.106,0.7000000000000001,2.474,95,95.39,10,740,N/A
2017,10,22,2,30,0,0,0,0,0,0,12,137.61,0.106,0.9,2.432,92.7,93.54,9,740,N/A
2017,10,22,3,30,0,0,0,0,0,0,12,122.92,0.106,1,2.4010000000000002,92.60000000000001,91.59,9,740,N/A
2017,10,22,4,30,0,0,0,0,0,0,12,108.21000000000001,0.106,0.9,2.3890000000000002,88.9,95.47,9,740,N/A
2017,10,22,5,30,0,0,0,0,0,0,12,93.51,0.106,0.9,2.3850000000000002,83.60000000000001,93.72,9,740,N/A
2017,10,22,6,30,73,201,111,40,609,158,12,78.86,0.106,1.3,2.374,85.4,91.31,10,740,N/A
2017,10,22,7,30,192,79,227,61,834,422,12,64.33,0.106,1.8,2.361,85.2,87.32000000000001,11,740,N/A
2017,10,22,8,30,292,51,326,73,928,670,12,50.01,0.106,2.2,2.357,86.60000000000001,76.93,12,740,N/A
2017,10,22,9,30,295,22,313,80,978,870,12,36.17,0.106,2.4000000000000004,2.361,88.5,71.05,13,740,N/A
2017,10,22,10,30,432,66,493,88,997,1002,12,23.69,0.106,2.5,2.374,90.10000000000001,66.2,14,740,N/A
2017,10,22,11,30,499,62,559,89,1008,1057,12,16.11,0.106,2.6,2.395,91.80000000000001,66.84,15,740,N/A
2017,10,22,12,30,481,168,639,88,1003,1030,12,20.09,0.106,2.5,2.414,93.5,63.56,15,740,N/A
2017,10,22,13,30,458,289,705,91,973,921,13,31.51,0.106,2.4000000000000004,2.423,95.5,68.33,15,740,N/A
2017,10,22,14,30,372,160,485,83,934,743,13,45.03,0.106,2.3000000000000003,2.4210000000000003,97.10000000000001,68.94,14,740,N/A
2017,10,22,15,30,240,181,333,72,858,511,13,59.22,0.106,2.1,2.412,97.9,74.58,13,740,N/A
2017,10,22,16,30,116,162,162,53,695,248,13,73.7,0.106,1.7000000000000002,2.4,98,79.25,12,740,N/A
2017,10,22,17,30,12,0,12,13,164,18,14,88.3,0.106,1.2000000000000002,2.391,96.7,88.31,11,740,N/A
2017,10,22,18,30,0,0,0,0,0,0,13,102.98,0.106,1.2000000000000002,2.392,94,90.24,11,740,N/A
2017,10,22,19,30,0,0,0,0,0,0,13,117.69,0.106,1.1,2.4090000000000003,90.4,88.04,11,740,N/A
2017,10,22,20,30,0,0,0,0,0,0,12,132.37,0.106,0.7000000000000001,2.4290000000000003,83.7,92.2,10,740,N/A
2017,10,22,21,30,0,0,0,0,0,0,12,146.98,0.106,0.4,2.438,77.30000000000001,91.46000000000001,9,740,N/A
2017,10,22,22,30,0,0,0,0,0,0,12,161.24,0.106,0.30000000000000004,2.433,76.4,95.84,9,740,N/A
2017,10,22,23,30,0,0,0,0,0,0,11,172.66,0.106,0.30000000000000004,2.418,85.60000000000001,93.17,9,740,N/A
2017,10,23,0,30,0,0,0,0,0,0,11,165.98,0.106,0.4,2.4,94.2,90.76,8,740,N/A
2017,10,23,1,30,0,0,0,0,0,0,11,152.07,0.106,0.4,2.3770000000000002,93.10000000000001,88.94,8,740,N/A
2017,10,23,2,30,0,0,0,0,0,0,11,137.54,0.106,0.6000000000000001,2.349,87.9,87.81,8,740,N/A
2017,10,23,3,30,0,0,0,0,0,0,10,122.88,0.106,0.8,2.317,88,93.19,8,740,N/A
2017,10,23,4,30,0,0,0,0,0,0,10,108.18,0.106,0.8,2.2840000000000003,87.80000000000001,92.95,8,740,N/A
2017,10,23,5,30,0,0,0,0,0,0,10,93.5,0.106,0.8,2.248,87.5,91.98,8,740,N/A
2017,10,23,6,30,39,0,39,38,629,160,11,78.87,0.106,1.1,2.216,95.80000000000001,83.62,9,740,N/A
2017,10,23,7,30,185,56,209,57,851,426,11,64.36,0.106,1.6,2.198,100.4,76.07000000000001,11,740,N/A
2017,10,23,8,30,307,351,533,68,942,673,11,50.07,0.106,1.9000000000000001,2.195,98.7,71.72,13,740,N/A
2017,10,23,9,30,435,125,536,76,989,873,11,36.28,0.106,2.1,2.208,102,62.49,14,740,N/A
2017,10,23,10,30,504,105,600,99,985,1000,11,23.89,0.106,2.3000000000000003,2.232,106.10000000000001,59.18,15,740,N/A
2017,10,23,11,30,518,79,594,99,997,1056,12,16.45,0.106,2.4000000000000004,2.257,109.5,60.57,16,740,N/A
2017,10,23,12,30,533,149,673,95,997,1029,12,20.38,0.106,2.5,2.274,112.2,58.28,16,740,N/A
2017,10,23,13,30,471,146,595,90,978,922,12,31.71,0.106,2.4000000000000004,2.293,113.5,59.4,17,740,N/A
2017,10,23,14,30,318,412,609,83,936,743,12,45.17,0.106,2.3000000000000003,2.323,112.60000000000001,63.82,16,740,N/A
2017,10,23,15,30,192,477,435,73,856,510,13,59.33,0.106,2,2.344,110,69.04,15,740,N/A
2017,10,23,16,30,93,420,210,54,687,246,13,73.78,0.106,1.4000000000000001,2.343,107.9,74.5,14,740,N/A
2017,10,23,17,30,15,0,15,13,145,17,14,88.37,0.106,0.8,2.336,105.7,84.49,12,740,N/A
2017,10,23,18,30,0,0,0,0,0,0,14,103.03,0.106,0.4,2.341,94.30000000000001,88.26,11,740,N/A
2017,10,23,19,30,0,0,0,0,0,0,13,117.71000000000001,0.105,0.30000000000000004,2.352,62.900000000000006,91.58,11,740,N/A
2017,10,23,20,30,0,0,0,0,0,0,13,132.38,0.105,0.30000000000000004,2.367,42.400000000000006,89.71000000000001,11,740,N/A
2017,10,23,21,30,0,0,0,0,0,0,13,146.95000000000002,0.105,0.30000000000000004,2.387,29.8,88.79,11,740,N/A
2017,10,23,22,30,0,0,0,0,0,0,12,161.15,0.105,0.2,2.3970000000000002,27.400000000000002,87.25,11,740,N/A
2017,10,23,23,30,0,0,0,0,0,0,12,172.35,0.105,0.1,2.388,32.6,85.56,10,740,N/A
2017,10,24,0,30,0,0,0,0,0,0,12,165.78,0.105,0,2.367,29.900000000000002,89.89,10,740,N/A
2017,10,24,1,30,0,0,0,0,0,0,12,151.97,0.105,0,2.337,218.9,88.84,9,740,N/A
2017,10,24,2,30,0,0,0,0,0,0,11,137.48,0.105,0.1,2.305,194.8,87.43,9,740,N/A
2017,10,24,3,30,0,0,0,0,0,0,11,122.83,0.105,0.1,2.274,185,90.87,9,740,N/A
2017,10,24,4,30,0,0,0,0,0,0,11,108.15,0.105,0.1,2.24,148.9,88.81,9,740,N/A
2017,10,24,5,30,0,0,0,0,0,0,10,93.49,0.105,0.1,2.21,140.70000000000002,86.79,9,740,N/A
2017,10,24,6,30,74,160,105,40,615,159,11,78.88,0.105,0.30000000000000004,2.19,121.7,83.63,10,740,N/A
2017,10,24,7,30,199,141,260,59,845,425,12,64.39,0.105,0.9,2.176,115.7,82.99,11,740,N/A
2017,10,24,8,30,327,137,415,70,940,673,12,50.14,0.105,1.5,2.169,108.2,73.89,12,740,N/A
2017,10,24,9,30,406,217,581,76,990,873,12,36.4,0.105,1.8,2.172,106.60000000000001,68.87,13,740,N/A
2017,10,24,10,30,366,26,390,78,1016,1006,12,24.1,0.105,1.9000000000000001,2.186,105.9,68.22,14,740,N/A
2017,10,24,11,30,329,31,358,79,1025,1061,12,16.79,0.105,1.9000000000000001,2.21,107.30000000000001,64.85,15,740,N/A
2017,10,24,12,30,361,24,384,78,1021,1033,12,20.68,0.105,2,2.242,111.30000000000001,62.06,15,740,N/A
2017,10,24,13,30,446,82,516,76,1000,925,12,31.91,0.105,1.9000000000000001,2.279,115.4,63.14,15,740,N/A
2017,10,24,14,30,359,99,429,72,959,746,13,45.31,0.105,1.8,2.316,116.80000000000001,68.19,14,740,N/A
2017,10,24,15,30,187,19,197,63,883,513,13,59.44,0.105,1.5,2.349,117.4,73.74,14,740,N/A
2017,10,24,16,30,94,2,95,50,711,248,13,73.86,0.105,1.1,2.372,118.2,80.87,13,740,N/A
2017,10,24,17,30,6,0,6,13,167,17,14,88.43,0.105,0.7000000000000001,2.382,118.2,89.68,11,740,N/A
2017,10,24,18,30,0,0,0,0,0,0,14,103.07000000000001,0.105,0.5,2.384,118.9,87.95,11,740,N/A
2017,10,24,19,30,0,0,0,0,0,0,13,117.74000000000001,0.105,0.5,2.378,119.9,85.86,11,740,N/A
2017,10,24,20,30,0,0,0,0,0,0,13,132.38,0.105,0.4,2.366,114.4,90.15,11,740,N/A
2017,10,24,21,30,0,0,0,0,0,0,13,146.92000000000002,0.105,0.2,2.355,104,88.86,10,740,N/A
2017,10,24,22,30,0,0,0,0,0,0,13,161.05,0.105,0.2,2.353,70.2,93.87,10,740,N/A
2017,10,24,23,30,0,0,0,0,0,0,12,172.03,0.105,0.30000000000000004,2.352,51.7,92.82000000000001,10,740,N/A
2017,10,25,0,30,0,0,0,0,0,0,12,165.58,0.105,0.30000000000000004,2.342,29.400000000000002,91.71000000000001,9,740,N/A
2017,10,25,1,30,0,0,0,0,0,0,12,151.86,0.105,0.2,2.328,7.4,90.05,9,740,N/A
2017,10,25,2,30,0,0,0,0,0,0,12,137.41,0.105,0.2,2.317,9.700000000000001,94.09,9,740,N/A
2017,10,25,3,30,0,0,0,0,0,0,11,122.79,0.105,0.30000000000000004,2.3040000000000003,39,91.98,9,740,N/A
2017,10,25,4,30,0,0,0,0,0,0,11,108.13,0.105,0.30000000000000004,2.299,57.2,90.16,8,740,N/A
2017,10,25,5,30,0,0,0,0,0,0,11,93.49,0.105,0.4,2.302,60.1,89.04,8,740,N/A
2017,10,25,6,30,40,616,158,40,616,158,11,78.9,0.105,0.6000000000000001,2.298,74,93.15,9,740,N/A
2017,10,25,7,30,60,840,423,60,840,423,12,64.43,0.105,1,2.277,103.80000000000001,85.23,11,740,N/A
2017,10,25,8,30,327,195,452,71,936,670,13,50.21,0.105,1.4000000000000001,2.245,119.10000000000001,78.41,13,740,N/A
2017,10,25,9,30,436,231,621,77,987,870,13,36.52,0.105,1.9000000000000001,2.218,129.9,72.82000000000001,14,740,N/A
2017,10,25,10,30,494,91,577,94,992,999,13,24.32,0.105,2.3000000000000003,2.208,130.1,68.33,15,740,N/A
2017,10,25,11,30,490,207,687,94,1005,1055,13,17.12,0.105,2.4000000000000004,2.213,128.6,65.08,16,740,N/A
2017,10,25,12,30,516,353,846,92,1002,1028,13,20.97,0.105,2.5,2.229,127.80000000000001,62.07,16,740,N/A
2017,10,25,13,30,427,387,756,96,970,917,13,32.1,0.105,2.4000000000000004,2.25,127,66.63,16,740,N/A
2017,10,25,14,30,311,376,575,87,928,739,13,45.45,0.105,2.1,2.2720000000000002,125.80000000000001,67,15,740,N/A
2017,10,25,15,30,215,386,411,76,847,505,13,59.54,0.105,1.8,2.298,124.80000000000001,71.83,14,740,N/A
2017,10,25,16,30,101,344,196,58,663,241,14,73.94,0.105,1.3,2.331,122.4,83.32000000000001,13,740,N/A
2017,10,25,17,30,13,0,13,13,117,16,14,88.48,0.105,0.7000000000000001,2.361,119.60000000000001,92.46000000000001,12,740,N/A
2017,10,25,18,30,0,0,0,0,0,0,14,103.11,0.105,0.30000000000000004,2.386,111.10000000000001,97.87,11,740,N/A
2017,10,25,19,30,0,0,0,0,0,0,14,117.76,0.105,0.2,2.4010000000000002,102.10000000000001,96.38,11,740,N/A
2017,10,25,20,30,0,0,0,0,0,0,14,132.38,0.105,0.2,2.4090000000000003,97.7,94.58,10,740,N/A
2017,10,25,21,30,0,0,0,0,0,0,13,146.88,0.105,0.2,2.428,84.30000000000001,98.51,10,740,N/A
2017,10,25,22,30,0,0,0,0,0,0,13,160.94,0.105,0.2,2.459,71.8,96.53,10,740,N/A
2017,10,25,23,30,0,0,0,0,0,0,13,171.71,0.105,0.2,2.471,68.9,95.2,10,740,N/A
2017,10,26,0,30,0,0,0,0,0,0,13,165.38,0.105,0.1,2.456,47.1,94.27,10,740,N/A
2017,10,26,1,30,0,0,0,0,0,0,12,151.76,0.105,0.1,2.447,315.20000000000005,92.8,9,740,N/A
2017,10,26,2,30,0,0,0,0,0,0,12,137.34,0.105,0.2,2.449,312.6,91.49,9,740,N/A
2017,10,26,3,30,0,0,0,0,0,0,12,122.75,0.105,0.30000000000000004,2.44,329,90.56,9,740,N/A
2017,10,26,4,30,0,0,0,0,0,0,12,108.11,0.105,0.30000000000000004,2.42,359.3,89.92,9,740,N/A
2017,10,26,5,30,0,0,0,0,0,0,12,93.48,0.105,0.30000000000000004,2.4,9.1,88.31,9,740,N/A
2017,10,26,6,30,75,116,97,41,597,156,12,78.92,0.105,0.4,2.39,15.600000000000001,89.96000000000001,10,740,N/A
2017,10,26,7,30,159,18,167,63,826,419,13,64.48,0.105,0.9,2.388,82.60000000000001,88.79,11,740,N/A
2017,10,26,8,30,320,107,389,76,920,665,13,50.28,0.105,1.4000000000000001,2.391,92.5,84.14,12,740,N/A
2017,10,26,9,30,432,251,634,86,967,862,13,36.65,0.105,1.6,2.399,100.60000000000001,79.17,13,740,N/A
2017,10,26,10,30,414,36,447,92,990,994,13,24.53,0.105,1.6,2.41,107.80000000000001,75.21000000000001,14,740,N/A
2017,10,26,11,30,305,20,325,94,1000,1048,13,17.46,0.105,1.5,2.4250000000000003,114.2,70.96000000000001,14,740,N/A
2017,10,26,12,30,453,45,496,92,996,1021,13,21.26,0.105,1.3,2.445,119.5,71.44,15,740,N/A
2017,10,26,13,30,289,20,306,88,976,914,13,32.3,0.105,1.2000000000000002,2.466,123.2,71.67,14,740,N/A
2017,10,26,14,30,295,32,318,82,935,736,13,45.59,0.105,0.9,2.481,126.7,76.43,14,740,N/A
2017,10,26,15,30,238,247,363,70,860,505,13,59.64,0.105,0.7000000000000001,2.487,132.70000000000002,81.89,13,740,N/A
2017,10,26,16,30,110,235,175,52,694,243,14,74.01,0.105,0.4,2.486,141,88.67,12,740,N/A
2017,10,26,17,30,11,0,11,12,161,16,14,88.54,0.105,0.2,2.483,146.1,97.13,11,740,N/A
2017,10,26,18,30,0,0,0,0,0,0,14,103.14,0.105,0.1,2.482,144.3,96.39,11,740,N/A
2017,10,26,19,30,0,0,0,0,0,0,14,117.77,0.105,0.2,2.481,130.6,94.83,10,740,N/A
2017,10,26,20,30,0,0,0,0,0,0,13,132.37,0.105,0.30000000000000004,2.478,125.5,99.54,10,740,N/A
2017,10,26,21,30,0,0,0,0,0,0,13,146.84,0.105,0.4,2.473,124.10000000000001,97.77,10,740,N/A
2017,10,26,22,30,0,0,0,0,0,0,13,160.83,0.105,0.4,2.461,117.80000000000001,96.03,10,740,N/A
2017,10,26,23,30,0,0,0,0,0,0,13,171.4,0.105,0.30000000000000004,2.442,104.7,94.35000000000001,9,740,N/A
2017,10,27,0,30,0,0,0,0,0,0,12,165.18,0.105,0.2,2.4170000000000003,98.5,92.71000000000001,9,740,N/A
2017,10,27,1,30,0,0,0,0,0,0,12,151.65,0.105,0.2,2.392,85.7,90.99,9,740,N/A
2017,10,27,2,30,0,0,0,0,0,0,12,137.28,0.105,0.2,2.371,53,94.79,9,740,N/A
2017,10,27,3,30,0,0,0,0,0,0,11,122.71000000000001,0.105,0.2,2.354,38.1,92.82000000000001,9,740,N/A
2017,10,27,4,30,0,0,0,0,0,0,11,108.09,0.105,0.2,2.346,49.7,91.49,9,740,N/A
2017,10,27,5,30,0,0,0,0,0,0,11,93.49,0.105,0.30000000000000004,2.348,62.400000000000006,90.13,9,740,N/A
2017,10,27,6,30,39,615,157,39,615,157,12,78.94,0.105,0.5,2.357,65.9,83.56,10,740,N/A
2017,10,27,7,30,60,838,420,60,838,420,13,64.52,0.105,0.9,2.375,99.30000000000001,84.81,12,740,N/A
2017,10,27,8,30,72,931,666,72,931,666,13,50.36,0.105,1.1,2.399,93.60000000000001,75.43,13,740,N/A
2017,10,27,9,30,78,981,864,78,981,864,13,36.78,0.105,0.9,2.4250000000000003,93.2,70.65,14,740,N/A
2017,10,27,10,30,101,976,988,101,976,988,13,24.75,0.105,0.7000000000000001,2.456,98.9,66.67,15,740,N/A
2017,10,27,11,30,102,987,1043,102,987,1043,13,17.79,0.105,0.7000000000000001,2.492,109.9,67.79,16,740,N/A
2017,10,27,12,30,447,76,517,102,980,1014,14,21.54,0.105,0.8,2.523,121.2,69.12,15,740,N/A
2017,10,27,13,30,469,172,614,113,933,901,14,32.49,0.105,0.9,2.545,126.10000000000001,74.67,15,740,N/A
2017,10,27,14,30,199,13,209,106,882,722,14,45.72,0.105,1,2.555,125.4,75.45,14,740,N/A
2017,10,27,15,30,126,1,127,91,794,491,14,59.74,0.105,0.9,2.5580000000000003,119,80.94,13,740,N/A
2017,10,27,16,30,60,0,60,69,588,231,14,74.08,0.105,0.7000000000000001,2.556,103.7,87.57000000000001,12,740,N/A
2017,10,27,17,30,3,0,3,12,67,14,15,88.59,0.105,0.5,2.5500000000000003,97.4,94.75,11,740,N/A
2017,10,27,18,30,0,0,0,0,0,0,14,103.18,0.105,0.30000000000000004,2.528,93.7,97.79,11,740,N/A
2017,10,27,19,30,0,0,0,0,0,0,14,117.78,0.105,0.2,2.479,79.10000000000001,94.87,11,740,N/A
2017,10,27,20,30,0,0,0,0,0,0,13,132.36,0.105,0.2,2.4050000000000002,64,93.18,10,740,N/A
2017,10,27,21,30,0,0,0,0,0,0,13,146.79,0.105,0.2,2.327,52.2,96.52,10,740,N/A
2017,10,27,22,30,0,0,0,0,0,0,12,160.71,0.105,0.2,2.279,49.2,92.46000000000001,10,740,N/A
2017,10,27,23,30,0,0,0,0,0,0,12,171.08,0.105,0.2,2.274,51.7,89.06,10,740,N/A
2017,10,28,0,30,0,0,0,0,0,0,11,164.98,0.105,0.2,2.2960000000000003,57.1,85.82000000000001,9,740,N/A
2017,10,28,1,30,0,0,0,0,0,0,11,151.55,0.105,0.30000000000000004,2.317,333.3,89.96000000000001,9,740,N/A
2017,10,28,2,30,0,0,0,0,0,0,11,137.21,0.105,0.5,2.323,315.3,89.07000000000001,9,740,N/A
2017,10,28,3,30,0,0,0,0,0,0,11,122.67,0.105,0.6000000000000001,2.317,320.90000000000003,89.08,9,740,N/A
2017,10,28,4,30,0,0,0,0,0,0,11,108.08,0.105,0.6000000000000001,2.301,317.90000000000003,88.82000000000001,9,740,N/A
2017,10,28,5,30,0,0,0,0,0,0,11,93.49,0.105,0.5,2.281,310.1,87.81,9,740,N/A
2017,10,28,6,30,45,568,154,45,568,154,11,78.96000000000001,0.105,0.5,2.262,307,81.12,10,740,N/A
2017,10,28,7,30,197,179,274,68,812,417,13,64.57000000000001,0.105,0.30000000000000004,2.247,301.3,83.76,12,740,N/A
2017,10,28,8,30,314,91,373,80,916,663,13,50.44,0.105,0.2,2.243,292,76.8,14,740,N/A
2017,10,28,9,30,389,84,456,87,969,862,13,36.910000000000004,0.105,0.2,2.259,203.8,71.37,15,740,N/A
2017,10,28,10,30,466,63,523,93,993,993,14,24.97,0.105,0.2,2.303,243.9,68.39,16,740,N/A
2017,10,28,11,30,166,14,180,97,998,1045,14,18.11,0.105,0.30000000000000004,2.367,279.2,66.18,16,740,N/A
2017,10,28,12,30,483,64,543,97,989,1016,14,21.82,0.105,0.2,2.434,289.7,71.5,16,740,N/A
2017,10,28,13,30,182,14,194,97,960,906,14,32.68,0.105,0.2,2.499,289,76.5,15,740,N/A
2017,10,28,14,30,115,3,118,89,916,728,14,45.86,0.105,0.2,2.5580000000000003,268,76.64,14,740,N/A
2017,10,28,15,30,111,0,111,76,835,496,14,59.83,0.105,0.30000000000000004,2.608,241.70000000000002,82.12,13,740,N/A
2017,10,28,16,30,53,0,53,55,669,237,15,74.15,0.105,0.30000000000000004,2.642,254.5,88.65,12,740,N/A
2017,10,28,17,30,3,0,3,12,140,15,15,88.64,0.105,0.2,2.66,255,95.67,11,740,N/A
2017,10,28,18,30,0,0,0,0,0,0,15,103.2,0.105,0.2,2.6630000000000003,244.4,100,11,740,N/A
2017,10,28,19,30,0,0,0,0,0,0,14,117.79,0.105,0.2,2.6470000000000002,236.60000000000002,98.57000000000001,11,740,N/A
2017,10,28,20,30,0,0,0,0,0,0,14,132.34,0.105,0.1,2.615,233.5,95.95,10,740,N/A
2017,10,28,21,30,0,0,0,0,0,0,13,146.74,0.105,0.1,2.575,203.8,98.93,10,740,N/A
2017,10,28,22,30,0,0,0,0,0,0,13,160.58,0.105,0.2,2.5380000000000003,158.5,96.23,10,740,N/A
2017,10,28,23,30,0,0,0,0,0,0,13,170.77,0.105,0.2,2.511,139.5,94.58,10,740,N/A
2017,10,29,0,30,0,0,0,0,0,0,13,164.78,0.105,0.30000000000000004,2.491,117.4,93.7,10,740,N/A
2017,10,29,1,30,0,0,0,0,0,0,12,151.44,0.105,0.2,2.47,108.80000000000001,93.38,9,740,N/A
2017,10,29,2,30,0,0,0,0,0,0,12,137.15,0.105,0.2,2.455,106.7,93.31,9,740,N/A
2017,10,29,3,30,0,0,0,0,0,0,12,122.64,0.105,0.1,2.446,101.30000000000001,93.03,9,740,N/A
2017,10,29,4,30,0,0,0,0,0,0,12,108.06,0.105,0.2,2.435,327.20000000000005,92.77,9,740,N/A
2017,10,29,5,30,0,0,0,0,0,0,12,93.49,0.105,0.6000000000000001,2.4210000000000003,299.90000000000003,91.77,9,740,N/A
2017,10,29,6,30,67,7,69,41,599,156,12,78.99,0.105,1.1,2.4090000000000003,289.7,92.47,10,740,N/A
2017,10,29,7,30,186,63,213,63,827,418,13,64.62,0.105,1.4000000000000001,2.4010000000000002,289.8,90.12,11,740,N/A
2017,10,29,8,30,318,263,485,74,926,663,14,50.53,0.105,1.2000000000000002,2.4050000000000002,300.5,83.06,12,740,N/A
2017,10,29,9,30,338,31,364,78,981,861,14,37.050000000000004,0.105,0.7000000000000001,2.4290000000000003,318.1,78.92,13,740,N/A
2017,10,29,10,30,508,134,630,83,1003,991,14,25.19,0.105,0.4,2.467,355.6,74.23,14,740,N/A
2017,10,29,11,30,435,35,469,87,1008,1044,14,18.44,0.105,0.2,2.503,62.5,74.29,15,740,N/A
2017,10,29,12,30,337,22,359,87,1002,1016,14,22.1,0.105,0.1,2.535,95.4,74.63,14,740,N/A
2017,10,29,13,30,181,14,193,91,970,906,14,32.87,0.105,0.1,2.563,156.70000000000002,79.98,14,740,N/A
2017,10,29,14,30,169,11,177,82,932,730,14,45.99,0.105,0.2,2.585,230.60000000000002,85.73,13,740,N/A
2017,10,29,15,30,156,8,160,69,859,499,14,59.93,0.105,0.2,2.599,248,86.51,12,740,N/A
2017,10,29,16,30,77,0,77,51,690,239,14,74.22,0.105,0.2,2.602,263.5,93.69,12,740,N/A
2017,10,29,17,30,4,0,4,11,152,15,15,88.68,0.105,0.1,2.594,294.7,100,11,740,N/A
2017,10,29,18,30,0,0,0,0,0,0,14,103.23,0.105,0,2.576,113.80000000000001,98.29,11,740,N/A
2017,10,29,19,30,0,0,0,0,0,0,14,117.79,0.105,0.1,2.555,108.7,96.55,10,740,N/A
2017,10,29,20,30,0,0,0,0,0,0,14,132.32,0.105,0.1,2.529,97.60000000000001,95.04,10,740,N/A
2017,10,29,21,30,0,0,0,0,0,0,13,146.68,0.105,0.1,2.496,127.60000000000001,99.69,10,740,N/A
2017,10,29,22,30,0,0,0,0,0,0,13,160.45000000000002,0.105,0.30000000000000004,2.471,157.60000000000002,98.18,10,740,N/A
2017,10,29,23,30,0,0,0,0,0,0,13,170.45000000000002,0.105,0.30000000000000004,2.46,153.4,96.59,9,740,N/A
2017,10,30,0,30,0,0,0,0,0,0,13,164.58,0.105,0.2,2.448,161.9,95.51,9,740,N/A
2017,10,30,1,30,0,0,0,0,0,0,13,151.34,0.105,0.2,2.426,203.20000000000002,94.69,9,740,N/A
2017,10,30,2,30,0,0,0,0,0,0,12,137.09,0.105,0.1,2.4,249.20000000000002,93.57000000000001,9,740,N/A
2017,10,30,3,30,0,0,0,0,0,0,12,122.61,0.105,0.1,2.375,234.20000000000002,98.02,9,740,N/A
2017,10,30,4,30,0,0,0,0,0,0,12,108.05,0.105,0.2,2.359,158.20000000000002,96.9,9,740,N/A
2017,10,30,5,30,0,0,0,0,0,0,12,93.5,0.105,0.30000000000000004,2.354,140,95.78,9,740,N/A
2017,10,30,6,30,61,0,61,41,603,156,12,79.02,0.105,0.7000000000000001,2.351,131.3,97.37,9,740,N/A
2017,10,30,7,30,197,148,261,63,829,417,13,64.68,0.105,1.1,2.346,138.1,88.92,10,740,N/A
2017,10,30,8,30,270,36,294,75,925,662,13,50.620000000000005,0.105,1.3,2.344,132.20000000000002,85.67,11,740,N/A
2017,10,30,9,30,419,94,494,83,974,860,13,37.19,0.105,1.4000000000000001,2.349,128.4,81.17,12,740,N/A
2017,10,30,10,30,495,100,585,94,991,989,13,25.42,0.105,1.3,2.352,126.10000000000001,75.89,13,740,N/A
2017,10,30,11,30,279,20,298,94,1002,1044,13,18.76,0.105,1.2000000000000002,2.357,126.2,75.47,14,740,N/A
2017,10,30,12,30,217,25,240,93,998,1016,13,22.38,0.105,1.2000000000000002,2.368,128.3,75.44,14,740,N/A
2017,10,30,13,30,450,99,534,110,942,900,13,33.05,0.105,1.2000000000000002,2.3850000000000002,132,76.12,14,740,N/A
2017,10,30,14,30,298,35,322,102,895,722,13,46.11,0.105,1.2000000000000002,2.406,133.70000000000002,77.10000000000001,13,740,N/A
2017,10,30,15,30,231,278,370,87,807,491,14,60.02,0.105,1.2000000000000002,2.428,134.6,83.38,13,740,N/A
2017,10,30,16,30,108,245,174,63,620,231,14,74.28,0.105,1,2.446,134.4,90.56,12,740,N/A
2017,10,30,17,30,10,0,10,12,90,14,14,88.72,0.105,0.8,2.46,133.1,98.85000000000001,11,740,N/A
2017,10,30,18,30,0,0,0,0,0,0,14,103.25,0.105,0.7000000000000001,2.472,134.70000000000002,97.24000000000001,11,740,N/A
2017,10,30,19,30,0,0,0,0,0,0,14,117.79,0.105,0.6000000000000001,2.478,134.8,96.21000000000001,10,740,N/A
2017,10,30,20,30,0,0,0,0,0,0,14,132.29,0.105,0.5,2.473,137.70000000000002,95.03,10,740,N/A
2017,10,30,21,30,0,0,0,0,0,0,13,146.62,0.105,0.30000000000000004,2.459,145.4,99.91,10,740,N/A
2017,10,30,22,30,0,0,0,0,0,0,13,160.32,0.105,0.30000000000000004,2.437,147.9,97.73,10,740,N/A
2017,10,30,23,30,0,0,0,0,0,0,13,170.14000000000001,0.105,0.30000000000000004,2.406,144.4,95.51,9,740,N/A
2017,10,31,0,30,0,0,0,0,0,0,12,164.38,0.105,0.30000000000000004,2.369,137.1,99.78,9,740,N/A
2017,10,31,1,30,0,0,0,0,0,0,12,151.24,0.105,0.2,2.329,124.80000000000001,97.4,9,740,N/A
2017,10,31,2,30,0,0,0,0,0,0,12,137.03,0.105,0,2.2880000000000003,107.60000000000001,95,9,740,N/A
2017,10,31,3,30,0,0,0,0,0,0,11,122.58,0.105,0,2.244,69.9,92.54,8,740,N/A
2017,10,31,4,30,0,0,0,0,0,0,11,108.04,0.105,0.1,2.202,22.200000000000003,89.60000000000001,8,740,N/A
2017,10,31,5,30,0,0,0,0,0,0,10,93.52,0.105,0.1,2.1710000000000003,19.3,86.46000000000001,8,740,N/A
2017,10,31,6,30,38,631,158,38,631,158,11,79.05,0.105,0.4,2.1550000000000002,28.8,78.86,10,740,N/A
2017,10,31,7,30,57,852,421,57,852,421,13,64.74,0.105,1,2.153,83.5,77.69,12,740,N/A
2017,10,31,8,30,311,87,366,69,942,666,13,50.71,0.105,1.4000000000000001,2.1630000000000003,90.5,73.46000000000001,14,740,N/A
2017,10,31,9,30,430,128,533,77,988,863,13,37.33,0.105,1.7000000000000002,2.179,98.10000000000001,68.52,15,740,N/A
2017,10,31,10,30,483,82,557,81,1012,994,13,25.650000000000002,0.105,1.8,2.203,100.7,65.82000000000001,16,740,N/A
2017,10,31,11,30,313,21,333,83,1021,1048,13,19.080000000000002,0.105,1.7000000000000002,2.234,103.7,63.15,16,740,N/A
2017,10,31,12,30,214,17,231,82,1016,1020,13,22.650000000000002,0.105,1.6,2.261,105.9,67.84,16,740,N/A
2017,10,31,13,30,237,17,252,79,996,913,13,33.230000000000004,0.105,1.5,2.279,108.4,68.34,16,740,N/A
2017,10,31,14,30,223,16,234,73,957,735,14,46.24,0.105,1.4000000000000001,2.2880000000000003,111.80000000000001,68.82000000000001,15,740,N/A
2017,10,31,15,30,62,887,504,62,887,504,14,60.1,0.105,1.2000000000000002,2.285,115,73.8,15,740,N/A
2017,10,31,16,30,46,728,243,46,728,243,14,74.34,0.105,0.8,2.2640000000000002,119.2,80.07000000000001,14,740,N/A
2017,10,31,17,30,15,0,15,11,183,15,15,88.76,0.105,0.4,2.234,126,94.02,12,740,N/A
2017,10,31,18,30,0,0,0,0,0,0,14,103.26,0.105,0.30000000000000004,2.199,129.70000000000002,97.37,11,740,N/A
2017,10,31,19,30,0,0,0,0,0,0,14,117.79,0.105,0.30000000000000004,2.156,117,95.94,11,740,N/A
2017,10,31,20,30,0,0,0,0,0,0,14,132.26,0.105,0.30000000000000004,2.112,103.10000000000001,94.44,11,740,N/A
2017,10,31,21,30,0,0,0,0,0,0,13,146.55,0.105,0.30000000000000004,2.078,88.10000000000001,92.66,10,740,N/A
2017,10,31,22,30,0,0,0,0,0,0,13,160.17000000000002,0.105,0.30000000000000004,2.053,77.2,96.83,10,740,N/A
2017,10,31,23,30,0,0,0,0,0,0,13,169.83,0.105,0.30000000000000004,2.033,60.5,94.93,10,740,N/A
2017,11,1,0,30,0,0,0,0,0,0,12,164.18,0.105,0.30000000000000004,2.017,17.6,93.21000000000001,9,740,N/A
2017,11,1,1,30,0,0,0,0,0,0,12,151.14000000000001,0.105,0.5,2.003,335.1,97.66,9,740,N/A
2017,11,1,2,30,0,0,0,0,0,0,12,136.98,0.105,0.7000000000000001,1.997,317.90000000000003,95.76,9,740,N/A
2017,11,1,3,30,0,0,0,0,0,0,12,122.55,0.105,0.8,2.009,314.5,94.15,9,740,N/A
2017,11,1,4,30,0,0,0,0,0,0,11,108.04,0.105,0.8,2.043,316,92.86,9,740,N/A
2017,11,1,5,30,0,0,0,0,0,0,11,93.53,0.105,0.7000000000000001,2.082,316.20000000000005,92.23,9,740,N/A
2017,11,1,6,30,38,628,157,38,628,157,12,79.09,0.105,0.4,2.123,313.3,82.86,10,740,N/A
2017,11,1,7,30,187,70,217,58,852,420,13,64.8,0.105,0.4,2.1630000000000003,322.20000000000005,83.27,12,740,N/A
2017,11,1,8,30,324,175,435,68,944,665,13,50.81,0.105,0.9,2.203,129.4,75.26,13,740,N/A
2017,11,1,9,30,420,100,501,76,990,862,13,37.480000000000004,0.105,1.3,2.246,125.4,71.53,14,740,N/A
2017,11,1,10,30,482,83,557,101,982,984,14,25.87,0.105,1.6,2.286,121.10000000000001,69.06,15,740,N/A
2017,11,1,11,30,540,150,682,104,989,1037,14,19.400000000000002,0.105,1.7000000000000002,2.324,117.80000000000001,70.12,16,740,N/A
2017,11,1,12,30,102,985,1009,102,985,1009,14,22.92,0.105,1.7000000000000002,2.358,119.10000000000001,70.67,15,740,N/A
2017,11,1,13,30,435,78,501,117,931,894,14,33.410000000000004,0.105,1.5,2.382,122,75.62,15,740,N/A
2017,11,1,14,30,348,89,410,105,887,718,14,46.36,0.105,1.2000000000000002,2.3970000000000002,129.3,76.28,14,740,N/A
2017,11,1,15,30,20,0,20,88,805,488,14,60.19,0.105,1.1,2.4130000000000003,137.3,82.01,14,740,N/A
2017,11,1,16,30,9,0,9,63,618,229,15,74.4,0.105,0.8,2.442,142.5,89.11,13,740,N/A
2017,11,1,17,30,0,0,0,11,82,13,15,88.79,0.105,0.5,2.484,146.20000000000002,97.69,12,740,N/A
2017,11,1,18,30,0,0,0,0,0,0,15,103.28,0.105,0.4,2.535,149.9,95.92,12,740,N/A
2017,11,1,19,30,0,0,0,0,0,0,15,117.78,0.105,0.5,2.585,150.20000000000002,95.14,11,740,N/A
2017,11,1,20,30,0,0,0,0,0,0,14,132.23,0.105,0.4,2.609,151.9,99.74000000000001,11,740,N/A
2017,11,1,21,30,0,0,0,0,0,0,14,146.48,0.105,0.30000000000000004,2.586,160.5,97.77,10,740,N/A
2017,11,1,22,30,0,0,0,0,0,0,14,160.03,0.105,0.30000000000000004,2.532,186.5,95.82000000000001,10,740,N/A
2017,11,1,23,30,0,0,0,0,0,0,14,169.52,0.105,0.30000000000000004,2.476,197.8,94,10,740,N/A
2017,11,2,0,30,0,0,0,0,0,0,13,163.98,0.105,0.30000000000000004,2.427,185.4,98.16,10,740,N/A
2017,11,2,1,30,0,0,0,0,0,0,13,151.04,0.105,0.30000000000000004,2.3810000000000002,141.70000000000002,95.83,10,740,N/A
2017,11,2,2,30,0,0,0,0,0,0,13,136.92000000000002,0.105,0.4,2.34,119.2,93.72,10,740,N/A
2017,11,2,3,30,0,0,0,0,0,0,12,122.52,0.105,0.4,2.303,123.10000000000001,92.33,9,740,N/A
2017,11,2,4,30,0,0,0,0,0,0,12,108.03,0.105,0.4,2.269,127,90.99,9,740,N/A
2017,11,2,5,30,0,0,0,0,0,0,12,93.55,0.105,0.4,2.223,125,89.22,9,740,N/A
2017,11,2,6,30,35,653,158,35,653,158,12,79.13,0.105,1,2.17,116.4,86.16,10,740,N/A
2017,11,2,7,30,53,869,422,53,869,422,14,64.86,0.105,1.7000000000000002,2.138,110.60000000000001,87.94,12,740,N/A
2017,11,2,8,30,63,957,667,63,957,667,14,50.9,0.105,2.1,2.1470000000000002,103.2,78.38,13,740,N/A
2017,11,2,9,30,71,998,862,71,998,862,14,37.63,0.105,2,2.195,102.7,73.14,14,740,N/A
2017,11,2,10,30,488,93,572,83,1009,990,14,26.1,0.105,1.7000000000000002,2.2520000000000002,107.5,74.07000000000001,15,740,N/A
2017,11,2,11,30,538,146,676,87,1014,1042,14,19.71,0.105,1.5,2.291,117.10000000000001,70.08,15,740,N/A
2017,11,2,12,30,405,32,435,87,1008,1014,14,23.18,0.105,1.4000000000000001,2.315,126.10000000000001,70.54,15,740,N/A
2017,11,2,13,30,460,143,580,91,975,904,14,33.59,0.105,1.3,2.335,133.1,71.02,15,740,N/A
2017,11,2,14,30,319,51,354,84,933,727,14,46.480000000000004,0.105,1.2000000000000002,2.357,138.1,75.85000000000001,15,740,N/A
2017,11,2,15,30,72,853,495,72,853,495,14,60.27,0.105,1.1,2.3810000000000002,140.3,80.88,14,740,N/A
2017,11,2,16,30,55,670,234,55,670,234,14,74.45,0.105,0.7000000000000001,2.4010000000000002,141.1,87.71000000000001,13,740,N/A
2017,11,2,17,30,13,0,13,11,110,13,15,88.82000000000001,0.105,0.4,2.412,145.6,96.44,12,740,N/A
2017,11,2,18,30,0,0,0,0,0,0,15,103.29,0.105,0.30000000000000004,2.412,142.4,94.66,11,740,N/A
2017,11,2,19,30,0,0,0,0,0,0,14,117.77,0.105,0.30000000000000004,2.399,130.8,93.24,11,740,N/A
2017,11,2,20,30,0,0,0,0,0,0,14,132.19,0.105,0.4,2.375,129.70000000000002,97.60000000000001,11,740,N/A
2017,11,2,21,30,0,0,0,0,0,0,14,146.4,0.105,0.4,2.344,139.5,95.58,11,740,N/A
2017,11,2,22,30,0,0,0,0,0,0,13,159.87,0.105,0.4,2.327,143.70000000000002,93.19,10,740,N/A
2017,11,2,23,30,0,0,0,0,0,0,13,169.22,0.105,0.30000000000000004,2.331,143.5,91.16,10,740,N/A
2017,11,3,0,30,0,0,0,0,0,0,13,163.79,0.105,0.2,2.337,140.70000000000002,95.62,10,740,N/A
2017,11,3,1,30,0,0,0,0,0,0,12,150.94,0.105,0.2,2.325,136.1,93.39,10,740,N/A
2017,11,3,2,30,0,0,0,0,0,0,12,136.87,0.105,0.2,2.295,111.4,91.11,10,740,N/A
2017,11,3,3,30,0,0,0,0,0,0,12,122.5,0.105,0.30000000000000004,2.2640000000000002,90.10000000000001,88.4,9,740,N/A
2017,11,3,4,30,0,0,0,0,0,0,11,108.03,0.105,0.2,2.237,75.60000000000001,86.33,9,740,N/A
2017,11,3,5,30,0,0,0,0,0,0,11,93.57000000000001,0.105,0.2,2.2,39.6,84.57000000000001,9,740,N/A
2017,11,3,6,30,71,212,110,40,612,155,12,79.17,0.105,0.30000000000000004,2.146,345.70000000000005,82.35000000000001,11,740,N/A
2017,11,3,7,30,59,848,419,59,848,419,13,64.93,0.105,0.6000000000000001,2.084,59.1,78.08,13,740,N/A
2017,11,3,8,30,322,150,417,69,947,665,13,51.01,0.105,1,2.033,109.30000000000001,71.93,14,740,N/A
2017,11,3,9,30,76,996,863,76,996,863,13,37.78,0.105,1.2000000000000002,2.028,116.4,67.36,15,740,N/A
2017,11,3,10,30,97,993,987,97,993,987,14,26.330000000000002,0.105,1.1,2.078,120.7,65.37,16,740,N/A
2017,11,3,11,30,463,82,541,102,996,1038,14,20.02,0.105,1.1,2.165,122.2,66.93,17,740,N/A
2017,11,3,12,30,195,16,210,105,983,1007,14,23.44,0.105,1,2.265,120.4,67.96000000000001,16,740,N/A
2017,11,3,13,30,85,0,85,123,921,889,14,33.76,0.105,0.8,2.367,119,72.89,16,740,N/A
2017,11,3,14,30,315,48,348,117,861,709,15,46.59,0.105,0.6000000000000001,2.464,119.10000000000001,78.10000000000001,15,740,N/A
2017,11,3,15,30,237,177,326,100,762,478,15,60.34,0.105,0.4,2.5380000000000003,122.80000000000001,84.44,14,740,N/A
2017,11,3,16,30,111,149,151,71,567,222,15,74.5,0.105,0.2,2.588,137.70000000000002,92.03,13,740,N/A
2017,11,3,17,30,8,0,8,11,55,12,15,88.85000000000001,0.105,0.2,2.63,162.60000000000002,99.86,12,740,N/A
2017,11,3,18,30,0,0,0,0,0,0,15,103.29,0.105,0.30000000000000004,2.673,165.60000000000002,98.37,12,740,N/A
2017,11,3,19,30,0,0,0,0,0,0,15,117.75,0.105,0.4,2.719,161.5,97.67,12,740,N/A
2017,11,3,20,30,0,0,0,0,0,0,15,132.15,0.105,0.4,2.759,168.20000000000002,96.57000000000001,11,740,N/A
2017,11,3,21,30,0,0,0,0,0,0,15,146.32,0.105,0.4,2.778,171.60000000000002,100,11,740,N/A
2017,11,3,22,30,0,0,0,0,0,0,14,159.72,0.105,0.30000000000000004,2.771,170.3,99.8,11,740,N/A
2017,11,3,23,30,0,0,0,0,0,0,14,168.92000000000002,0.105,0.30000000000000004,2.743,166.20000000000002,98.08,11,740,N/A
2017,11,4,0,30,0,0,0,0,0,0,14,163.59,0.105,0.30000000000000004,2.706,162.8,96.61,10,740,N/A
2017,11,4,1,30,0,0,0,0,0,0,14,150.84,0.105,0.30000000000000004,2.674,156.60000000000002,95.31,10,740,N/A
2017,11,4,2,30,0,0,0,0,0,0,14,136.82,0.105,0.4,2.6550000000000002,149.1,94.39,10,740,N/A
2017,11,4,3,30,0,0,0,0,0,0,14,122.48,0.105,0.4,2.644,142.1,93.75,10,740,N/A
2017,11,4,4,30,0,0,0,0,0,0,13,108.04,0.105,0.30000000000000004,2.6270000000000002,136.5,99.29,10,740,N/A
2017,11,4,5,30,0,0,0,0,0,0,13,93.59,0.105,0.2,2.601,118.60000000000001,97.69,10,740,N/A
2017,11,4,6,30,67,13,70,40,589,151,13,79.22,0.105,0.2,2.57,88,98.13,10,740,N/A
2017,11,4,7,30,151,14,158,58,836,412,14,65,0.105,0.30000000000000004,2.536,72.9,96.61,11,740,N/A
2017,11,4,8,30,306,82,358,65,942,657,14,51.11,0.105,0.2,2.507,72.8,91.41,12,740,N/A
2017,11,4,9,30,336,31,361,71,991,853,14,37.93,0.105,0.2,2.488,83,85.34,12,740,N/A
2017,11,4,10,30,242,18,259,78,1011,982,14,26.560000000000002,0.105,0.2,2.473,124.4,84.38,13,740,N/A
2017,11,4,11,30,315,21,335,82,1016,1036,14,20.330000000000002,0.105,0.4,2.464,130.8,78.58,14,740,N/A
2017,11,4,12,30,476,64,535,83,1010,1008,14,23.7,0.105,0.5,2.461,114.2,77.76,14,740,N/A
2017,11,4,13,30,119,5,124,82,986,901,13,33.93,0.105,0.6000000000000001,2.46,109.30000000000001,77.18,14,740,N/A
2017,11,4,14,30,151,9,157,79,940,724,13,46.7,0.105,0.6000000000000001,2.459,112.9,77.14,13,740,N/A
2017,11,4,15,30,33,0,33,69,861,494,14,60.42,0.105,0.5,2.46,122.5,82.99,13,740,N/A
2017,11,4,16,30,15,0,15,54,673,233,14,74.55,0.105,0.30000000000000004,2.461,125.30000000000001,90.57000000000001,12,740,N/A
2017,11,4,17,30,0,0,0,11,112,13,14,88.87,0.105,0.2,2.457,121.10000000000001,98.24000000000001,11,740,N/A
2017,11,4,18,30,0,0,0,0,0,0,14,103.29,0.105,0.1,2.45,112.10000000000001,96.18,11,740,N/A
2017,11,4,19,30,0,0,0,0,0,0,14,117.73,0.105,0.1,2.443,62.5,94.3,11,740,N/A
2017,11,4,20,30,0,0,0,0,0,0,13,132.1,0.105,0.30000000000000004,2.437,317.5,92.94,10,740,N/A
2017,11,4,21,30,0,0,0,0,0,0,13,146.23,0.105,0.4,2.426,314.40000000000003,91.62,10,740,N/A
2017,11,4,22,30,0,0,0,0,0,0,13,159.56,0.105,0.30000000000000004,2.406,322.5,90.39,10,740,N/A
2017,11,4,23,30,0,0,0,0,0,0,13,168.62,0.105,0.2,2.382,19.900000000000002,95.15,10,740,N/A
2017,11,5,0,30,0,0,0,0,0,0,13,163.4,0.105,0.30000000000000004,2.352,92.7,94.05,10,740,N/A
2017,11,5,1,30,0,0,0,0,0,0,12,150.74,0.105,0.4,2.317,96.30000000000001,92.84,9,740,N/A
2017,11,5,2,30,0,0,0,0,0,0,12,136.77,0.105,0.4,2.283,93.2,97.29,9,740,N/A
2017,11,5,3,30,0,0,0,0,0,0,12,122.46000000000001,0.105,0.30000000000000004,2.258,88.60000000000001,95.59,9,740,N/A
2017,11,5,4,30,0,0,0,0,0,0,12,108.04,0.105,0.2,2.247,80,94.13,9,740,N/A
2017,11,5,5,30,0,0,0,0,0,0,11,93.62,0.105,0.1,2.248,59.2,92.89,9,740,N/A
2017,11,5,6,30,59,0,59,38,618,153,12,79.26,0.105,0.2,2.255,53.300000000000004,89.62,10,740,N/A
2017,11,5,7,30,76,0,76,58,846,414,13,65.07000000000001,0.105,0.5,2.263,107.4,83.06,11,740,N/A
2017,11,5,8,30,279,46,308,68,941,658,13,51.22,0.105,0.8,2.2720000000000002,115.60000000000001,79.59,12,740,N/A
2017,11,5,9,30,298,23,316,75,989,854,13,38.09,0.105,1,2.283,113.2,73.5,14,740,N/A
2017,11,5,10,30,432,46,474,91,997,981,13,26.79,0.105,1.1,2.2960000000000003,111,68.21000000000001,15,740,N/A
2017,11,5,11,30,418,33,449,93,1005,1034,13,20.63,0.105,1.2000000000000002,2.315,114.9,65.06,15,740,N/A
2017,11,5,12,30,508,107,606,92,1000,1006,13,23.95,0.105,1.3,2.341,120.30000000000001,66.27,16,740,N/A
2017,11,5,13,30,168,17,182,98,962,895,13,34.1,0.105,1.2000000000000002,2.3770000000000002,125.2,67.33,16,740,N/A
2017,11,5,14,30,17,0,17,93,911,717,13,46.81,0.105,1.1,2.418,129.8,72.48,15,740,N/A
2017,11,5,15,30,172,14,179,84,813,485,14,60.49,0.105,1,2.456,133.3,78.3,14,740,N/A
2017,11,5,16,30,67,589,224,67,589,224,14,74.59,0.105,0.7000000000000001,2.48,132.20000000000002,85.66,13,740,N/A
2017,11,5,17,30,10,47,11,10,47,11,15,88.89,0.105,0.5,2.492,124.5,94.71000000000001,12,740,N/A
2017,11,5,18,30,0,0,0,0,0,0,15,103.29,0.105,0.30000000000000004,2.492,120.7,94.99,11,740,N/A
2017,11,5,19,30,0,0,0,0,0,0,15,117.71000000000001,0.105,0.30000000000000004,2.482,121.4,94.39,11,740,N/A
2017,11,5,20,30,0,0,0,0,0,0,14,132.05,0.105,0.30000000000000004,2.471,122.30000000000001,99.75,11,740,N/A
2017,11,5,21,30,0,0,0,0,0,0,14,146.14000000000001,0.105,0.30000000000000004,2.463,120.5,98.78,11,740,N/A
2017,11,5,22,30,0,0,0,0,0,0,14,159.39000000000001,0.105,0.2,2.452,118.10000000000001,97.59,10,740,N/A
2017,11,5,23,30,0,0,0,0,0,0,14,168.32,0.105,0.2,2.435,109.4,95.73,10,740,N/A
2017,11,6,0,30,0,0,0,0,0,0,13,163.20000000000002,0.105,0.2,2.414,117,99.74000000000001,10,740,N/A
2017,11,6,1,30,0,0,0,0,0,0,13,150.65,0.105,0.1,2.395,118.4,97.52,10,740,N/A
2017,11,6,2,30,0,0,0,0,0,0,13,136.73,0.105,0.1,2.375,107.4,95.58,9,740,N/A
2017,11,6,3,30,0,0,0,0,0,0,13,122.44,0.105,0.1,2.351,29.400000000000002,93.87,9,740,N/A
2017,11,6,4,30,0,0,0,0,0,0,12,108.05,0.105,0.2,2.32,10,98.82000000000001,9,740,N/A
2017,11,6,5,30,0,0,0,0,0,0,12,93.65,0.105,0.30000000000000004,2.2800000000000002,25.3,97.55,9,740,N/A
2017,11,6,6,30,59,439,140,59,439,140,12,79.31,0.105,0.6000000000000001,2.237,54.400000000000006,92.3,10,740,N/A
2017,11,6,7,30,154,17,161,93,723,396,13,65.15,0.105,1,2.202,75.7,88.33,11,740,N/A
2017,11,6,8,30,242,24,258,110,849,640,13,51.33,0.105,1.1,2.183,82.10000000000001,78.38,12,740,N/A
2017,11,6,9,30,356,39,387,117,919,839,13,38.25,0.105,1,2.176,88.60000000000001,74.21000000000001,14,740,N/A
2017,11,6,10,30,465,373,798,128,942,968,13,27.02,0.105,0.8,2.179,97.10000000000001,70.73,15,740,N/A
2017,11,6,11,30,491,66,553,131,953,1021,13,20.93,0.105,0.7000000000000001,2.191,109.4,67.73,15,740,N/A
2017,11,6,12,30,508,110,608,130,946,994,14,24.2,0.105,0.6000000000000001,2.205,117.7,68.93,15,740,N/A
2017,11,6,13,30,159,864,873,159,864,873,14,34.26,0.105,0.5,2.218,123.7,69.81,15,740,N/A
2017,11,6,14,30,310,45,341,139,820,700,14,46.92,0.105,0.4,2.229,122.30000000000001,74.74,15,740,N/A
2017,11,6,15,30,225,76,263,110,741,475,14,60.550000000000004,0.105,0.4,2.233,118.4,79.92,14,740,N/A
2017,11,6,16,30,73,561,222,73,561,222,14,74.63,0.105,0.4,2.224,105.9,85.96000000000001,13,740,N/A
2017,11,6,17,30,12,0,12,10,69,12,15,88.91,0.105,0.30000000000000004,2.207,108.30000000000001,94.51,12,740,N/A
2017,11,6,18,30,0,0,0,0,0,0,14,103.29,0.105,0.2,2.188,111.80000000000001,91.71000000000001,11,740,N/A
2017,11,6,19,30,0,0,0,0,0,0,14,117.68,0.105,0.2,2.168,113.2,96.03,11,740,N/A
2017,11,6,20,30,0,0,0,0,0,0,14,131.99,0.105,0.30000000000000004,2.146,110.2,94.94,11,740,N/A
2017,11,6,21,30,0,0,0,0,0,0,14,146.05,0.105,0.4,2.126,115.80000000000001,93.83,10,740,N/A
2017,11,6,22,30,0,0,0,0,0,0,13,159.23,0.105,0.5,2.122,119.9,92.84,10,740,N/A
2017,11,6,23,30,0,0,0,0,0,0,13,168.03,0.105,0.4,2.1430000000000002,124,97.66,10,740,N/A
2017,11,7,0,30,0,0,0,0,0,0,13,163.02,0.105,0.2,2.1670000000000003,133.1,96.52,10,740,N/A
2017,11,7,1,30,0,0,0,0,0,0,13,150.56,0.105,0.2,2.17,137.1,95.94,9,740,N/A
2017,11,7,2,30,0,0,0,0,0,0,13,136.68,0.105,0.1,2.1670000000000003,129.20000000000002,94.94,9,740,N/A
2017,11,7,3,30,0,0,0,0,0,0,12,122.43,0.105,0.1,2.168,99.9,99.95,9,740,N/A
2017,11,7,4,30,0,0,0,0,0,0,12,108.06,0.105,0.1,2.165,66.10000000000001,98.49000000000001,9,740,N/A
2017,11,7,5,30,0,0,0,0,0,0,12,93.68,0.105,0.1,2.157,349.70000000000005,97.08,9,740,N/A
2017,11,7,6,30,40,600,151,40,600,151,13,79.37,0.105,0.30000000000000004,2.154,181.3,93.78,10,740,N/A
2017,11,7,7,30,62,833,411,62,833,411,13,65.23,0.105,0.8,2.165,136.8,87.62,12,740,N/A
2017,11,7,8,30,89,0,89,76,927,654,14,51.44,0.105,1,2.189,118.9,78.69,13,740,N/A
2017,11,7,9,30,86,973,849,86,973,849,14,38.410000000000004,0.105,1.1,2.217,111.80000000000001,72.82000000000001,15,740,N/A
2017,11,7,10,30,489,104,582,97,989,976,14,27.25,0.105,1.2000000000000002,2.246,113.2,68.78,16,740,N/A
2017,11,7,11,30,101,995,1029,101,995,1029,14,21.22,0.105,1.1,2.277,117.80000000000001,65.41,16,740,N/A
2017,11,7,12,30,101,988,1000,101,988,1000,14,24.44,0.105,1,2.315,123.30000000000001,66.28,16,740,N/A
2017,11,7,13,30,422,68,478,98,963,893,14,34.42,0.105,0.9,2.355,129.1,71.34,16,740,N/A
2017,11,7,14,30,328,365,577,95,909,715,14,47.02,0.105,0.8,2.391,135.6,76.48,15,730,N/A
2017,11,7,15,30,151,7,155,82,821,485,14,60.620000000000005,0.105,0.7000000000000001,2.418,140.4,77.03,14,730,N/A
2017,11,7,16,30,72,0,72,61,628,227,15,74.66,0.105,0.6000000000000001,2.433,144.3,83.56,13,730,N/A
2017,11,7,17,30,4,0,4,11,93,12,15,88.92,0.105,0.4,2.437,148.20000000000002,97.77,12,730,N/A
2017,11,7,18,30,0,0,0,0,0,0,15,103.28,0.105,0.30000000000000004,2.44,151.5,96.25,12,740,N/A
2017,11,7,19,30,0,0,0,0,0,0,15,117.65,0.105,0.30000000000000004,2.461,146.20000000000002,95.17,11,740,N/A
2017,11,7,20,30,0,0,0,0,0,0,15,131.93,0.105,0.30000000000000004,2.498,136.70000000000002,100,11,740,N/A
2017,11,7,21,30,0,0,0,0,0,0,14,145.95000000000002,0.105,0.2,2.515,131.1,99.88,11,740,N/A
2017,11,7,22,30,0,0,0,0,0,0,14,159.05,0.105,0.2,2.494,128.8,98.79,11,740,N/A
2017,11,7,23,30,0,0,0,0,0,0,14,167.74,0.105,0.4,2.449,126.80000000000001,96.94,11,740,N/A
2017,11,8,0,30,0,0,0,0,0,0,14,162.83,0.105,0.6000000000000001,2.408,111.5,100,10,740,N/A
2017,11,8,1,30,0,0,0,0,0,0,13,150.47,0.105,0.5,2.3890000000000002,104,97.92,10,740,N/A
2017,11,8,2,30,0,0,0,0,0,0,13,136.64000000000001,0.105,0.4,2.391,104.7,95.72,10,740,N/A
2017,11,8,3,30,0,0,0,0,0,0,13,122.42,0.105,0.30000000000000004,2.398,106,94.45,9,740,N/A
2017,11,8,4,30,0,0,0,0,0,0,12,108.07000000000001,0.105,0.2,2.398,93.9,92.78,9,740,N/A
2017,11,8,5,30,0,0,0,0,0,0,12,93.71000000000001,0.105,0.2,2.383,74.4,91.38,9,740,N/A
2017,11,8,6,30,71,161,101,44,558,146,12,79.43,0.105,0.4,2.365,87.80000000000001,93.45,10,740,N/A
2017,11,8,7,30,192,172,264,68,804,404,13,65.31,0.105,0.7000000000000001,2.357,94.60000000000001,91.41,11,740,N/A
2017,11,8,8,30,303,81,353,84,904,646,13,51.56,0.105,0.9,2.355,88.9,86.63,12,740,N/A
2017,11,8,9,30,381,379,678,94,955,841,13,38.57,0.105,0.9,2.349,89.9,76.69,13,740,N/A
2017,11,8,10,30,460,352,773,136,925,957,13,27.48,0.105,0.8,2.349,101.60000000000001,71.41,14,740,N/A
2017,11,8,11,30,535,172,695,140,935,1010,13,21.51,0.105,0.8,2.362,128.70000000000002,72.47,15,740,N/A
2017,11,8,12,30,378,27,404,140,926,982,14,24.68,0.105,0.8,2.3850000000000002,153.1,69.3,15,740,N/A
2017,11,8,13,30,409,57,456,146,880,871,14,34.57,0.105,0.9,2.4130000000000003,168.60000000000002,74.7,15,740,N/A
2017,11,8,14,30,32,0,32,137,818,694,14,47.11,0.105,0.8,2.437,178,75.46000000000001,14,730,N/A
2017,11,8,15,30,10,0,10,117,714,467,14,60.68,0.105,0.7000000000000001,2.451,182.5,81.19,14,730,N/A
2017,11,8,16,30,4,0,4,84,491,214,15,74.69,0.105,0.5,2.455,180.70000000000002,88.35000000000001,13,730,N/A
2017,11,8,17,30,0,0,0,9,26,10,15,88.93,0.105,0.2,2.447,172.5,96.23,12,740,N/A
2017,11,8,18,30,0,0,0,0,0,0,14,103.26,0.105,0.2,2.426,166.20000000000002,93.46000000000001,12,740,N/A
2017,11,8,19,30,0,0,0,0,0,0,14,117.61,0.10400000000000001,0.30000000000000004,2.402,149.9,98.09,11,740,N/A
2017,11,8,20,30,0,0,0,0,0,0,14,131.87,0.10400000000000001,0.4,2.395,141,96.58,11,740,N/A
2017,11,8,21,30,0,0,0,0,0,0,14,145.85,0.10400000000000001,0.4,2.4210000000000003,125.2,94.99,11,740,N/A
2017,11,8,22,30,0,0,0,0,0,0,14,158.88,0.10400000000000001,0.4,2.452,104.2,93.91,11,740,N/A
2017,11,8,23,30,0,0,0,0,0,0,13,167.46,0.10400000000000001,0.30000000000000004,2.452,91.10000000000001,93.64,11,740,N/A
2017,11,9,0,30,0,0,0,0,0,0,13,162.65,0.10400000000000001,0.30000000000000004,2.433,99.4,92.75,10,740,N/A
2017,11,9,1,30,0,0,0,0,0,0,13,150.39000000000001,0.10400000000000001,0.30000000000000004,2.42,113.2,91.37,10,740,N/A
2017,11,9,2,30,0,0,0,0,0,0,13,136.61,0.10400000000000001,0.30000000000000004,2.422,112,96.19,10,740,N/A
2017,11,9,3,30,0,0,0,0,0,0,13,122.41,0.10400000000000001,0.30000000000000004,2.428,107.7,94.99,10,740,N/A
2017,11,9,4,30,0,0,0,0,0,0,13,108.09,0.10400000000000001,0.30000000000000004,2.428,99.10000000000001,94.03,10,740,N/A
2017,11,9,5,30,0,0,0,0,0,0,12,93.75,0.10400000000000001,0.4,2.4170000000000003,90.60000000000001,93.22,10,740,N/A
2017,11,9,6,30,49,512,142,49,512,142,13,79.49,0.10400000000000001,0.6000000000000001,2.3970000000000002,88.30000000000001,90.3,11,740,N/A
2017,11,9,7,30,106,0,106,74,783,400,14,65.4,0.10400000000000001,0.9,2.373,110.4,90.53,12,740,N/A
2017,11,9,8,30,252,29,271,86,899,643,14,51.67,0.10400000000000001,1.2000000000000002,2.352,109.9,81.94,13,740,N/A
2017,11,9,9,30,424,224,599,92,958,840,14,38.730000000000004,0.10400000000000001,1.2000000000000002,2.342,111.10000000000001,77.01,14,740,N/A
2017,11,9,10,30,445,251,668,97,986,970,14,27.71,0.10400000000000001,1.2000000000000002,2.351,117.60000000000001,72.28,15,740,N/A
2017,11,9,11,30,239,19,257,100,994,1023,15,21.79,0.10400000000000001,1.2000000000000002,2.376,127.2,69.02,16,740,N/A
2017,11,9,12,30,203,17,218,101,985,995,15,24.92,0.10400000000000001,1.3,2.4090000000000003,136.70000000000002,69.98,17,740,N/A
2017,11,9,13,30,345,29,369,101,957,887,15,34.72,0.10400000000000001,1.3,2.455,144.4,75.25,16,730,N/A
2017,11,9,14,30,277,29,297,95,904,710,15,47.21,0.10400000000000001,1.2000000000000002,2.5100000000000002,149.20000000000002,80.95,15,730,N/A
2017,11,9,15,30,193,27,206,83,812,481,15,60.730000000000004,0.10400000000000001,1.1,2.5540000000000003,150,81.92,14,730,N/A
2017,11,9,16,30,94,8,96,62,614,224,16,74.72,0.10400000000000001,0.8,2.58,149.6,88.75,13,730,N/A
2017,11,9,17,30,5,0,5,10,79,12,16,88.93,0.10400000000000001,0.5,2.593,146.5,96.24000000000001,12,730,N/A
2017,11,9,18,30,0,0,0,0,0,0,16,103.24000000000001,0.10400000000000001,0.5,2.595,139.8,100,12,740,N/A
2017,11,9,19,30,0,0,0,0,0,0,15,117.57000000000001,0.10400000000000001,0.6000000000000001,2.593,132,99.60000000000001,12,740,N/A
2017,11,9,20,30,0,0,0,0,0,0,15,131.8,0.10400000000000001,0.5,2.586,126.60000000000001,98.21000000000001,12,740,N/A
2017,11,9,21,30,0,0,0,0,0,0,15,145.74,0.10400000000000001,0.5,2.569,123.4,96.35000000000001,11,740,N/A
2017,11,9,22,30,0,0,0,0,0,0,14,158.71,0.10400000000000001,0.5,2.551,119.30000000000001,99.97,11,740,N/A
2017,11,9,23,30,0,0,0,0,0,0,14,167.17000000000002,0.10400000000000001,0.4,2.551,115.7,97.48,11,740,N/A
2017,11,10,0,30,0,0,0,0,0,0,14,162.46,0.10400000000000001,0.30000000000000004,2.56,110.9,95.78,10,740,N/A
2017,11,10,1,30,0,0,0,0,0,0,14,150.3,0.10400000000000001,0.1,2.556,102.2,100,10,740,N/A
2017,11,10,2,30,0,0,0,0,0,0,13,136.57,0.10400000000000001,0.1,2.547,78.4,98.28,10,740,N/A
2017,11,10,3,30,0,0,0,0,0,0,13,122.41,0.10400000000000001,0.1,2.547,28.200000000000003,96.83,10,740,N/A
2017,11,10,4,30,0,0,0,0,0,0,13,108.11,0.10400000000000001,0.30000000000000004,2.552,327.8,95.52,10,740,N/A
2017,11,10,5,30,0,0,0,0,0,0,13,93.79,0.10400000000000001,0.30000000000000004,2.551,305.40000000000003,94.92,10,740,N/A
2017,11,10,6,30,47,520,141,47,520,141,13,79.55,0.10400000000000001,0.4,2.544,299.40000000000003,96.29,10,740,N/A
2017,11,10,7,30,83,0,83,73,778,396,13,65.49,0.10400000000000001,0.5,2.5380000000000003,309.20000000000005,93.34,11,740,N/A
2017,11,10,8,30,267,46,296,87,892,638,13,51.79,0.10400000000000001,0.5,2.531,344,87.21000000000001,12,740,N/A
2017,11,10,9,30,412,289,637,94,951,834,13,38.9,0.10400000000000001,0.30000000000000004,2.519,8.9,81.82000000000001,13,740,N/A
2017,11,10,10,30,381,30,408,132,927,951,13,27.94,0.10400000000000001,0.30000000000000004,2.505,63.300000000000004,76.94,14,740,N/A
2017,11,10,11,30,420,56,472,124,955,1010,13,22.07,0.10400000000000001,0.5,2.495,120.9,72.46000000000001,15,740,N/A
2017,11,10,12,30,513,231,723,116,960,986,14,25.150000000000002,0.10400000000000001,0.7000000000000001,2.49,133,69.31,15,740,N/A
2017,11,10,13,30,205,15,218,156,861,862,14,34.87,0.10400000000000001,0.9,2.492,135.3,70.18,16,730,N/A
2017,11,10,14,30,84,0,84,136,818,691,14,47.300000000000004,0.10400000000000001,1,2.498,138.9,70.81,15,730,N/A
2017,11,10,15,30,19,0,19,112,724,466,14,60.79,0.10400000000000001,1.1,2.505,144.8,76.21000000000001,15,730,N/A
2017,11,10,16,30,9,0,9,77,525,216,15,74.74,0.10400000000000001,0.9,2.509,149.5,83.18,14,730,N/A
2017,11,10,17,30,0,0,0,10,37,11,15,88.93,0.10400000000000001,0.7000000000000001,2.5060000000000002,148.3,90.85000000000001,12,730,N/A
2017,11,10,18,30,0,0,0,0,0,0,14,103.22,0.10400000000000001,0.6000000000000001,2.503,152.8,93.25,12,740,N/A
2017,11,10,19,30,0,0,0,0,0,0,14,117.53,0.10400000000000001,0.7000000000000001,2.5260000000000002,148.20000000000002,91.65,12,740,N/A
2017,11,10,20,30,0,0,0,0,0,0,14,131.73,0.10400000000000001,0.6000000000000001,2.573,140.8,91.07000000000001,11,740,N/A
2017,11,10,21,30,0,0,0,0,0,0,14,145.63,0.10400000000000001,0.5,2.612,134.4,97.47,11,740,N/A
2017,11,10,22,30,0,0,0,0,0,0,14,158.53,0.10400000000000001,0.5,2.629,120.7,97.26,11,740,N/A
2017,11,10,23,30,0,0,0,0,0,0,14,166.9,0.10400000000000001,0.6000000000000001,2.624,108.60000000000001,96.34,11,740,N/A
2017,11,11,0,30,0,0,0,0,0,0,14,162.29,0.10400000000000001,0.6000000000000001,2.599,102.10000000000001,95.05,11,740,N/A
2017,11,11,1,30,0,0,0,0,0,0,14,150.22,0.10400000000000001,0.6000000000000001,2.569,101.5,93.8,10,740,N/A
2017,11,11,2,30,0,0,0,0,0,0,13,136.54,0.10400000000000001,0.6000000000000001,2.557,100.2,98.56,10,730,N/A
2017,11,11,3,30,0,0,0,0,0,0,13,122.41,0.10400000000000001,0.5,2.566,98.2,96.76,10,740,N/A
2017,11,11,4,30,0,0,0,0,0,0,13,108.13,0.10400000000000001,0.30000000000000004,2.569,92.60000000000001,95.64,10,740,N/A
2017,11,11,5,30,0,0,0,0,0,0,13,93.83,0.10400000000000001,0.2,2.556,90.60000000000001,94.41,10,740,N/A
2017,11,11,6,30,70,125,92,40,578,144,13,79.61,0.10400000000000001,0.1,2.5380000000000003,96,95.81,10,740,N/A
2017,11,11,7,30,60,0,60,59,828,402,14,65.58,0.10400000000000001,0.30000000000000004,2.5220000000000002,126.9,95.35000000000001,11,740,N/A
2017,11,11,8,30,253,470,543,69,931,644,14,51.92,0.10400000000000001,0.5,2.507,115.10000000000001,91.02,12,740,N/A
2017,11,11,9,30,423,154,543,77,981,839,14,39.06,0.10400000000000001,0.8,2.489,107.9,85.52,13,740,N/A
2017,11,11,10,30,482,98,569,81,1007,969,14,28.17,0.10400000000000001,1.1,2.459,109.10000000000001,80.49,14,740,N/A
2017,11,11,11,30,81,1019,1024,81,1019,1024,14,22.35,0.10400000000000001,1.4000000000000001,2.432,112.80000000000001,76.9,15,740,N/A
2017,11,11,12,30,152,11,163,80,1016,998,15,25.37,0.10400000000000001,1.7000000000000002,2.427,116.80000000000001,72.98,15,740,N/A
2017,11,11,13,30,115,4,119,91,973,888,15,35.01,0.10400000000000001,1.8,2.44,118.60000000000001,73.57000000000001,16,730,N/A
2017,11,11,14,30,32,0,32,85,928,713,15,47.38,0.10400000000000001,1.9000000000000001,2.46,119.10000000000001,73.97,15,730,N/A
2017,11,11,15,30,25,0,25,74,844,485,15,60.83,0.10400000000000001,1.7000000000000002,2.484,119.60000000000001,79.24,14,730,N/A
2017,11,11,16,30,54,668,229,54,668,229,15,74.77,0.10400000000000001,1.3,2.5060000000000002,118.80000000000001,85.97,13,730,N/A
2017,11,11,17,30,13,0,13,10,121,13,16,88.93,0.10400000000000001,0.9,2.527,118.60000000000001,93.95,12,730,N/A
2017,11,11,18,30,0,0,0,0,0,0,15,103.2,0.10400000000000001,0.8,2.54,120.80000000000001,96,12,740,N/A
2017,11,11,19,30,0,0,0,0,0,0,15,117.48,0.10400000000000001,0.8,2.547,122.5,94.16,12,740,N/A
2017,11,11,20,30,0,0,0,0,0,0,14,131.66,0.10400000000000001,0.8,2.545,125,92.98,11,740,N/A
2017,11,11,21,30,0,0,0,0,0,0,14,145.52,0.10400000000000001,1,2.525,124,97.57000000000001,11,740,N/A
2017,11,11,22,30,0,0,0,0,0,0,14,158.35,0.10400000000000001,1,2.499,120.7,96.04,11,740,N/A
2017,11,11,23,30,0,0,0,0,0,0,14,166.62,0.10400000000000001,0.8,2.481,115.5,94.14,10,740,N/A
2017,11,12,0,30,0,0,0,0,0,0,13,162.11,0.10400000000000001,0.6000000000000001,2.451,111.10000000000001,98.11,10,740,N/A
2017,11,12,1,30,0,0,0,0,0,0,13,150.14000000000001,0.10400000000000001,0.5,2.3970000000000002,106.10000000000001,95.57000000000001,10,740,N/A
2017,11,12,2,30,0,0,0,0,0,0,12,136.51,0.10400000000000001,0.4,2.343,92.80000000000001,93.19,9,730,N/A
2017,11,12,3,30,0,0,0,0,0,0,12,122.41,0.10400000000000001,0.30000000000000004,2.312,80.2,95.93,9,740,N/A
2017,11,12,4,30,0,0,0,0,0,0,11,108.15,0.10400000000000001,0.30000000000000004,2.2960000000000003,80.30000000000001,92.73,9,740,N/A
2017,11,12,5,30,0,0,0,0,0,0,11,93.88,0.10400000000000001,0.4,2.277,78.30000000000001,90.18,9,740,N/A
2017,11,12,6,30,39,590,145,39,590,145,11,79.68,0.10400000000000001,0.7000000000000001,2.248,74.2,87.42,10,740,N/A
2017,11,12,7,30,59,837,404,59,837,404,12,65.67,0.10400000000000001,1.3,2.211,82.4,86.32000000000001,11,740,N/A
2017,11,12,8,30,310,118,383,69,941,648,12,52.04,0.10400000000000001,1.9000000000000001,2.184,90.10000000000001,74.45,12,740,N/A
2017,11,12,9,30,219,16,232,76,991,844,12,39.230000000000004,0.10400000000000001,2.3000000000000003,2.174,96.30000000000001,68.65,14,740,N/A
2017,11,12,10,30,147,10,156,89,1002,971,12,28.400000000000002,0.10400000000000001,2.4000000000000004,2.179,101,62.38,15,740,N/A
2017,11,12,11,30,174,14,188,92,1011,1025,13,22.62,0.10400000000000001,2.3000000000000003,2.2,105.9,61.45,16,740,N/A
2017,11,12,12,30,493,93,577,94,1000,997,13,25.59,0.10400000000000001,2.2,2.227,111.2,63.78,17,740,N/A
2017,11,12,13,30,418,69,475,103,958,886,14,35.15,0.10400000000000001,2,2.251,114.7,65.03,17,740,N/A
2017,11,12,14,30,313,51,348,97,907,710,14,47.47,0.10400000000000001,1.9000000000000001,2.2600000000000002,115.2,69.60000000000001,16,730,N/A
2017,11,12,15,30,152,7,156,85,816,482,14,60.88,0.10400000000000001,1.7000000000000002,2.262,114.5,75.07000000000001,15,730,N/A
2017,11,12,16,30,62,621,225,62,621,225,14,74.78,0.10400000000000001,1.3,2.2640000000000002,112,81,14,740,N/A
2017,11,12,17,30,11,72,12,11,72,12,15,88.92,0.10400000000000001,0.9,2.2640000000000002,108.7,90.03,13,740,N/A
2017,11,12,18,30,0,0,0,0,0,0,14,103.17,0.10400000000000001,0.7000000000000001,2.262,108.5,92.73,12,740,N/A
2017,11,12,19,30,0,0,0,0,0,0,14,117.43,0.10400000000000001,0.7000000000000001,2.263,105.80000000000001,90.97,12,740,N/A
2017,11,12,20,30,0,0,0,0,0,0,14,131.58,0.10400000000000001,0.7000000000000001,2.267,102.10000000000001,89.03,11,740,N/A
2017,11,12,21,30,0,0,0,0,0,0,13,145.41,0.10400000000000001,0.7000000000000001,2.275,99,93.25,11,740,N/A
2017,11,12,22,30,0,0,0,0,0,0,13,158.17000000000002,0.10400000000000001,0.7000000000000001,2.286,97.10000000000001,91.68,10,740,N/A
2017,11,12,23,30,0,0,0,0,0,0,13,166.36,0.10400000000000001,0.6000000000000001,2.293,96.10000000000001,96.16,10,740,N/A
2017,11,13,0,30,0,0,0,0,0,0,13,161.94,0.10400000000000001,0.6000000000000001,2.2960000000000003,94.4,94.35000000000001,10,740,N/A
2017,11,13,1,30,0,0,0,0,0,0,12,150.07,0.10400000000000001,0.5,2.314,93.60000000000001,92.46000000000001,10,740,N/A
2017,11,13,2,30,0,0,0,0,0,0,12,136.48,0.10400000000000001,0.30000000000000004,2.359,89.5,91.14,9,740,N/A
2017,11,13,3,30,0,0,0,0,0,0,12,122.41,0.10400000000000001,0.2,2.4090000000000003,80.2,91.19,9,740,N/A
2017,11,13,4,30,0,0,0,0,0,0,12,108.18,0.10400000000000001,0.2,2.445,70,91.05,9,740,N/A
2017,11,13,5,30,0,0,0,0,0,0,12,93.93,0.10400000000000001,0.2,2.48,66.5,90.26,9,740,N/A
2017,11,13,6,30,69,66,81,45,529,139,12,79.75,0.10400000000000001,0.30000000000000004,2.52,67.8,87.29,10,740,N/A
2017,11,13,7,30,138,517,350,70,786,393,13,65.77,0.10400000000000001,0.5,2.5580000000000003,87.10000000000001,85.15,12,740,N/A
2017,11,13,8,30,305,271,472,83,896,633,14,52.17,0.10400000000000001,0.8,2.584,91.5,83.2,13,740,N/A
2017,11,13,9,30,373,53,414,89,956,829,14,39.4,0.10400000000000001,0.9,2.595,95.80000000000001,78.89,14,740,N/A
2017,11,13,10,30,367,28,392,94,985,958,14,28.63,0.10400000000000001,0.9,2.596,88.4,74.8,15,740,N/A
2017,11,13,11,30,384,27,410,93,999,1013,14,22.89,0.10400000000000001,1,2.609,73.10000000000001,70.89,16,740,N/A
2017,11,13,12,30,470,66,530,91,994,987,14,25.8,0.10400000000000001,1.2000000000000002,2.636,83.9,71.66,16,740,N/A
2017,11,13,13,30,446,119,544,89,971,882,14,35.28,0.10400000000000001,1.4000000000000001,2.656,95.5,72.06,15,740,N/A
2017,11,13,14,30,320,378,575,82,929,709,14,47.54,0.10400000000000001,1.5,2.6630000000000003,101.2,76.91,15,730,N/A
2017,11,13,15,30,233,183,322,70,851,484,15,60.92,0.10400000000000001,1.4000000000000001,2.672,106,82.86,14,730,N/A
2017,11,13,16,30,108,170,152,52,672,229,15,74.79,0.10400000000000001,1,2.6830000000000003,106.9,90.38,13,730,N/A
2017,11,13,17,30,8,0,8,11,114,13,15,88.91,0.10400000000000001,0.5,2.676,101.5,98.66,12,740,N/A
2017,11,13,18,30,0,0,0,0,0,0,15,103.14,0.10400000000000001,0.30000000000000004,2.642,84.80000000000001,97,12,740,N/A
2017,11,13,19,30,0,0,0,0,0,0,15,117.37,0.10400000000000001,0.30000000000000004,2.602,83.5,95.25,11,740,N/A
2017,11,13,20,30,0,0,0,0,0,0,14,131.5,0.10400000000000001,0.30000000000000004,2.586,91.4,99.72,11,740,N/A
2017,11,13,21,30,0,0,0,0,0,0,14,145.29,0.10400000000000001,0.30000000000000004,2.598,106.80000000000001,98.29,11,740,N/A
2017,11,13,22,30,0,0,0,0,0,0,14,157.98,0.10400000000000001,0.30000000000000004,2.608,100.60000000000001,97.24000000000001,11,740,N/A
2017,11,13,23,30,0,0,0,0,0,0,14,166.09,0.10400000000000001,0.30000000000000004,2.594,96.5,95.97,11,740,N/A
2017,11,14,0,30,0,0,0,0,0,0,14,161.78,0.10400000000000001,0.30000000000000004,2.569,103.30000000000001,94.8,10,740,N/A
2017,11,14,1,30,0,0,0,0,0,0,13,150,0.10400000000000001,0.30000000000000004,2.548,122,93.51,10,740,N/A
2017,11,14,2,30,0,0,0,0,0,0,13,136.46,0.10400000000000001,0.30000000000000004,2.531,139,92.5,10,740,N/A
2017,11,14,3,30,0,0,0,0,0,0,13,122.42,0.10400000000000001,0.30000000000000004,2.5140000000000002,140,97.81,10,740,N/A
2017,11,14,4,30,0,0,0,0,0,0,13,108.21000000000001,0.10400000000000001,0.30000000000000004,2.494,117.30000000000001,97.19,10,740,N/A
2017,11,14,5,30,0,0,0,0,0,0,13,93.98,0.10400000000000001,0.4,2.472,98.30000000000001,96.65,10,740,N/A
2017,11,14,6,30,54,0,54,40,572,141,13,79.83,0.10400000000000001,0.4,2.447,82.5,92.47,11,740,N/A
2017,11,14,7,30,178,288,296,62,819,397,14,65.86,0.10400000000000001,0.6000000000000001,2.42,91,85.12,12,740,N/A
2017,11,14,8,30,279,391,518,74,923,638,14,52.29,0.10400000000000001,0.8,2.403,99.2,82.57000000000001,14,740,N/A
2017,11,14,9,30,398,81,461,80,976,833,14,39.57,0.10400000000000001,0.9,2.403,110.4,75.52,15,740,N/A
2017,11,14,10,30,486,268,721,87,999,962,14,28.85,0.10400000000000001,1,2.4210000000000003,115.80000000000001,71.43,16,740,N/A
2017,11,14,11,30,284,20,302,91,1005,1015,14,23.150000000000002,0.10400000000000001,1,2.455,118.80000000000001,72.31,16,740,N/A
2017,11,14,12,30,390,31,418,91,998,988,15,26.01,0.10400000000000001,1,2.501,122.5,73.35000000000001,16,740,N/A
2017,11,14,13,30,352,32,378,91,970,882,15,35.410000000000004,0.10400000000000001,1,2.5580000000000003,128.3,74.13,15,740,N/A
2017,11,14,14,30,235,18,248,85,923,708,15,47.62,0.10400000000000001,1,2.619,135.1,79.33,15,730,N/A
2017,11,14,15,30,111,0,111,74,839,481,15,60.96,0.10400000000000001,1,2.6750000000000003,140.20000000000002,85.33,14,730,N/A
2017,11,14,16,30,52,0,52,56,645,226,15,74.8,0.10400000000000001,0.8,2.726,142.20000000000002,92.79,13,730,N/A
2017,11,14,17,30,2,0,2,10,105,12,16,88.9,0.10400000000000001,0.6000000000000001,2.769,141,94.46000000000001,12,740,N/A
2017,11,14,18,30,0,0,0,0,0,0,16,103.10000000000001,0.10400000000000001,0.6000000000000001,2.802,133.1,94.53,12,740,N/A
2017,11,14,19,30,0,0,0,0,0,0,15,117.32000000000001,0.10400000000000001,0.8,2.819,128.8,99.83,12,740,N/A
2017,11,14,20,30,0,0,0,0,0,0,15,131.42000000000002,0.10400000000000001,1,2.8120000000000003,129.4,98.01,12,740,N/A
2017,11,14,21,30,0,0,0,0,0,0,15,145.17000000000002,0.10400000000000001,1.1,2.775,129.1,100,11,740,N/A
2017,11,14,22,30,0,0,0,0,0,0,14,157.8,0.10400000000000001,1,2.711,129.4,99.77,10,740,N/A
2017,11,14,23,30,0,0,0,0,0,0,14,165.83,0.10400000000000001,0.7000000000000001,2.634,136.8,100,10,740,N/A
2017,11,15,0,30,0,0,0,0,0,0,13,161.61,0.10400000000000001,0.5,2.553,159.10000000000002,97.9,9,740,N/A
2017,11,15,1,30,0,0,0,0,0,0,13,149.93,0.10400000000000001,0.30000000000000004,2.481,175.9,100,9,740,N/A
2017,11,15,2,30,0,0,0,0,0,0,12,136.44,0.10400000000000001,0.30000000000000004,2.423,228.70000000000002,97.69,9,740,N/A
2017,11,15,3,30,0,0,0,0,0,0,12,122.43,0.10400000000000001,0.30000000000000004,2.3850000000000002,265,96.5,9,740,N/A
2017,11,15,4,30,0,0,0,0,0,0,12,108.25,0.10400000000000001,0.4,2.367,272.6,94.4,9,740,N/A
2017,11,15,5,30,0,0,0,0,0,0,11,94.04,0.10400000000000001,0.4,2.359,276.40000000000003,92.8,9,740,N/A
2017,11,15,6,30,38,0,38,34,625,144,12,79.9,0.10400000000000001,0.6000000000000001,2.349,277.6,88.8,9,740,N/A
2017,11,15,7,30,172,49,192,53,855,401,12,65.96000000000001,0.10400000000000001,0.8,2.337,267.3,81.37,11,740,N/A
2017,11,15,8,30,310,138,395,63,948,642,13,52.42,0.10400000000000001,0.7000000000000001,2.329,244.9,80.53,13,740,N/A
2017,11,15,9,30,214,15,226,70,997,837,13,39.74,0.10400000000000001,0.8,2.336,200.10000000000002,70.5,14,740,N/A
2017,11,15,10,30,396,36,428,105,973,956,13,29.080000000000002,0.10400000000000001,1,2.362,169.5,67.55,15,740,N/A
2017,11,15,11,30,226,18,243,108,981,1009,14,23.41,0.10400000000000001,1.1,2.4,164.70000000000002,68.52,16,740,N/A
2017,11,15,12,30,491,93,575,108,974,982,14,26.22,0.10400000000000001,1.1,2.443,167.70000000000002,69.65,16,740,N/A
2017,11,15,13,30,450,152,575,102,954,878,14,35.54,0.10400000000000001,1,2.489,174.10000000000002,70.56,15,740,N/A
2017,11,15,14,30,354,183,478,96,903,704,14,47.69,0.10400000000000001,0.9,2.533,185.5,75.81,14,740,N/A
2017,11,15,15,30,62,0,62,83,812,477,14,60.99,0.10400000000000001,0.8,2.57,198.60000000000002,81.63,14,740,N/A
2017,11,15,16,30,29,0,29,63,611,223,15,74.81,0.10400000000000001,0.6000000000000001,2.597,212,88.95,13,740,N/A
2017,11,15,17,30,1,0,1,11,77,12,15,88.88,0.10400000000000001,0.4,2.614,228.70000000000002,96.84,12,740,N/A
2017,11,15,18,30,0,0,0,0,0,0,15,103.07000000000001,0.10400000000000001,0.30000000000000004,2.622,242.5,95.8,11,740,N/A
2017,11,15,19,30,0,0,0,0,0,0,15,117.26,0.10400000000000001,0.30000000000000004,2.623,249,95.15,11,740,N/A
2017,11,15,20,30,0,0,0,0,0,0,15,131.33,0.10400000000000001,0.30000000000000004,2.619,251.9,100,11,740,N/A
2017,11,15,21,30,0,0,0,0,0,0,14,145.04,0.10400000000000001,0.2,2.611,255.5,98.9,11,740,N/A
2017,11,15,22,30,0,0,0,0,0,0,14,157.62,0.10400000000000001,0.2,2.599,251.4,97.26,10,740,N/A
2017,11,15,23,30,0,0,0,0,0,0,14,165.58,0.10400000000000001,0.2,2.586,240.10000000000002,95.61,10,740,N/A
2017,11,16,0,30,0,0,0,0,0,0,14,161.45000000000002,0.10400000000000001,0.2,2.57,229.4,100,10,740,N/A
2017,11,16,1,30,0,0,0,0,0,0,13,149.86,0.10400000000000001,0.2,2.5500000000000003,216.60000000000002,98.25,10,740,N/A
2017,11,16,2,30,0,0,0,0,0,0,13,136.42000000000002,0.10400000000000001,0.2,2.5260000000000002,239.70000000000002,96.46000000000001,10,740,N/A
2017,11,16,3,30,0,0,0,0,0,0,13,122.44,0.10400000000000001,0.4,2.501,308.6,94.60000000000001,9,740,N/A
2017,11,16,4,30,0,0,0,0,0,0,12,108.28,0.10400000000000001,0.5,2.473,324.5,92.76,9,740,N/A
2017,11,16,5,30,0,0,0,0,0,0,12,94.10000000000001,0.10400000000000001,0.4,2.443,325.5,91.22,9,740,N/A
2017,11,16,6,30,68,80,82,48,492,134,12,79.98,0.10400000000000001,0.4,2.415,321.8,91.74,10,740,N/A
2017,11,16,7,30,185,127,237,77,762,387,13,66.07000000000001,0.10400000000000001,0.5,2.4,331,88.97,11,740,N/A
2017,11,16,8,30,310,146,399,93,876,626,13,52.56,0.10400000000000001,0.6000000000000001,2.4,2.1,80.08,13,740,N/A
2017,11,16,9,30,418,204,575,104,934,820,13,39.910000000000004,0.10400000000000001,0.5,2.4130000000000003,18.5,71.25,14,740,N/A
2017,11,16,10,30,491,225,688,113,958,949,13,29.3,0.10400000000000001,0.30000000000000004,2.437,33.9,68.32000000000001,15,740,N/A
2017,11,16,11,30,487,337,796,118,965,1002,14,23.66,0.10400000000000001,0.2,2.471,54.5,69.34,16,740,N/A
2017,11,16,12,30,511,164,658,119,956,975,14,26.41,0.10400000000000001,0.1,2.508,78.60000000000001,70.08,16,740,N/A
2017,11,16,13,30,451,181,599,120,920,869,14,35.660000000000004,0.10400000000000001,0.1,2.545,174.10000000000002,70.77,15,740,N/A
2017,11,16,14,30,346,261,522,115,861,694,14,47.75,0.10400000000000001,0.2,2.579,202.70000000000002,76,15,740,N/A
2017,11,16,15,30,213,322,369,99,764,469,14,61.02,0.10400000000000001,0.2,2.605,201.3,81.8,14,740,N/A
2017,11,16,16,30,105,250,171,73,551,217,15,74.81,0.10400000000000001,0.2,2.621,216.8,88.81,13,740,N/A
2017,11,16,17,30,9,0,9,11,52,12,15,88.86,0.10400000000000001,0.2,2.6310000000000002,247.4,97.45,12,740,N/A
2017,11,16,18,30,0,0,0,0,0,0,15,103.02,0.10400000000000001,0.2,2.64,245.60000000000002,96.34,12,740,N/A
2017,11,16,19,30,0,0,0,0,0,0,15,117.19,0.10200000000000001,0.2,2.653,245.9,95.66,11,740,N/A
2017,11,16,20,30,0,0,0,0,0,0,15,131.24,0.10200000000000001,0.2,2.673,265.6,95.10000000000001,11,740,N/A
2017,11,16,21,30,0,0,0,0,0,0,15,144.92000000000002,0.10200000000000001,0.2,2.69,280.5,100,11,740,N/A
2017,11,16,22,30,0,0,0,0,0,0,14,157.43,0.10200000000000001,0.2,2.695,282.5,99.17,11,740,N/A
2017,11,16,23,30,0,0,0,0,0,0,14,165.33,0.10200000000000001,0.2,2.69,291.1,97.61,11,740,N/A
2017,11,17,0,30,0,0,0,0,0,0,14,161.3,0.10200000000000001,0.2,2.677,322.90000000000003,95.82000000000001,10,740,N/A
2017,11,17,1,30,0,0,0,0,0,0,14,149.8,0.10200000000000001,0.30000000000000004,2.657,349.70000000000005,100,10,740,N/A
2017,11,17,2,30,0,0,0,0,0,0,13,136.41,0.10200000000000001,0.4,2.6350000000000002,348.40000000000003,98.79,10,740,N/A
2017,11,17,3,30,0,0,0,0,0,0,13,122.46000000000001,0.10200000000000001,0.5,2.617,341.6,97.25,10,740,N/A
2017,11,17,4,30,0,0,0,0,0,0,13,108.32000000000001,0.10200000000000001,0.5,2.602,337.20000000000005,95.82000000000001,10,740,N/A
2017,11,17,5,30,0,0,0,0,0,0,13,94.16,0.10200000000000001,0.5,2.589,336.40000000000003,94.66,10,740,N/A
2017,11,17,6,30,36,0,36,42,539,135,13,80.06,0.10200000000000001,0.8,2.575,335.90000000000003,95.28,10,740,N/A
2017,11,17,7,30,24,0,24,66,800,389,13,66.17,0.10200000000000001,1.2000000000000002,2.5540000000000003,335.90000000000003,90.02,10,740,N/A
2017,11,17,8,30,127,3,129,77,913,630,13,52.69,0.10200000000000001,1.4000000000000001,2.525,349.20000000000005,84.58,11,740,N/A
2017,11,17,9,30,176,16,188,81,974,826,13,40.08,0.10200000000000001,1.4000000000000001,2.494,356.1,80.34,12,740,N/A
2017,11,17,10,30,410,41,446,108,964,948,13,29.52,0.10200000000000001,1.3,2.471,355.8,76.84,14,740,N/A
2017,11,17,11,30,389,43,429,109,977,1003,14,23.91,0.10200000000000001,1.2000000000000002,2.471,352.5,73.27,15,740,N/A
2017,11,17,12,30,473,73,538,110,969,977,14,26.6,0.10200000000000001,1.1,2.484,345.5,74,15,740,N/A
2017,11,17,13,30,132,901,864,132,901,864,14,35.77,0.10200000000000001,0.9,2.496,334.70000000000005,74.51,14,740,N/A
2017,11,17,14,30,287,480,610,118,855,693,14,47.82,0.10200000000000001,0.9,2.498,325,79.45,14,740,N/A
2017,11,17,15,30,99,766,470,99,766,470,14,61.04,0.10200000000000001,0.9,2.495,319.5,79.53,13,740,N/A
2017,11,17,16,30,71,566,219,71,566,219,14,74.81,0.10200000000000001,0.7000000000000001,2.493,320.90000000000003,85.72,12,740,N/A
2017,11,17,17,30,12,0,12,11,54,12,14,88.83,0.10200000000000001,0.5,2.491,328,99.78,11,740,N/A
2017,11,17,18,30,0,0,0,0,0,0,14,102.98,0.10200000000000001,0.4,2.486,336.90000000000003,96.86,11,740,N/A
2017,11,17,19,30,0,0,0,0,0,0,14,117.13,0.10200000000000001,0.4,2.473,331.6,94.88,10,740,N/A
2017,11,17,20,30,0,0,0,0,0,0,13,131.15,0.10200000000000001,0.5,2.453,324.90000000000003,92.81,10,740,N/A
2017,11,17,21,30,0,0,0,0,0,0,13,144.79,0.10200000000000001,0.4,2.4290000000000003,313.90000000000003,96.86,10,740,N/A
2017,11,17,22,30,0,0,0,0,0,0,13,157.25,0.10200000000000001,0.4,2.4050000000000002,299.3,94.78,10,740,N/A
2017,11,17,23,30,0,0,0,0,0,0,12,165.08,0.10200000000000001,0.4,2.386,277.2,92.63,10,740,N/A
2017,11,18,0,30,0,0,0,0,0,0,12,161.15,0.10200000000000001,0.5,2.37,271.3,90.44,9,740,N/A
2017,11,18,1,30,0,0,0,0,0,0,12,149.74,0.10200000000000001,0.6000000000000001,2.357,283.7,94.60000000000001,9,740,N/A
2017,11,18,2,30,0,0,0,0,0,0,11,136.4,0.10200000000000001,0.7000000000000001,2.349,292.6,93.10000000000001,8,740,N/A
2017,11,18,3,30,0,0,0,0,0,0,11,122.48,0.10200000000000001,0.7000000000000001,2.347,298.5,91.62,8,740,N/A
2017,11,18,4,30,0,0,0,0,0,0,11,108.37,0.10200000000000001,0.7000000000000001,2.349,303.7,90.53,8,740,N/A
2017,11,18,5,30,0,0,0,0,0,0,11,94.22,0.10200000000000001,0.7000000000000001,2.35,310.3,89.4,8,740,N/A
2017,11,18,6,30,25,0,25,44,521,134,11,80.15,0.10200000000000001,0.7000000000000001,2.352,312.6,90,9,740,N/A
2017,11,18,7,30,180,239,276,70,789,387,12,66.28,0.10200000000000001,0.8,2.36,310.5,88.02,10,740,N/A
2017,11,18,8,30,291,77,338,83,902,628,12,52.82,0.10200000000000001,0.7000000000000001,2.371,304.7,85.26,11,740,N/A
2017,11,18,9,30,291,545,707,88,963,824,13,40.25,0.10200000000000001,0.6000000000000001,2.3770000000000002,317.8,77.82000000000001,13,740,N/A
2017,11,18,10,30,391,35,421,93,991,954,13,29.73,0.10200000000000001,0.6000000000000001,2.383,335.90000000000003,73.94,14,740,N/A
2017,11,18,11,30,450,82,525,95,1002,1009,13,24.150000000000002,0.10200000000000001,0.5,2.3970000000000002,347.5,70.77,15,740,N/A
2017,11,18,12,30,91,0,91,93,998,984,13,26.79,0.10200000000000001,0.30000000000000004,2.422,359,72.13,15,740,N/A
2017,11,18,13,30,416,345,696,92,973,880,14,35.88,0.10200000000000001,0.2,2.454,11.8,73.18,14,740,N/A
2017,11,18,14,30,43,0,43,86,925,707,14,47.870000000000005,0.10200000000000001,0.2,2.486,34.800000000000004,78.57000000000001,14,740,N/A
2017,11,18,15,30,131,2,132,75,840,482,14,61.06,0.10200000000000001,0.1,2.511,56.1,84.24,13,730,N/A
2017,11,18,16,30,62,0,62,56,654,228,14,74.8,0.10200000000000001,0,2.5260000000000002,345.3,90.46000000000001,12,740,N/A
2017,11,18,17,30,3,0,3,11,110,14,14,88.8,0.10200000000000001,0.1,2.5300000000000002,250.8,98.11,11,740,N/A
2017,11,18,18,30,0,0,0,0,0,0,14,102.93,0.10200000000000001,0.2,2.528,279.3,96.88,11,740,N/A
2017,11,18,19,30,0,0,0,0,0,0,14,117.05,0.10200000000000001,0.2,2.5180000000000002,287,95.01,11,740,N/A
2017,11,18,20,30,0,0,0,0,0,0,13,131.05,0.10200000000000001,0.1,2.501,292.3,93.34,10,740,N/A
2017,11,18,21,30,0,0,0,0,0,0,13,144.66,0.10200000000000001,0.1,2.481,349,97.72,10,740,N/A
2017,11,18,22,30,0,0,0,0,0,0,13,157.06,0.10200000000000001,0.2,2.457,87.30000000000001,95.92,10,740,N/A
2017,11,18,23,30,0,0,0,0,0,0,13,164.84,0.10200000000000001,0.30000000000000004,2.432,69.3,94.07000000000001,9,740,N/A
2017,11,19,0,30,0,0,0,0,0,0,12,161,0.10200000000000001,0.4,2.404,51.2,92.41,9,740,N/A
2017,11,19,1,30,0,0,0,0,0,0,12,149.69,0.10200000000000001,0.4,2.375,48.300000000000004,90.93,9,740,N/A
2017,11,19,2,30,0,0,0,0,0,0,12,136.39000000000001,0.10200000000000001,0.30000000000000004,2.363,49.400000000000006,96.01,9,740,N/A
2017,11,19,3,30,0,0,0,0,0,0,12,122.5,0.10200000000000001,0.2,2.373,33.5,95.14,9,740,N/A
2017,11,19,4,30,0,0,0,0,0,0,12,108.41,0.10200000000000001,0.30000000000000004,2.387,331.6,94.12,9,740,N/A
2017,11,19,5,30,0,0,0,0,0,0,11,94.28,0.10200000000000001,0.4,2.387,315.20000000000005,92.72,9,740,N/A
2017,11,19,6,30,36,599,138,36,599,138,12,80.23,0.10200000000000001,0.4,2.379,308.70000000000005,89.37,10,740,N/A
2017,11,19,7,30,162,366,309,55,844,393,13,66.38,0.10200000000000001,0.2,2.3850000000000002,298.90000000000003,84.61,11,740,N/A
2017,11,19,8,30,293,220,426,65,942,632,14,52.96,0.10200000000000001,0.30000000000000004,2.404,162.3,82.64,13,740,N/A
2017,11,19,9,30,380,65,430,72,990,826,14,40.42,0.10200000000000001,0.7000000000000001,2.427,141.9,78.91,14,740,N/A
2017,11,19,10,30,269,19,286,87,998,952,14,29.95,0.10200000000000001,1,2.461,141,75.36,15,740,N/A
2017,11,19,11,30,440,73,507,89,1006,1006,14,24.39,0.10200000000000001,1.1,2.504,141.9,72.11,15,740,N/A
2017,11,19,12,30,192,16,206,90,998,981,15,26.97,0.10200000000000001,1.1,2.5500000000000003,147.9,77.74,15,740,N/A
2017,11,19,13,30,422,79,487,117,925,866,15,35.99,0.10200000000000001,0.9,2.594,160,78.42,15,730,N/A
2017,11,19,14,30,333,79,386,105,881,695,15,47.93,0.10200000000000001,0.9,2.636,174.70000000000002,78.9,14,730,N/A
2017,11,19,15,30,191,452,410,87,798,473,15,61.08,0.10200000000000001,0.9,2.678,178.60000000000002,84.46000000000001,14,730,N/A
2017,11,19,16,30,90,390,193,63,608,223,15,74.79,0.10200000000000001,0.8,2.716,176.8,91.34,13,730,N/A
2017,11,19,17,30,11,0,11,11,91,13,15,88.77,0.10200000000000001,0.5,2.738,167.8,98.61,11,730,N/A
2017,11,19,18,30,0,0,0,0,0,0,15,102.88,0.10200000000000001,0.30000000000000004,2.727,163,96.05,11,740,N/A
2017,11,19,19,30,0,0,0,0,0,0,15,116.98,0.10200000000000001,0.30000000000000004,2.68,166.3,100,11,740,N/A
2017,11,19,20,30,0,0,0,0,0,0,14,130.95,0.10200000000000001,0.2,2.613,166.8,98.56,11,740,N/A
2017,11,19,21,30,0,0,0,0,0,0,14,144.53,0.10200000000000001,0.2,2.547,151.20000000000002,96.68,11,740,N/A
2017,11,19,22,30,0,0,0,0,0,0,14,156.88,0.10200000000000001,0.30000000000000004,2.49,119.10000000000001,94.74,10,740,N/A
2017,11,19,23,30,0,0,0,0,0,0,13,164.61,0.10200000000000001,0.4,2.434,99.4,98.88,10,740,N/A
2017,11,20,0,30,0,0,0,0,0,0,13,160.86,0.10200000000000001,0.5,2.368,87.2,96.69,10,740,N/A
2017,11,20,1,30,0,0,0,0,0,0,13,149.63,0.10200000000000001,0.4,2.307,75.2,94.39,9,740,N/A
2017,11,20,2,30,0,0,0,0,0,0,12,136.38,0.10200000000000001,0.4,2.2840000000000003,70,92.49,9,740,N/A
2017,11,20,3,30,0,0,0,0,0,0,12,122.53,0.10200000000000001,0.30000000000000004,2.294,72.4,90.66,9,740,N/A
2017,11,20,4,30,0,0,0,0,0,0,12,108.46000000000001,0.10200000000000001,0.2,2.3000000000000003,85.10000000000001,89.68,9,740,N/A
2017,11,20,5,30,0,0,0,0,0,0,12,94.35000000000001,0.10200000000000001,0.30000000000000004,2.29,93.7,88.72,9,740,N/A
2017,11,20,6,30,57,0,57,36,598,136,12,80.32000000000001,0.10200000000000001,0.5,2.27,91.7,91.7,10,740,N/A
2017,11,20,7,30,154,25,164,57,839,391,13,66.49,0.10200000000000001,0.8,2.246,108,87.46000000000001,11,740,N/A
2017,11,20,8,30,286,70,328,69,938,632,14,53.1,0.10200000000000001,1.1,2.216,100.4,84.45,13,740,N/A
2017,11,20,9,30,409,246,596,76,990,827,14,40.59,0.10200000000000001,1.2000000000000002,2.182,98.10000000000001,74.35000000000001,14,740,N/A
2017,11,20,10,30,364,29,389,80,1017,959,14,30.16,0.10200000000000001,1.3,2.1510000000000002,102.4,70.15,15,740,N/A
2017,11,20,11,30,500,368,835,81,1028,1016,14,24.62,0.10200000000000001,1.2000000000000002,2.129,107.7,66.74,16,740,N/A
2017,11,20,12,30,79,1025,992,79,1025,992,14,27.150000000000002,0.10200000000000001,1.2000000000000002,2.133,112.9,67.67,17,740,N/A
2017,11,20,13,30,444,243,641,78,1002,888,15,36.09,0.10200000000000001,1.2000000000000002,2.181,118.80000000000001,68.61,16,740,N/A
2017,11,20,14,30,349,129,436,74,956,714,15,47.97,0.10200000000000001,1.4000000000000001,2.266,124.2,73.67,16,730,N/A
2017,11,20,15,30,231,121,289,68,864,486,15,61.09,0.10200000000000001,1.4000000000000001,2.369,128.20000000000002,78.84,15,730,N/A
2017,11,20,16,30,109,107,137,52,681,231,15,74.78,0.10200000000000001,1.2000000000000002,2.477,131.3,85.31,13,740,N/A
2017,11,20,17,30,8,0,8,11,130,14,15,88.74,0.10200000000000001,1.2000000000000002,2.576,138.5,93.48,12,740,N/A
2017,11,20,18,30,0,0,0,0,0,0,15,102.82000000000001,0.10200000000000001,1.3,2.6510000000000002,147.4,93.2,12,740,N/A
2017,11,20,19,30,0,0,0,0,0,0,15,116.91,0.10200000000000001,1.6,2.694,142.20000000000002,99.51,12,740,N/A
2017,11,20,20,30,0,0,0,0,0,0,15,130.85,0.10200000000000001,1.8,2.698,135.5,98.05,11,740,N/A
2017,11,20,21,30,0,0,0,0,0,0,15,144.39000000000001,0.10200000000000001,1.7000000000000002,2.6590000000000003,129.70000000000002,100,11,740,N/A
2017,11,20,22,30,0,0,0,0,0,0,14,156.69,0.10200000000000001,1.5,2.586,125.9,98.01,11,740,N/A
2017,11,20,23,30,0,0,0,0,0,0,14,164.38,0.10200000000000001,1.2000000000000002,2.511,122.7,95.46000000000001,10,740,N/A
2017,11,21,0,30,0,0,0,0,0,0,13,160.73,0.10200000000000001,1,2.45,120.4,99.52,10,740,N/A
2017,11,21,1,30,0,0,0,0,0,0,13,149.59,0.10200000000000001,0.9,2.4050000000000002,117.2,97.33,10,740,N/A
2017,11,21,2,30,0,0,0,0,0,0,13,136.38,0.10200000000000001,0.7000000000000001,2.387,113.10000000000001,95.86,10,740,N/A
2017,11,21,3,30,0,0,0,0,0,0,13,122.56,0.10200000000000001,0.5,2.386,114.7,94.81,10,740,N/A
2017,11,21,4,30,0,0,0,0,0,0,13,108.51,0.10200000000000001,0.4,2.379,121.5,94.22,9,740,N/A
2017,11,21,5,30,0,0,0,0,0,0,13,94.42,0.10200000000000001,0.4,2.357,125.9,93.72,9,740,N/A
2017,11,21,6,30,32,627,137,32,627,137,13,80.41,0.10200000000000001,0.6000000000000001,2.324,129.5,96.16,10,740,N/A
2017,11,21,7,30,51,858,392,51,858,392,14,66.61,0.10200000000000001,1,2.293,136.4,88.68,11,740,N/A
2017,11,21,8,30,62,951,631,62,951,631,14,53.230000000000004,0.10200000000000001,1.4000000000000001,2.274,130.70000000000002,84.71000000000001,13,740,N/A
2017,11,21,9,30,69,999,826,69,999,826,14,40.76,0.10200000000000001,1.7000000000000002,2.269,128.9,78.61,14,740,N/A
2017,11,21,10,30,86,1003,952,86,1003,952,14,30.37,0.10200000000000001,1.8,2.277,129.1,73.43,15,740,N/A
2017,11,21,11,30,158,12,169,88,1013,1008,14,24.84,0.10200000000000001,1.8,2.293,127.2,69.03,15,740,N/A
2017,11,21,12,30,405,36,438,88,1007,984,14,27.32,0.10200000000000001,1.8,2.316,126.4,69.31,16,740,N/A
2017,11,21,13,30,250,18,265,91,976,879,14,36.18,0.10200000000000001,1.7000000000000002,2.347,128.70000000000002,69.9,15,740,N/A
2017,11,21,14,30,31,0,31,85,929,707,14,48.02,0.10200000000000001,1.7000000000000002,2.3770000000000002,133.1,75.12,15,740,N/A
2017,11,21,15,30,89,0,89,75,844,483,14,61.1,0.10200000000000001,1.6,2.4,135.9,80.98,14,740,N/A
2017,11,21,16,30,57,654,229,57,654,229,15,74.76,0.10200000000000001,1.3,2.422,136.8,88.19,13,740,N/A
2017,11,21,17,30,12,108,14,12,108,14,15,88.7,0.10200000000000001,0.9,2.45,133.8,96.60000000000001,12,740,N/A
2017,11,21,18,30,0,0,0,0,0,0,15,102.76,0.10200000000000001,0.8,2.483,130.6,95.9,12,740,N/A
2017,11,21,19,30,0,0,0,0,0,0,15,116.83,0.10200000000000001,0.9,2.5100000000000002,126,94.98,11,740,N/A
2017,11,21,20,30,0,0,0,0,0,0,14,130.75,0.10200000000000001,0.9,2.5140000000000002,121.4,99.94,11,740,N/A
2017,11,21,21,30,0,0,0,0,0,0,14,144.26,0.10200000000000001,0.8,2.482,114.80000000000001,97.98,11,740,N/A
2017,11,21,22,30,0,0,0,0,0,0,14,156.51,0.10200000000000001,0.6000000000000001,2.428,112.10000000000001,95.4,10,740,N/A
2017,11,21,23,30,0,0,0,0,0,0,13,164.15,0.10200000000000001,0.5,2.376,113.2,99.19,10,740,N/A
2017,11,22,0,30,0,0,0,0,0,0,13,160.59,0.10200000000000001,0.4,2.321,125.10000000000001,97.18,10,740,N/A
2017,11,22,1,30,0,0,0,0,0,0,13,149.54,0.10200000000000001,0.30000000000000004,2.255,139.4,95.39,10,740,N/A
2017,11,22,2,30,0,0,0,0,0,0,12,136.39000000000001,0.10200000000000001,0.2,2.217,149.8,93.66,10,740,N/A
2017,11,22,3,30,0,0,0,0,0,0,12,122.59,0.10200000000000001,0.1,2.218,166.4,92.56,10,740,N/A
2017,11,22,4,30,0,0,0,0,0,0,12,108.57000000000001,0.10200000000000001,0.1,2.22,244.60000000000002,91.60000000000001,9,740,N/A
2017,11,22,5,30,0,0,0,0,0,0,12,94.5,0.10200000000000001,0.1,2.202,268.40000000000003,89.74,9,740,N/A
2017,11,22,6,30,37,580,133,37,580,133,12,80.5,0.10200000000000001,0.30000000000000004,2.173,262.7,86.54,11,740,N/A
2017,11,22,7,30,58,833,388,58,833,388,13,66.72,0.10200000000000001,0.7000000000000001,2.1510000000000002,139,81.75,12,740,N/A
2017,11,22,8,30,69,938,629,69,938,629,14,53.370000000000005,0.10200000000000001,1.2000000000000002,2.144,124.30000000000001,78.67,14,740,N/A
2017,11,22,9,30,75,990,824,75,990,824,14,40.94,0.10200000000000001,1.5,2.1590000000000003,121.10000000000001,75.06,15,740,N/A
2017,11,22,10,30,95,991,949,95,991,949,14,30.580000000000002,0.10200000000000001,1.5,2.203,122.60000000000001,71.84,16,740,N/A
2017,11,22,11,30,99,997,1003,99,997,1003,15,25.060000000000002,0.10200000000000001,1.4000000000000001,2.265,128.1,68.72,17,740,N/A
2017,11,22,12,30,454,230,659,100,988,977,15,27.48,0.10200000000000001,1.1,2.33,136.6,69.53,16,740,N/A
2017,11,22,13,30,328,27,350,107,947,871,15,36.27,0.10200000000000001,0.9,2.3930000000000002,147.70000000000002,74.3,16,740,N/A
2017,11,22,14,30,172,11,179,101,895,699,15,48.06,0.10200000000000001,0.7000000000000001,2.447,162.4,79.10000000000001,15,740,N/A
2017,11,22,15,30,112,744,471,86,806,476,15,61.1,0.10200000000000001,0.5,2.49,180.10000000000002,85,14,740,N/A
2017,11,22,16,30,64,608,224,64,608,224,15,74.74,0.10200000000000001,0.4,2.519,194.8,92.07000000000001,13,740,N/A
2017,11,22,17,30,12,85,14,12,85,14,15,88.66,0.10200000000000001,0.2,2.5300000000000002,205.20000000000002,99.59,12,740,N/A
2017,11,22,18,30,0,0,0,0,0,0,15,102.7,0.10200000000000001,0.2,2.5300000000000002,188.5,98.55,12,740,N/A
2017,11,22,19,30,0,0,0,0,0,0,15,116.74000000000001,0.10200000000000001,0.30000000000000004,2.525,166.5,97.54,12,740,N/A
2017,11,22,20,30,0,0,0,0,0,0,15,130.65,0.10200000000000001,0.30000000000000004,2.517,157.60000000000002,96.3,11,740,N/A
2017,11,22,21,30,0,0,0,0,0,0,15,144.12,0.10200000000000001,0.30000000000000004,2.509,157.9,100,11,740,N/A
2017,11,22,22,30,0,0,0,0,0,0,14,156.33,0.10200000000000001,0.4,2.495,158.9,99.13,11,740,N/A
2017,11,22,23,30,0,0,0,0,0,0,14,163.93,0.10200000000000001,0.4,2.466,158.70000000000002,96.99000000000001,10,740,N/A
2017,11,23,0,30,0,0,0,0,0,0,14,160.47,0.10200000000000001,0.4,2.42,151.1,94.9,10,740,N/A
2017,11,23,1,30,0,0,0,0,0,0,13,149.5,0.10200000000000001,0.4,2.362,130,99.17,10,740,N/A
2017,11,23,2,30,0,0,0,0,0,0,13,136.39000000000001,0.10200000000000001,0.4,2.315,106,96.71000000000001,10,740,N/A
2017,11,23,3,30,0,0,0,0,0,0,13,122.62,0.10200000000000001,0.4,2.287,90.60000000000001,94.34,9,740,N/A
2017,11,23,4,30,0,0,0,0,0,0,12,108.62,0.10200000000000001,0.4,2.267,79.30000000000001,92.73,9,740,N/A
2017,11,23,5,30,0,0,0,0,0,0,12,94.57000000000001,0.10200000000000001,0.4,2.255,71.10000000000001,90.58,9,740,N/A
2017,11,23,6,30,38,558,129,38,558,129,12,80.60000000000001,0.10200000000000001,0.7000000000000001,2.248,67.3,87.65,10,740,N/A
2017,11,23,7,30,141,461,322,62,814,382,14,66.84,0.10200000000000001,1.3,2.244,86.2,88.85000000000001,12,740,N/A
2017,11,23,8,30,74,921,622,74,921,622,14,53.51,0.10200000000000001,1.7000000000000002,2.246,92.5,79.99,13,740,N/A
2017,11,23,9,30,410,162,532,81,977,818,14,41.1,0.10200000000000001,1.9000000000000001,2.254,95.10000000000001,74.9,14,740,N/A
2017,11,23,10,30,428,88,504,102,978,943,14,30.78,0.10200000000000001,1.9000000000000001,2.2640000000000002,96.2,70.89,15,740,N/A
2017,11,23,11,30,150,11,160,103,992,1000,14,25.28,0.10200000000000001,1.8,2.2760000000000002,97.5,67.42,16,740,N/A
2017,11,23,12,30,207,17,222,99,992,978,14,27.64,0.10200000000000001,1.7000000000000002,2.297,100,67.98,16,740,N/A
2017,11,23,13,30,132,7,139,99,962,875,15,36.36,0.10200000000000001,1.5,2.331,106.2,72.96000000000001,16,740,N/A
2017,11,23,14,30,186,12,194,93,914,704,15,48.09,0.10200000000000001,1.5,2.375,114.30000000000001,73.51,15,740,N/A
2017,11,23,15,30,155,578,435,80,826,480,15,61.1,0.10200000000000001,1.4000000000000001,2.422,119.9,78.63,14,740,N/A
2017,11,23,16,30,82,472,206,60,636,228,15,74.71000000000001,0.10200000000000001,1.2000000000000002,2.464,121,84.92,13,740,N/A
2017,11,23,17,30,13,0,13,12,104,15,15,88.61,0.10200000000000001,0.9,2.491,121.7,98.58,12,740,N/A
2017,11,23,18,30,0,0,0,0,0,0,15,102.63,0.10200000000000001,0.8,2.5,125.60000000000001,98.28,12,740,N/A
2017,11,23,19,30,0,0,0,0,0,0,15,116.66,0.10200000000000001,0.8,2.496,126.80000000000001,97.66,11,740,N/A
2017,11,23,20,30,0,0,0,0,0,0,15,130.54,0.10200000000000001,0.9,2.487,125.60000000000001,95.81,11,740,N/A
2017,11,23,21,30,0,0,0,0,0,0,14,143.99,0.10200000000000001,0.8,2.474,122.9,99.89,11,740,N/A
2017,11,23,22,30,0,0,0,0,0,0,14,156.15,0.10200000000000001,0.6000000000000001,2.456,122.10000000000001,97.88,11,740,N/A
2017,11,23,23,30,0,0,0,0,0,0,14,163.72,0.10200000000000001,0.6000000000000001,2.4290000000000003,130.4,95.63,10,740,N/A
2017,11,24,0,30,0,0,0,0,0,0,13,160.35,0.10200000000000001,0.5,2.3970000000000002,133,99.46000000000001,10,740,N/A
2017,11,24,1,30,0,0,0,0,0,0,13,149.47,0.10200000000000001,0.4,2.374,132.9,96.65,10,740,N/A
2017,11,24,2,30,0,0,0,0,0,0,13,136.4,0.10200000000000001,0.2,2.358,141.3,94.42,9,740,N/A
2017,11,24,3,30,0,0,0,0,0,0,12,122.66,0.10200000000000001,0.1,2.328,136.6,98.08,9,740,N/A
2017,11,24,4,30,0,0,0,0,0,0,12,108.68,0.10200000000000001,0.1,2.2800000000000002,64.9,94.64,9,740,N/A
2017,11,24,5,30,0,0,0,0,0,0,11,94.65,0.10200000000000001,0.2,2.232,36.800000000000004,91.67,9,740,N/A
2017,11,24,6,30,54,311,104,34,603,131,12,80.69,0.10200000000000001,0.4,2.193,21.6,82.77,11,740,N/A
2017,11,24,7,30,129,523,334,52,853,386,13,66.95,0.10200000000000001,0.7000000000000001,2.166,61.6,79.26,12,740,N/A
2017,11,24,8,30,246,457,517,62,952,627,13,53.65,0.10200000000000001,1.1,2.156,88.30000000000001,75.48,14,740,N/A
2017,11,24,9,30,353,423,671,69,1001,822,13,41.27,0.10200000000000001,1.3,2.166,107.2,70.87,15,740,N/A
2017,11,24,10,30,472,108,565,95,991,945,14,30.990000000000002,0.10200000000000001,1.6,2.201,119,68.69,16,740,N/A
2017,11,24,11,30,457,54,506,100,997,1000,14,25.48,0.10200000000000001,1.7000000000000002,2.258,124.30000000000001,65.6,17,740,N/A
2017,11,24,12,30,482,90,561,101,988,975,14,27.79,0.10200000000000001,1.6,2.327,127.30000000000001,66.28,16,740,N/A
2017,11,24,13,30,447,188,599,126,913,861,14,36.44,0.10200000000000001,1.5,2.4050000000000002,129.3,71.39,16,740,N/A
2017,11,24,14,30,289,36,313,118,857,690,14,48.120000000000005,0.10200000000000001,1.4000000000000001,2.485,134.1,76.78,15,740,N/A
2017,11,24,15,30,141,638,449,98,769,469,15,61.1,0.10200000000000001,1.2000000000000002,2.559,139.8,83.21000000000001,14,740,N/A
2017,11,24,16,30,79,503,212,70,575,222,15,74.68,0.10200000000000001,1,2.625,140.5,90.36,13,740,N/A
2017,11,24,17,30,14,0,14,13,69,14,15,88.56,0.10200000000000001,0.8,2.68,138.20000000000002,98.18,12,740,N/A
2017,11,24,18,30,0,0,0,0,0,0,15,102.57000000000001,0.10200000000000001,0.8,2.721,127.60000000000001,98.15,12,740,N/A
2017,11,24,19,30,0,0,0,0,0,0,15,116.57000000000001,0.10300000000000001,0.9,2.736,114.9,96.11,11,740,N/A
2017,11,24,20,30,0,0,0,0,0,0,14,130.43,0.10300000000000001,0.8,2.706,106.10000000000001,99.27,11,740,N/A
2017,11,24,21,30,0,0,0,0,0,0,14,143.85,0.10300000000000001,0.6000000000000001,2.637,104.4,96.5,10,740,N/A
2017,11,24,22,30,0,0,0,0,0,0,13,155.97,0.10300000000000001,0.4,2.561,99.10000000000001,99.58,10,740,N/A
2017,11,24,23,30,0,0,0,0,0,0,13,163.51,0.10300000000000001,0.1,2.498,85.9,95.88,10,740,N/A
2017,11,25,0,30,0,0,0,0,0,0,13,160.23,0.10300000000000001,0,2.447,58,93.77,10,740,N/A
2017,11,25,1,30,0,0,0,0,0,0,12,149.44,0.10300000000000001,0.1,2.412,292.6,92.39,9,740,N/A
2017,11,25,2,30,0,0,0,0,0,0,12,136.42000000000002,0.10300000000000001,0,2.404,283,91.37,9,740,N/A
2017,11,25,3,30,0,0,0,0,0,0,12,122.7,0.10300000000000001,0,2.412,338.1,90.77,9,740,N/A
2017,11,25,4,30,0,0,0,0,0,0,12,108.74000000000001,0.10300000000000001,0.2,2.42,46.900000000000006,89.92,9,740,N/A
2017,11,25,5,30,0,0,0,0,0,0,12,94.73,0.10300000000000001,0.4,2.415,73.2,89.10000000000001,9,740,N/A
2017,11,25,6,30,59,31,64,34,590,128,12,80.79,0.10300000000000001,0.8,2.395,78.30000000000001,86.58,10,740,N/A
2017,11,25,7,30,161,43,178,53,841,381,14,67.07000000000001,0.10300000000000001,1.4000000000000001,2.379,98.60000000000001,88.10000000000001,12,740,N/A
2017,11,25,8,30,301,174,403,65,940,620,14,53.79,0.10300000000000001,1.6,2.3810000000000002,94.5,78.92,14,740,N/A
2017,11,25,9,30,367,58,411,73,988,813,14,41.44,0.10300000000000001,1.7000000000000002,2.402,89.4,73.87,15,740,N/A
2017,11,25,10,30,83,1003,942,83,1003,942,14,31.18,0.10300000000000001,1.7000000000000002,2.439,90.7,70.29,16,740,N/A
2017,11,25,11,30,89,1007,997,89,1007,997,14,25.69,0.10300000000000001,1.7000000000000002,2.49,96.30000000000001,67.08,16,740,N/A
2017,11,25,12,30,504,192,674,92,996,972,14,27.93,0.10300000000000001,1.6,2.552,104.2,71.95,16,740,N/A
2017,11,25,13,30,94,965,870,94,965,870,14,36.51,0.10300000000000001,1.5,2.612,110.60000000000001,76.89,15,740,N/A
2017,11,25,14,30,89,916,700,89,916,700,14,48.14,0.10300000000000001,1.4000000000000001,2.662,114.9,82.46000000000001,14,740,N/A
2017,11,25,15,30,78,826,478,78,826,478,15,61.09,0.10300000000000001,1.2000000000000002,2.695,118.4,83.57000000000001,13,740,N/A
2017,11,25,16,30,59,641,228,59,641,228,15,74.65,0.10300000000000001,1,2.71,121.9,90.5,12,740,N/A
2017,11,25,17,30,16,0,16,13,115,16,15,88.51,0.10300000000000001,0.8,2.715,126.2,97.74000000000001,12,740,N/A
2017,11,25,18,30,0,0,0,0,0,0,15,102.5,0.10300000000000001,0.8,2.705,122.60000000000001,97.14,12,740,N/A
2017,11,25,19,30,0,0,0,0,0,0,15,116.48,0.10300000000000001,0.7000000000000001,2.681,117.2,95.93,11,740,N/A
2017,11,25,20,30,0,0,0,0,0,0,15,130.32,0.10300000000000001,0.6000000000000001,2.641,116.9,100,11,740,N/A
2017,11,25,21,30,0,0,0,0,0,0,14,143.71,0.10300000000000001,0.5,2.585,117.4,98.97,11,740,N/A
2017,11,25,22,30,0,0,0,0,0,0,14,155.79,0.10300000000000001,0.5,2.521,118.9,96.98,10,740,N/A
2017,11,25,23,30,0,0,0,0,0,0,14,163.31,0.10300000000000001,0.5,2.455,114.80000000000001,100,10,740,N/A
2017,11,26,0,30,0,0,0,0,0,0,13,160.12,0.10300000000000001,0.4,2.395,107,98.11,10,740,N/A
2017,11,26,1,30,0,0,0,0,0,0,13,149.41,0.10300000000000001,0.4,2.348,91.2,95.10000000000001,9,740,N/A
2017,11,26,2,30,0,0,0,0,0,0,12,136.43,0.10300000000000001,0.4,2.32,77.10000000000001,98.36,9,740,N/A
2017,11,26,3,30,0,0,0,0,0,0,12,122.75,0.10300000000000001,0.4,2.305,74.3,95.98,9,740,N/A
2017,11,26,4,30,0,0,0,0,0,0,12,108.81,0.10300000000000001,0.4,2.2960000000000003,73.10000000000001,94.54,9,740,N/A
2017,11,26,5,30,0,0,0,0,0,0,11,94.82000000000001,0.10300000000000001,0.5,2.287,71.10000000000001,93.56,9,740,N/A
2017,11,26,6,30,61,117,79,36,562,125,12,80.89,0.10300000000000001,1,2.279,86.10000000000001,85.84,10,740,N/A
2017,11,26,7,30,57,828,378,57,828,378,13,67.19,0.10300000000000001,1.7000000000000002,2.2760000000000002,101.10000000000001,86.13,12,740,N/A
2017,11,26,8,30,297,132,375,67,935,618,13,53.93,0.10300000000000001,2.1,2.2760000000000002,100.4,76.37,13,740,N/A
2017,11,26,9,30,313,30,336,74,989,813,13,41.61,0.10300000000000001,2.3000000000000003,2.2800000000000002,99.9,72.28,14,740,N/A
2017,11,26,10,30,237,17,252,82,1009,944,14,31.38,0.10300000000000001,2.4000000000000004,2.294,100,68.93,15,740,N/A
2017,11,26,11,30,454,53,502,84,1018,1001,14,25.88,0.10300000000000001,2.3000000000000003,2.321,102,70.03,16,740,N/A
2017,11,26,12,30,187,21,206,84,1014,979,14,28.07,0.10300000000000001,2.2,2.359,104.4,66.76,16,740,N/A
2017,11,26,13,30,409,67,463,108,946,868,14,36.58,0.10300000000000001,2,2.4050000000000002,106.30000000000001,71.56,16,740,N/A
2017,11,26,14,30,128,5,132,101,896,698,14,48.160000000000004,0.10300000000000001,1.7000000000000002,2.452,108.10000000000001,72.28,15,740,N/A
2017,11,26,15,30,226,110,280,87,806,477,14,61.08,0.10300000000000001,1.5,2.49,109.10000000000001,77.57000000000001,14,740,N/A
2017,11,26,16,30,110,85,133,65,611,227,15,74.62,0.10300000000000001,1.1,2.5140000000000002,106.7,84.29,13,740,N/A
2017,11,26,17,30,9,0,9,13,82,16,15,88.45,0.10300000000000001,0.7000000000000001,2.5220000000000002,103.80000000000001,92.3,12,740,N/A
2017,11,26,18,30,0,0,0,0,0,0,15,102.42,0.10300000000000001,0.5,2.5100000000000002,99.9,96.26,12,740,N/A
2017,11,26,19,30,0,0,0,0,0,0,15,116.39,0.10300000000000001,0.5,2.473,97.5,93.94,12,740,N/A
2017,11,26,20,30,0,0,0,0,0,0,14,130.21,0.10300000000000001,0.6000000000000001,2.4290000000000003,96.7,97.69,11,740,N/A
2017,11,26,21,30,0,0,0,0,0,0,14,143.57,0.10300000000000001,0.6000000000000001,2.4,93.2,94.86,11,740,N/A
2017,11,26,22,30,0,0,0,0,0,0,13,155.61,0.10300000000000001,0.5,2.379,88.2,92.3,10,740,N/A
2017,11,26,23,30,0,0,0,0,0,0,13,163.12,0.10300000000000001,0.5,2.354,85.7,96.25,10,740,N/A
2017,11,27,0,30,0,0,0,0,0,0,12,160.01,0.10300000000000001,0.5,2.326,82.2,93.58,10,740,N/A
2017,11,27,1,30,0,0,0,0,0,0,12,149.39000000000001,0.10300000000000001,0.6000000000000001,2.294,81,97.23,9,740,N/A
2017,11,27,2,30,0,0,0,0,0,0,12,136.45,0.10300000000000001,0.6000000000000001,2.2680000000000002,83.9,95.21000000000001,9,740,N/A
2017,11,27,3,30,0,0,0,0,0,0,11,122.8,0.10300000000000001,0.6000000000000001,2.253,87,93.64,9,740,N/A
2017,11,27,4,30,0,0,0,0,0,0,11,108.88,0.10300000000000001,0.5,2.247,85.10000000000001,92.73,8,740,N/A
2017,11,27,5,30,0,0,0,0,0,0,11,94.9,0.10300000000000001,0.6000000000000001,2.243,79.2,92.23,8,740,N/A
2017,11,27,6,30,45,0,45,37,551,124,12,81,0.10300000000000001,1.1,2.229,85.30000000000001,85.54,10,740,N/A
2017,11,27,7,30,140,14,145,58,824,377,13,67.31,0.10300000000000001,1.8,2.201,96,86.9,12,740,N/A
2017,11,27,8,30,68,938,618,68,938,618,14,54.07,0.10300000000000001,2.3000000000000003,2.1750000000000003,99,77.64,14,740,N/A
2017,11,27,9,30,371,361,641,73,993,814,14,41.77,0.10300000000000001,2.5,2.183,104,73.59,15,740,N/A
2017,11,27,10,30,83,1010,944,83,1010,944,14,31.57,0.10300000000000001,2.5,2.227,105.7,70.78,16,740,N/A
2017,11,27,11,30,359,25,382,86,1018,1001,14,26.07,0.10300000000000001,2.4000000000000004,2.265,107.4,67.09,16,740,N/A
2017,11,27,12,30,443,93,526,86,1012,978,14,28.2,0.10300000000000001,2.3000000000000003,2.2920000000000003,112.4,71.84,16,740,N/A
2017,11,27,13,30,307,23,326,84,990,879,14,36.65,0.10300000000000001,2.2,2.329,117.5,72.7,15,740,N/A
2017,11,27,14,30,352,173,467,79,945,710,15,48.18,0.10300000000000001,2,2.371,119.7,78.42,15,740,N/A
2017,11,27,15,30,232,213,335,70,862,487,15,61.06,0.10300000000000001,1.7000000000000002,2.403,120,84.36,14,740,N/A
2017,11,27,16,30,110,194,161,55,678,235,15,74.57000000000001,0.10300000000000001,1.3,2.423,119,90.16,13,740,N/A
2017,11,27,17,30,12,0,12,13,148,17,15,88.39,0.10300000000000001,0.9,2.4290000000000003,116.4,92.01,12,740,N/A
2017,11,27,18,30,0,0,0,0,0,0,15,102.35000000000001,0.10300000000000001,0.7000000000000001,2.4250000000000003,114.2,95.92,12,740,N/A
2017,11,27,19,30,0,0,0,0,0,0,15,116.3,0.10300000000000001,0.6000000000000001,2.4,108.7,94.61,11,740,N/A
2017,11,27,20,30,0,0,0,0,0,0,14,130.09,0.10300000000000001,0.5,2.355,106.4,98.63,11,740,N/A
2017,11,27,21,30,0,0,0,0,0,0,14,143.43,0.10300000000000001,0.4,2.299,97.30000000000001,96.05,10,740,N/A
2017,11,27,22,30,0,0,0,0,0,0,13,155.44,0.10300000000000001,0.30000000000000004,2.242,82.80000000000001,98.88,10,740,N/A
2017,11,27,23,30,0,0,0,0,0,0,13,162.92000000000002,0.10300000000000001,0.30000000000000004,2.191,72,94.97,9,740,N/A
2017,11,28,0,30,0,0,0,0,0,0,12,159.91,0.10300000000000001,0.30000000000000004,2.16,67.9,97.62,9,740,N/A
2017,11,28,1,30,0,0,0,0,0,0,12,149.37,0.10300000000000001,0.30000000000000004,2.1510000000000002,63.900000000000006,94.02,9,740,N/A
2017,11,28,2,30,0,0,0,0,0,0,11,136.48,0.10300000000000001,0.30000000000000004,2.1430000000000002,60.1,91.62,8,740,N/A
2017,11,28,3,30,0,0,0,0,0,0,11,122.85000000000001,0.10300000000000001,0.2,2.121,55.7,89.41,8,740,N/A
2017,11,28,4,30,0,0,0,0,0,0,10,108.95,0.10300000000000001,0.2,2.099,58.300000000000004,87.37,8,740,N/A
2017,11,28,5,30,0,0,0,0,0,0,10,94.99,0.10300000000000001,0.4,2.097,48.6,85.8,8,740,N/A
2017,11,28,6,30,33,589,125,33,589,125,11,81.10000000000001,0.10300000000000001,0.8,2.116,69.3,84.96000000000001,10,740,N/A
2017,11,28,7,30,55,839,377,55,839,377,13,67.43,0.10300000000000001,1.4000000000000001,2.141,102.4,78.12,12,740,N/A
2017,11,28,8,30,67,939,616,67,939,616,13,54.21,0.10300000000000001,1.7000000000000002,2.168,102.80000000000001,75.48,14,740,N/A
2017,11,28,9,30,322,33,347,74,991,811,13,41.94,0.10300000000000001,1.8,2.195,103.4,71.33,15,740,N/A
2017,11,28,10,30,81,1012,942,81,1012,942,14,31.76,0.10300000000000001,1.8,2.222,102.60000000000001,68.43,16,740,N/A
2017,11,28,11,30,451,276,699,82,1023,1000,14,26.26,0.10300000000000001,1.9000000000000001,2.258,104.2,66.33,17,740,N/A
2017,11,28,12,30,415,40,451,82,1018,978,14,28.330000000000002,0.10300000000000001,1.8,2.312,108.2,63.79,17,740,N/A
2017,11,28,13,30,409,68,464,93,973,873,14,36.7,0.10300000000000001,1.7000000000000002,2.387,113.10000000000001,68.55,17,740,N/A
2017,11,28,14,30,327,71,375,89,922,704,15,48.19,0.10300000000000001,1.7000000000000002,2.471,117.10000000000001,73.74,16,740,N/A
2017,11,28,15,30,78,834,482,78,834,482,15,61.04,0.10300000000000001,1.6,2.543,122.60000000000001,79.31,15,740,N/A
2017,11,28,16,30,59,645,231,59,645,231,15,74.53,0.10300000000000001,1.4000000000000001,2.585,126,86.54,14,740,N/A
2017,11,28,17,30,14,128,17,14,128,17,16,88.33,0.10300000000000001,1.2000000000000002,2.604,126,94.72,13,740,N/A
2017,11,28,18,30,0,0,0,0,0,0,16,102.27,0.10300000000000001,1,2.618,124.80000000000001,94.60000000000001,12,740,N/A
2017,11,28,19,30,0,0,0,0,0,0,15,116.2,0.10300000000000001,1,2.634,116.4,98.74000000000001,12,740,N/A
2017,11,28,20,30,0,0,0,0,0,0,15,129.98,0.10300000000000001,0.9,2.618,101.80000000000001,96.60000000000001,11,740,N/A
2017,11,28,21,30,0,0,0,0,0,0,15,143.29,0.10300000000000001,0.7000000000000001,2.5500000000000003,87.9,100,11,740,N/A
2017,11,28,22,30,0,0,0,0,0,0,14,155.27,0.10300000000000001,0.6000000000000001,2.463,77.10000000000001,97.73,10,740,N/A
2017,11,28,23,30,0,0,0,0,0,0,14,162.74,0.10300000000000001,0.5,2.3890000000000002,75.3,100,10,740,N/A
2017,11,29,0,30,0,0,0,0,0,0,13,159.82,0.10300000000000001,0.4,2.346,79.60000000000001,96.71000000000001,10,740,N/A
2017,11,29,1,30,0,0,0,0,0,0,13,149.35,0.10300000000000001,0.4,2.331,87.2,94.94,10,740,N/A
2017,11,29,2,30,0,0,0,0,0,0,13,136.51,0.10300000000000001,0.4,2.329,91.4,93.97,9,740,N/A
2017,11,29,3,30,0,0,0,0,0,0,12,122.9,0.10300000000000001,0.4,2.313,81.80000000000001,99.08,9,740,N/A
2017,11,29,4,30,0,0,0,0,0,0,12,109.02,0.10300000000000001,0.5,2.263,67.9,97.01,9,740,N/A
2017,11,29,5,30,0,0,0,0,0,0,12,95.08,0.10300000000000001,0.6000000000000001,2.195,54.2,94.45,9,740,N/A
2017,11,29,6,30,32,598,124,32,598,124,12,81.21000000000001,0.10300000000000001,1.1,2.1550000000000002,62.400000000000006,85.21000000000001,10,740,N/A
2017,11,29,7,30,51,850,376,51,850,376,13,67.55,0.10300000000000001,1.9000000000000001,2.152,82.80000000000001,78.99,13,740,N/A
2017,11,29,8,30,63,948,616,63,948,616,13,54.35,0.10300000000000001,2.4000000000000004,2.152,93,73.01,14,740,N/A
2017,11,29,9,30,71,997,811,71,997,811,13,42.1,0.10300000000000001,2.5,2.1430000000000002,97.60000000000001,70.03,15,740,N/A
2017,11,29,10,30,84,1010,942,84,1010,942,13,31.94,0.10300000000000001,2.3000000000000003,2.137,100.60000000000001,67.73,16,740,N/A
2017,11,29,11,30,87,1020,1000,87,1020,1000,14,26.44,0.10300000000000001,1.9000000000000001,2.142,103.2,65.44,17,740,N/A
2017,11,29,12,30,501,207,683,85,1018,980,14,28.45,0.10300000000000001,1.6,2.1550000000000002,107.2,62.800000000000004,17,740,N/A
2017,11,29,13,30,98,969,875,98,969,875,14,36.75,0.10300000000000001,1.4000000000000001,2.181,113.60000000000001,67.67,17,740,N/A
2017,11,29,14,30,93,919,706,93,919,706,14,48.2,0.10300000000000001,1.4000000000000001,2.223,119.4,68.3,16,740,N/A
2017,11,29,15,30,83,827,484,83,827,484,15,61.02,0.10300000000000001,1.2000000000000002,2.283,122,73.06,15,740,N/A
2017,11,29,16,30,64,626,232,64,626,232,15,74.48,0.10300000000000001,1,2.349,123.60000000000001,84.35000000000001,14,740,N/A
2017,11,29,17,30,17,0,17,14,96,17,15,88.26,0.10300000000000001,0.7000000000000001,2.3970000000000002,124.60000000000001,92.7,13,740,N/A
2017,11,29,18,30,0,0,0,0,0,0,15,102.18,0.10300000000000001,0.6000000000000001,2.408,127.30000000000001,92.31,12,740,N/A
2017,11,29,19,30,0,0,0,0,0,0,15,116.10000000000001,0.10300000000000001,0.7000000000000001,2.403,124.7,96.41,12,740,N/A
2017,11,29,20,30,0,0,0,0,0,0,15,129.86,0.10300000000000001,0.6000000000000001,2.432,121.80000000000001,95.82000000000001,12,740,N/A
2017,11,29,21,30,0,0,0,0,0,0,15,143.15,0.10300000000000001,0.4,2.465,112,95.25,11,740,N/A
2017,11,29,22,30,0,0,0,0,0,0,15,155.1,0.10300000000000001,0.4,2.464,119.2,100,11,740,N/A
2017,11,29,23,30,0,0,0,0,0,0,14,162.56,0.10300000000000001,0.4,2.455,123.4,99.12,11,740,N/A
2017,11,30,0,30,0,0,0,0,0,0,14,159.73,0.10300000000000001,0.4,2.458,117.5,97.75,11,740,N/A
2017,11,30,1,30,0,0,0,0,0,0,14,149.34,0.10300000000000001,0.30000000000000004,2.473,107.60000000000001,96.16,10,740,N/A
2017,11,30,2,30,0,0,0,0,0,0,14,136.54,0.10300000000000001,0.2,2.489,89.10000000000001,94.06,10,740,N/A
2017,11,30,3,30,0,0,0,0,0,0,13,122.96000000000001,0.10300000000000001,0.2,2.493,51.6,98.28,10,740,N/A
2017,11,30,4,30,0,0,0,0,0,0,13,109.10000000000001,0.10300000000000001,0.30000000000000004,2.472,25.400000000000002,96.45,10,740,N/A
2017,11,30,5,30,0,0,0,0,0,0,13,95.17,0.10300000000000001,0.4,2.427,24.900000000000002,93.89,10,740,N/A
2017,11,30,6,30,42,468,113,42,468,113,12,81.31,0.10300000000000001,0.6000000000000001,2.372,24.200000000000003,87.5,10,740,N/A
2017,11,30,7,30,73,751,359,73,751,359,13,67.67,0.10300000000000001,0.8,2.321,62.400000000000006,87.5,11,740,N/A
2017,11,30,8,30,88,880,599,88,880,599,13,54.5,0.10300000000000001,1.1,2.285,75,82.4,12,740,N/A
2017,11,30,9,30,96,945,796,96,945,796,13,42.26,0.10300000000000001,1.3,2.274,82,82.02,13,740,N/A
2017,11,30,10,30,100,981,931,100,981,931,14,32.12,0.10300000000000001,1.3,2.269,83.2,77.77,13,740,N/A
2017,11,30,11,30,101,994,991,101,994,991,14,26.61,0.10300000000000001,1.2000000000000002,2.251,85.60000000000001,78.11,14,740,N/A
2017,11,30,12,30,278,19,296,97,996,973,14,28.560000000000002,0.10300000000000001,1.1,2.231,89.7,73.63,15,740,N/A
2017,11,30,13,30,340,39,371,92,980,877,14,36.800000000000004,0.10300000000000001,0.9,2.217,93.9,73.91,15,740,N/A
2017,11,30,14,30,277,36,301,85,938,710,14,48.2,0.10300000000000001,0.7000000000000001,2.216,94,74.27,15,740,N/A
2017,11,30,15,30,10,0,10,75,854,489,14,60.99,0.10300000000000001,0.5,2.234,90.10000000000001,75.03,14,740,N/A
2017,11,30,16,30,5,0,5,58,666,237,14,74.43,0.10300000000000001,0.4,2.263,76.3,81.49,13,740,N/A
2017,11,30,17,30,0,0,0,14,134,19,15,88.2,0.10300000000000001,0.2,2.291,67,95.84,12,740,N/A
2017,11,30,18,30,0,0,0,0,0,0,14,102.10000000000001,0.10300000000000001,0.2,2.312,35,93.39,11,740,N/A
2017,11,30,19,30,0,0,0,0,0,0,14,116,0.10300000000000001,0.30000000000000004,2.32,36.2,92.67,11,740,N/A
2017,11,30,20,30,0,0,0,0,0,0,14,129.74,0.10300000000000001,0.4,2.312,49.2,97.92,11,740,N/A
2017,11,30,21,30,0,0,0,0,0,0,14,143.01,0.10300000000000001,0.4,2.287,68.5,96.24000000000001,10,740,N/A
2017,11,30,22,30,0,0,0,0,0,0,14,154.93,0.10300000000000001,0.5,2.265,81.4,100,10,740,N/A
2017,11,30,23,30,0,0,0,0,0,0,13,162.39000000000001,0.10300000000000001,0.4,2.275,76,98.54,10,740,N/A
2017,12,1,0,30,0,0,0,0,0,0,13,159.65,0.10300000000000001,0.5,2.281,25.6,98.60000000000001,10,740,N/A
2017,12,1,1,30,0,0,0,0,0,0,13,149.34,0.10300000000000001,0.7000000000000001,2.254,331,97.26,9,740,N/A
2017,12,1,2,30,0,0,0,0,0,0,13,136.57,0.10300000000000001,0.8,2.225,321.70000000000005,94.65,9,740,N/A
2017,12,1,3,30,0,0,0,0,0,0,12,123.02,0.10300000000000001,0.8,2.203,320.20000000000005,92.54,9,740,N/A
2017,12,1,4,30,0,0,0,0,0,0,12,109.18,0.10300000000000001,0.7000000000000001,2.1670000000000003,321.3,90.85000000000001,9,740,N/A
2017,12,1,5,30,0,0,0,0,0,0,12,95.26,0.10300000000000001,0.4,2.12,331.1,89.16,9,740,N/A
2017,12,1,6,30,40,501,115,40,501,115,12,81.42,0.10300000000000001,0.6000000000000001,2.092,36.1,84.9,11,740,N/A
2017,12,1,7,30,65,796,366,65,796,366,13,67.8,0.10300000000000001,1.1,2.095,97.5,82.16,13,740,N/A
2017,12,1,8,30,77,914,606,77,914,606,14,54.64,0.10300000000000001,1.3,2.114,99,74.51,15,740,N/A
2017,12,1,9,30,84,974,803,84,974,803,14,42.42,0.10300000000000001,1.4000000000000001,2.144,100.4,70.26,16,740,N/A
2017,12,1,10,30,159,12,169,116,956,924,14,32.29,0.10300000000000001,1.5,2.183,106,66.43,16,740,N/A
2017,12,1,11,30,503,264,739,116,972,984,14,26.77,0.10300000000000001,1.4000000000000001,2.23,112,67.13,16,740,N/A
2017,12,1,12,30,361,27,385,114,969,964,14,28.67,0.10300000000000001,1.3,2.277,115,71.75,16,740,N/A
2017,12,1,13,30,64,0,64,127,916,860,14,36.84,0.10300000000000001,1.2000000000000002,2.305,116.5,71.92,15,740,N/A
2017,12,1,14,30,19,0,19,115,869,695,14,48.19,0.10300000000000001,1.2000000000000002,2.318,118.80000000000001,76.67,15,740,N/A
2017,12,1,15,30,86,0,86,97,783,477,14,60.96,0.10300000000000001,1,2.339,121.7,81.75,14,730,N/A
2017,12,1,16,30,41,0,41,70,594,230,14,74.38,0.10300000000000001,0.7000000000000001,2.373,125.7,87.99,13,740,N/A
2017,12,1,17,30,3,0,3,15,106,18,15,88.12,0.10300000000000001,0.30000000000000004,2.408,130.4,95.71000000000001,12,740,N/A
2017,12,1,18,30,0,0,0,0,0,0,15,102.01,0.10300000000000001,0.2,2.44,135.6,95,11,740,N/A
2017,12,1,19,30,0,0,0,0,0,0,15,115.9,0.10300000000000001,0.2,2.471,128.9,93.95,11,740,N/A
2017,12,1,20,30,0,0,0,0,0,0,14,129.62,0.10300000000000001,0.2,2.495,130.6,98.95,11,740,N/A
2017,12,1,21,30,0,0,0,0,0,0,14,142.87,0.10300000000000001,0.2,2.508,127.9,97.39,11,740,N/A
2017,12,1,22,30,0,0,0,0,0,0,14,154.76,0.10300000000000001,0.30000000000000004,2.5220000000000002,127.4,95.74000000000001,10,740,N/A
2017,12,1,23,30,0,0,0,0,0,0,14,162.22,0.10300000000000001,0.4,2.539,137.20000000000002,94.61,10,740,N/A
2017,12,2,0,30,0,0,0,0,0,0,13,159.57,0.10300000000000001,0.4,2.5380000000000003,135.70000000000002,99.85000000000001,10,740,N/A
2017,12,2,1,30,0,0,0,0,0,0,13,149.34,0.10300000000000001,0.4,2.512,130.70000000000002,97.77,10,740,N/A
2017,12,2,2,30,0,0,0,0,0,0,13,136.61,0.10300000000000001,0.4,2.465,118.7,95.08,9,740,N/A
2017,12,2,3,30,0,0,0,0,0,0,12,123.08,0.10300000000000001,0.4,2.41,85.30000000000001,98.06,9,740,N/A
2017,12,2,4,30,0,0,0,0,0,0,12,109.26,0.10300000000000001,0.30000000000000004,2.365,65.60000000000001,95.44,9,740,N/A
2017,12,2,5,30,0,0,0,0,0,0,11,95.36,0.10300000000000001,0.30000000000000004,2.329,63.1,93.51,9,740,N/A
2017,12,2,6,30,39,501,112,39,501,112,12,81.53,0.10300000000000001,0.5,2.307,77.60000000000001,89.19,10,740,N/A
2017,12,2,7,30,65,785,360,65,785,360,12,67.92,0.10300000000000001,1.1,2.315,76.4,81.89,12,740,N/A
2017,12,2,8,30,292,194,404,81,896,598,13,54.77,0.10300000000000001,1.4000000000000001,2.354,57.1,74.13,13,740,N/A
2017,12,2,9,30,397,226,564,91,951,792,13,42.58,0.10300000000000001,1.4000000000000001,2.396,58.5,70.60000000000001,14,740,N/A
2017,12,2,10,30,114,952,918,114,952,918,14,32.47,0.10300000000000001,1.4000000000000001,2.4250000000000003,75.9,68.43,15,740,N/A
2017,12,2,11,30,116,966,978,116,966,978,14,26.93,0.10300000000000001,1.5,2.46,94.4,66.8,16,740,N/A
2017,12,2,12,30,344,24,366,115,962,959,14,28.76,0.10300000000000001,1.6,2.5140000000000002,106.9,68.21000000000001,16,740,N/A
2017,12,2,13,30,290,21,307,117,927,859,15,36.88,0.10300000000000001,1.5,2.577,115.4,73.39,16,740,N/A
2017,12,2,14,30,160,9,167,110,875,693,15,48.19,0.10300000000000001,1.4000000000000001,2.64,124.7,78.99,15,730,N/A
2017,12,2,15,30,148,6,151,91,792,477,15,60.92,0.10300000000000001,1.2000000000000002,2.693,136.1,85.01,14,730,N/A
2017,12,2,16,30,73,0,73,67,606,231,15,74.32000000000001,0.10300000000000001,1.1,2.735,146.1,92.4,13,730,N/A
2017,12,2,17,30,6,0,6,15,121,19,16,88.05,0.10300000000000001,0.9,2.77,152.1,94.24,12,740,N/A
2017,12,2,18,30,0,0,0,0,0,0,15,101.92,0.10300000000000001,0.9,2.787,145.3,99.56,12,740,N/A
2017,12,2,19,30,0,0,0,0,0,0,15,115.8,0.10200000000000001,1.1,2.7720000000000002,136,97.85000000000001,12,740,N/A
2017,12,2,20,30,0,0,0,0,0,0,15,129.5,0.10200000000000001,1.3,2.721,124.4,96.59,11,740,N/A
2017,12,2,21,30,0,0,0,0,0,0,15,142.73,0.10200000000000001,1.2000000000000002,2.6470000000000002,111,100,11,740,N/A
2017,12,2,22,30,0,0,0,0,0,0,14,154.6,0.10200000000000001,1,2.566,103.30000000000001,98.07000000000001,10,740,N/A
2017,12,2,23,30,0,0,0,0,0,0,14,162.06,0.10200000000000001,0.6000000000000001,2.493,93.4,100,10,740,N/A
2017,12,3,0,30,0,0,0,0,0,0,13,159.5,0.10200000000000001,0.4,2.428,78.80000000000001,95.76,9,740,N/A
2017,12,3,1,30,0,0,0,0,0,0,12,149.34,0.10200000000000001,0.30000000000000004,2.371,67,91.86,9,740,N/A
2017,12,3,2,30,0,0,0,0,0,0,12,136.66,0.10200000000000001,0.30000000000000004,2.325,66.10000000000001,94.60000000000001,9,740,N/A
2017,12,3,3,30,0,0,0,0,0,0,11,123.15,0.10200000000000001,0.30000000000000004,2.295,71.60000000000001,92.45,9,740,N/A
2017,12,3,4,30,0,0,0,0,0,0,11,109.34,0.10200000000000001,0.4,2.285,76.3,90.88,9,740,N/A
2017,12,3,5,30,0,0,0,0,0,0,11,95.46000000000001,0.10200000000000001,0.4,2.2920000000000003,81.4,89.55,9,740,N/A
2017,12,3,6,30,31,582,116,31,582,116,12,81.64,0.10200000000000001,0.7000000000000001,2.307,95.4,82.57000000000001,10,740,N/A
2017,12,3,7,30,51,840,366,51,840,366,13,68.05,0.10200000000000001,1.1,2.325,101.7,83.08,12,740,N/A
2017,12,3,8,30,282,178,384,64,939,604,13,54.910000000000004,0.10200000000000001,1.4000000000000001,2.344,98.5,78.91,13,740,N/A
2017,12,3,9,30,263,20,278,73,987,799,13,42.730000000000004,0.10200000000000001,1.5,2.357,97.4,75.2,14,740,N/A
2017,12,3,10,30,393,40,427,103,973,923,13,32.63,0.10200000000000001,1.6,2.358,100.60000000000001,71.82000000000001,15,740,N/A
2017,12,3,11,30,343,24,364,104,989,984,14,27.080000000000002,0.10200000000000001,1.8,2.344,107.7,68.71000000000001,16,740,N/A
2017,12,3,12,30,336,23,357,100,990,968,14,28.86,0.10200000000000001,2,2.327,115.4,65.73,16,740,N/A
2017,12,3,13,30,442,140,555,100,963,871,14,36.910000000000004,0.10200000000000001,2.1,2.326,120.9,67.06,16,730,N/A
2017,12,3,14,30,91,0,91,93,917,705,14,48.17,0.10200000000000001,2.1,2.344,122.5,72.19,16,730,N/A
2017,12,3,15,30,34,0,34,81,833,487,15,60.88,0.10200000000000001,1.9000000000000001,2.371,122.4,77.89,15,730,N/A
2017,12,3,16,30,61,653,238,61,653,238,15,74.26,0.10200000000000001,1.5,2.3930000000000002,119.10000000000001,84.9,14,730,N/A
2017,12,3,17,30,16,150,21,16,150,21,15,87.97,0.10200000000000001,0.9,2.404,114.2,91.88,12,740,N/A
2017,12,3,18,30,0,0,0,0,0,0,15,101.83,0.10200000000000001,0.6000000000000001,2.408,108.2,94.89,12,740,N/A
2017,12,3,19,30,0,0,0,0,0,0,14,115.69,0.10200000000000001,0.6000000000000001,2.4050000000000002,104.60000000000001,93.35000000000001,11,740,N/A
2017,12,3,20,30,0,0,0,0,0,0,14,129.38,0.10200000000000001,0.6000000000000001,2.39,102.10000000000001,97.34,11,740,N/A
2017,12,3,21,30,0,0,0,0,0,0,14,142.59,0.10200000000000001,0.6000000000000001,2.358,101.30000000000001,95.10000000000001,10,740,N/A
2017,12,3,22,30,0,0,0,0,0,0,13,154.44,0.10200000000000001,0.6000000000000001,2.312,101.10000000000001,98.56,10,740,N/A
2017,12,3,23,30,0,0,0,0,0,0,13,161.91,0.10200000000000001,0.7000000000000001,2.262,103.5,95.39,10,740,N/A
2017,12,4,0,30,0,0,0,0,0,0,12,159.44,0.10200000000000001,0.6000000000000001,2.21,103.4,92.7,9,740,N/A
2017,12,4,1,30,0,0,0,0,0,0,12,149.35,0.10200000000000001,0.6000000000000001,2.156,100.9,96.36,9,740,N/A
2017,12,4,2,30,0,0,0,0,0,0,12,136.70000000000002,0.10200000000000001,0.5,2.115,91.2,94.23,8,740,N/A
2017,12,4,3,30,0,0,0,0,0,0,11,123.22,0.10200000000000001,0.5,2.097,83.80000000000001,92.58,8,740,N/A
2017,12,4,4,30,0,0,0,0,0,0,11,109.43,0.10200000000000001,0.5,2.093,80.9,97.05,8,740,N/A
2017,12,4,5,30,0,0,0,0,0,0,11,95.56,0.10200000000000001,0.5,2.09,82.5,95.68,8,740,N/A
2017,12,4,6,30,34,545,112,34,545,112,12,81.75,0.10200000000000001,1.1,2.085,88.9,88.71000000000001,10,740,N/A
2017,12,4,7,30,101,0,101,57,823,363,13,68.17,0.10200000000000001,1.8,2.084,99.60000000000001,80.03,12,740,N/A
2017,12,4,8,30,285,242,424,68,935,603,13,55.050000000000004,0.10200000000000001,2.2,2.094,102.4,76.69,14,740,N/A
2017,12,4,9,30,398,188,536,74,991,800,14,42.89,0.10200000000000001,2.4000000000000004,2.125,106.10000000000001,72.94,15,740,N/A
2017,12,4,10,30,298,21,316,77,1020,934,14,32.8,0.10200000000000001,2.8000000000000003,2.173,110.60000000000001,70.2,16,740,N/A
2017,12,4,11,30,79,1029,994,79,1029,994,14,27.23,0.10200000000000001,3.1,2.227,110.2,67.29,17,740,N/A
2017,12,4,12,30,221,17,237,80,1023,975,14,28.94,0.10200000000000001,3.2,2.278,108.9,67.99,17,740,N/A
2017,12,4,13,30,228,17,242,83,993,877,14,36.93,0.10200000000000001,3.1,2.323,109.30000000000001,68.53,16,740,N/A
2017,12,4,14,30,74,0,74,77,952,713,15,48.15,0.10200000000000001,2.8000000000000003,2.354,109.4,73.06,15,740,N/A
2017,12,4,15,30,21,0,21,67,877,495,15,60.83,0.10200000000000001,2.5,2.365,108.60000000000001,78.65,14,740,N/A
2017,12,4,16,30,10,0,10,52,709,245,15,74.19,0.10200000000000001,1.8,2.358,106.9,83.94,13,740,N/A
2017,12,4,17,30,0,0,0,15,207,23,15,87.89,0.10200000000000001,1,2.33,105.10000000000001,91.08,12,740,N/A
2017,12,4,18,30,0,0,0,0,0,0,15,101.74000000000001,0.10200000000000001,0.8,2.295,99,93.88,12,740,N/A
2017,12,4,19,30,0,0,0,0,0,0,14,115.58,0.10200000000000001,0.7000000000000001,2.263,90,96.63,11,740,N/A
2017,12,4,20,30,0,0,0,0,0,0,14,129.26,0.10200000000000001,0.6000000000000001,2.236,79.4,94.03,10,740,N/A
2017,12,4,21,30,0,0,0,0,0,0,13,142.46,0.10200000000000001,0.5,2.214,68.10000000000001,97.3,10,740,N/A
2017,12,4,22,30,0,0,0,0,0,0,12,154.29,0.10200000000000001,0.5,2.184,62.2,93.52,9,740,N/A
2017,12,4,23,30,0,0,0,0,0,0,12,161.76,0.10200000000000001,0.4,2.1310000000000002,60.6,96.25,9,740,N/A
2017,12,5,0,30,0,0,0,0,0,0,12,159.38,0.10200000000000001,0.4,2.056,62.900000000000006,93.73,9,740,N/A
2017,12,5,1,30,0,0,0,0,0,0,11,149.36,0.10200000000000001,0.4,1.983,71.10000000000001,91.28,8,740,N/A
2017,12,5,2,30,0,0,0,0,0,0,11,136.75,0.10200000000000001,0.5,1.937,81.5,88.19,8,740,N/A
2017,12,5,3,30,0,0,0,0,0,0,10,123.29,0.10200000000000001,0.6000000000000001,1.926,88.30000000000001,91.81,8,740,N/A
2017,12,5,4,30,0,0,0,0,0,0,10,109.51,0.10200000000000001,0.6000000000000001,1.938,85.9,89.95,8,740,N/A
2017,12,5,5,30,0,0,0,0,0,0,10,95.66,0.10200000000000001,0.6000000000000001,1.952,89.7,88.45,8,740,N/A
2017,12,5,6,30,33,553,112,33,553,112,11,81.86,0.10200000000000001,1,1.951,100.4,82.51,10,740,N/A
2017,12,5,7,30,136,15,142,54,838,364,12,68.29,0.10200000000000001,1.8,1.931,96.80000000000001,73,12,740,N/A
2017,12,5,8,30,77,0,77,64,950,606,12,55.19,0.10200000000000001,2.5,1.901,95,68.82000000000001,14,740,N/A
2017,12,5,9,30,378,313,608,68,1008,805,12,43.04,0.10200000000000001,2.9000000000000004,1.879,94.7,61.11,15,740,N/A
2017,12,5,10,30,354,29,378,78,1027,939,12,32.95,0.10200000000000001,3,1.8760000000000001,94.30000000000001,57.56,16,740,N/A
2017,12,5,11,30,194,16,208,77,1041,1002,12,27.37,0.10200000000000001,3.1,1.8920000000000001,95.5,54.75,17,740,N/A
2017,12,5,12,30,493,250,712,75,1039,984,12,29.02,0.10200000000000001,3,1.919,96.60000000000001,55.75,18,740,N/A
2017,12,5,13,30,274,20,290,80,1009,887,13,36.95,0.10200000000000001,2.9000000000000004,1.953,97.30000000000001,56.800000000000004,17,740,N/A
2017,12,5,14,30,82,0,82,75,969,721,13,48.13,0.10200000000000001,2.7,1.983,97.60000000000001,61.120000000000005,17,740,N/A
2017,12,5,15,30,195,28,208,65,894,502,13,60.78,0.10200000000000001,2.3000000000000003,1.99,98,66.01,16,740,N/A
2017,12,5,16,30,50,737,251,50,737,251,13,74.13,0.10200000000000001,1.6,1.966,96.7,70.75,15,740,N/A
2017,12,5,17,30,15,236,24,15,236,24,14,87.81,0.10200000000000001,0.8,1.92,93.10000000000001,85.61,13,740,N/A
2017,12,5,18,30,0,0,0,0,0,0,13,101.64,0.10200000000000001,0.5,1.873,74.9,87.49,11,740,N/A
2017,12,5,19,30,0,0,0,0,0,0,13,115.48,0.10200000000000001,0.4,1.83,60.900000000000006,90.5,10,740,N/A
2017,12,5,20,30,0,0,0,0,0,0,13,129.14000000000001,0.10200000000000001,0.4,1.794,51.900000000000006,93.81,10,740,N/A
2017,12,5,21,30,0,0,0,0,0,0,12,142.32,0.10200000000000001,0.4,1.7690000000000001,49.5,96.91,9,740,N/A
2017,12,5,22,30,0,0,0,0,0,0,11,154.13,0.10200000000000001,0.5,1.7550000000000001,55.900000000000006,93.49,8,740,N/A
2017,12,5,23,30,0,0,0,0,0,0,11,161.62,0.10200000000000001,0.6000000000000001,1.745,63.7,96.44,8,740,N/A
2017,12,6,0,30,0,0,0,0,0,0,11,159.32,0.10200000000000001,0.6000000000000001,1.733,65.10000000000001,94.25,8,740,N/A
2017,12,6,1,30,0,0,0,0,0,0,10,149.38,0.10200000000000001,0.6000000000000001,1.718,62.6,91.99,7,740,N/A
2017,12,6,2,30,0,0,0,0,0,0,10,136.81,0.10200000000000001,0.6000000000000001,1.703,60.2,95.81,7,740,N/A
2017,12,6,3,30,0,0,0,0,0,0,9,123.36,0.10200000000000001,0.6000000000000001,1.694,60,92.5,7,740,N/A
2017,12,6,4,30,0,0,0,0,0,0,9,109.60000000000001,0.10200000000000001,0.6000000000000001,1.693,59.1,89.37,7,740,N/A
2017,12,6,5,30,0,0,0,0,0,0,8,95.76,0.10200000000000001,0.7000000000000001,1.696,61.800000000000004,87.3,7,740,N/A
2017,12,6,6,30,32,566,111,32,566,111,10,81.98,0.10200000000000001,1,1.694,70,77.02,9,740,N/A
2017,12,6,7,30,54,842,364,54,842,364,10,68.42,0.10200000000000001,1.7000000000000002,1.686,85,67.67,12,740,N/A
2017,12,6,8,30,66,950,607,66,950,607,11,55.33,0.10200000000000001,2.3000000000000003,1.679,90.80000000000001,60.410000000000004,14,740,N/A
2017,12,6,9,30,73,1005,806,73,1005,806,11,43.18,0.10200000000000001,2.6,1.682,94.7,57.980000000000004,15,740,N/A
2017,12,6,10,30,294,21,312,80,1028,941,11,33.11,0.10200000000000001,2.9000000000000004,1.697,96,56.21,16,740,N/A
2017,12,6,11,30,356,25,379,82,1039,1003,12,27.5,0.10200000000000001,3,1.723,95.60000000000001,57.93,17,740,N/A
2017,12,6,12,30,237,18,253,81,1035,986,12,29.09,0.10200000000000001,2.9000000000000004,1.76,94.4,55.97,17,740,N/A
2017,12,6,13,30,441,234,629,83,1008,889,13,36.96,0.10200000000000001,2.7,1.808,93.9,57.18,17,740,N/A
2017,12,6,14,30,303,44,332,77,968,723,13,48.1,0.10200000000000001,2.4000000000000004,1.863,94.4,61.6,17,740,N/A
2017,12,6,15,30,233,239,350,68,890,503,13,60.730000000000004,0.10200000000000001,2,1.924,95.30000000000001,66.4,16,740,N/A
2017,12,6,16,30,52,724,251,52,724,251,13,74.06,0.10200000000000001,1.3,1.978,95.5,72.03,15,740,N/A
2017,12,6,17,30,16,220,25,16,220,25,14,87.72,0.10200000000000001,0.7000000000000001,2.016,98.30000000000001,86.64,13,740,N/A
2017,12,6,18,30,0,0,0,0,0,0,14,101.55,0.10200000000000001,0.6000000000000001,2.055,95,89.36,11,740,N/A
2017,12,6,19,30,0,0,0,0,0,0,13,115.37,0.10200000000000001,0.6000000000000001,2.113,95.10000000000001,93.35000000000001,11,740,N/A
2017,12,6,20,30,0,0,0,0,0,0,13,129.02,0.10200000000000001,0.6000000000000001,2.183,95.9,92.15,10,740,N/A
2017,12,6,21,30,0,0,0,0,0,0,13,142.18,0.10200000000000001,0.5,2.246,93.5,92.55,10,740,N/A
2017,12,6,22,30,0,0,0,0,0,0,13,153.98,0.10200000000000001,0.5,2.2880000000000003,97.5,93.05,10,740,N/A
2017,12,6,23,30,0,0,0,0,0,0,13,161.48,0.10200000000000001,0.5,2.317,105.80000000000001,93.07000000000001,10,740,N/A
2017,12,7,0,30,0,0,0,0,0,0,13,159.28,0.10200000000000001,0.5,2.329,107.5,93.2,10,740,N/A
2017,12,7,1,30,0,0,0,0,0,0,13,149.4,0.10200000000000001,0.6000000000000001,2.319,107.5,98.69,10,740,N/A
2017,12,7,2,30,0,0,0,0,0,0,13,136.86,0.10200000000000001,0.5,2.291,106.9,97.68,10,740,N/A
2017,12,7,3,30,0,0,0,0,0,0,13,123.44,0.10200000000000001,0.5,2.253,106.4,95.77,9,740,N/A
2017,12,7,4,30,0,0,0,0,0,0,12,109.7,0.10200000000000001,0.5,2.214,100.7,99.76,9,740,N/A
2017,12,7,5,30,0,0,0,0,0,0,12,95.86,0.10200000000000001,0.5,2.179,92.5,97.5,9,740,N/A
2017,12,7,6,30,11,0,11,41,443,101,12,82.09,0.10200000000000001,0.8,2.1550000000000002,77.80000000000001,86.65,10,740,N/A
2017,12,7,7,30,67,772,350,67,772,350,12,68.54,0.10200000000000001,1.2000000000000002,2.1390000000000002,68.60000000000001,80.60000000000001,12,740,N/A
2017,12,7,8,30,78,904,591,78,904,591,12,55.46,0.10200000000000001,1.5,2.125,60.5,74.97,13,740,N/A
2017,12,7,9,30,84,970,790,84,970,790,12,43.33,0.10200000000000001,1.6,2.117,62.2,71.18,14,740,N/A
2017,12,7,10,30,367,32,394,89,1001,926,13,33.26,0.10200000000000001,1.7000000000000002,2.1270000000000002,66.5,64.44,15,740,N/A
2017,12,7,11,30,507,205,690,90,1014,989,13,27.63,0.10200000000000001,1.9000000000000001,2.165,74.8,62.52,16,740,N/A
2017,12,7,12,30,90,1010,972,90,1010,972,14,29.16,0.10200000000000001,2,2.231,88,64.51,17,740,N/A
2017,12,7,13,30,427,94,502,100,965,871,14,36.97,0.10200000000000001,2.1,2.31,100.30000000000001,65.48,16,740,N/A
2017,12,7,14,30,241,19,255,95,915,706,14,48.07,0.10200000000000001,2,2.382,107.7,70.03,15,740,N/A
2017,12,7,15,30,84,826,489,84,826,489,14,60.67,0.10200000000000001,1.8,2.441,112.4,75.16,14,740,N/A
2017,12,7,16,30,65,635,240,65,635,240,14,73.98,0.10200000000000001,1.3,2.483,114.7,86.2,13,740,N/A
2017,12,7,17,30,18,128,23,18,128,23,15,87.64,0.10200000000000001,0.7000000000000001,2.504,113.9,94.56,12,740,N/A
2017,12,7,18,30,0,0,0,0,0,0,14,101.45,0.10200000000000001,0.5,2.508,113.4,92.94,11,740,N/A
2017,12,7,19,30,0,0,0,0,0,0,14,115.26,0.10200000000000001,0.5,2.498,110.10000000000001,97.73,11,740,N/A
2017,12,7,20,30,0,0,0,0,0,0,14,128.9,0.10200000000000001,0.6000000000000001,2.479,108.10000000000001,95.72,11,740,N/A
2017,12,7,21,30,0,0,0,0,0,0,13,142.05,0.10200000000000001,0.7000000000000001,2.466,106.7,93.29,10,740,N/A
2017,12,7,22,30,0,0,0,0,0,0,13,153.84,0.10200000000000001,0.7000000000000001,2.471,102.9,97.04,10,740,N/A
2017,12,7,23,30,0,0,0,0,0,0,13,161.35,0.10200000000000001,0.7000000000000001,2.481,103.9,95.82000000000001,10,740,N/A
2017,12,8,0,30,0,0,0,0,0,0,13,159.24,0.10200000000000001,0.7000000000000001,2.484,102.7,95.72,9,740,N/A
2017,12,8,1,30,0,0,0,0,0,0,13,149.43,0.10200000000000001,0.6000000000000001,2.474,95.7,100,9,740,N/A
2017,12,8,2,30,0,0,0,0,0,0,12,136.92000000000002,0.10200000000000001,0.6000000000000001,2.452,83.10000000000001,98.49000000000001,9,740,N/A
2017,12,8,3,30,0,0,0,0,0,0,12,123.52,0.10200000000000001,0.6000000000000001,2.42,71.5,96,8,740,N/A
2017,12,8,4,30,0,0,0,0,0,0,11,109.79,0.10200000000000001,0.5,2.383,58.1,93.17,8,740,N/A
2017,12,8,5,30,0,0,0,0,0,0,11,95.97,0.10200000000000001,0.4,2.35,41.900000000000006,90.18,8,740,N/A
2017,12,8,6,30,34,506,103,34,506,103,11,82.21000000000001,0.10200000000000001,0.5,2.328,32.800000000000004,90.05,9,740,N/A
2017,12,8,7,30,55,813,351,55,813,351,11,68.67,0.10200000000000001,0.8,2.321,37.7,78.84,10,740,N/A
2017,12,8,8,30,65,930,591,65,930,591,11,55.59,0.10200000000000001,1,2.326,50,74.77,11,740,N/A
2017,12,8,9,30,72,987,789,72,987,789,11,43.47,0.10200000000000001,1.2000000000000002,2.336,71.10000000000001,71.63,13,740,N/A
2017,12,8,10,30,415,54,461,85,1001,921,12,33.4,0.10200000000000001,1.3,2.35,98.10000000000001,69.69,14,740,N/A
2017,12,8,11,30,327,22,348,87,1013,984,12,27.75,0.10200000000000001,1.4000000000000001,2.366,115,66.86,15,740,N/A
2017,12,8,12,30,237,18,253,88,1009,968,13,29.22,0.10200000000000001,1.3,2.3850000000000002,124.60000000000001,64.19,15,740,N/A
2017,12,8,13,30,309,537,738,114,937,863,13,36.97,0.10200000000000001,1.2000000000000002,2.4090000000000003,129.4,69.55,15,740,N/A
2017,12,8,14,30,352,137,443,107,887,701,13,48.03,0.10200000000000001,1.1,2.435,133.4,75.27,14,740,N/A
2017,12,8,15,30,223,320,381,94,796,485,13,60.61,0.10200000000000001,0.9,2.461,135.9,76.31,13,740,N/A
2017,12,8,16,30,73,595,238,73,595,238,14,73.9,0.10200000000000001,0.6000000000000001,2.48,134.20000000000002,82.64,12,740,N/A
2017,12,8,17,30,19,100,23,19,100,23,14,87.55,0.10200000000000001,0.30000000000000004,2.482,131.3,96.32000000000001,11,740,N/A
2017,12,8,18,30,0,0,0,0,0,0,14,101.34,0.10200000000000001,0.1,2.466,106.4,96.48,10,740,N/A
2017,12,8,19,30,0,0,0,0,0,0,14,115.15,0.10200000000000001,0.1,2.442,39.5,100,10,740,N/A
2017,12,8,20,30,0,0,0,0,0,0,13,128.78,0.10200000000000001,0.1,2.424,23.400000000000002,98.75,10,740,N/A
2017,12,8,21,30,0,0,0,0,0,0,13,141.92000000000002,0.10200000000000001,0.1,2.416,27.6,97.02,10,740,N/A
2017,12,8,22,30,0,0,0,0,0,0,13,153.69,0.10200000000000001,0.30000000000000004,2.41,347.20000000000005,95.99000000000001,10,740,N/A
2017,12,8,23,30,0,0,0,0,0,0,13,161.23,0.10200000000000001,0.4,2.395,328.70000000000005,95.06,10,740,N/A
2017,12,9,0,30,0,0,0,0,0,0,13,159.20000000000002,0.10200000000000001,0.5,2.375,321.40000000000003,93.75,9,740,N/A
2017,12,9,1,30,0,0,0,0,0,0,12,149.46,0.10200000000000001,0.6000000000000001,2.355,319,92.08,9,740,N/A
2017,12,9,2,30,0,0,0,0,0,0,12,136.99,0.10200000000000001,0.7000000000000001,2.337,322.3,96.67,9,740,N/A
2017,12,9,3,30,0,0,0,0,0,0,12,123.61,0.10200000000000001,0.6000000000000001,2.315,327.90000000000003,95.51,9,740,N/A
2017,12,9,4,30,0,0,0,0,0,0,12,109.89,0.10200000000000001,0.5,2.2840000000000003,335.20000000000005,94.69,9,740,N/A
2017,12,9,5,30,0,0,0,0,0,0,11,96.08,0.10200000000000001,0.30000000000000004,2.251,355.3,93.54,9,740,N/A
2017,12,9,6,30,35,492,101,35,492,101,12,82.32000000000001,0.10200000000000001,0.5,2.222,39.5,83.35000000000001,10,740,N/A
2017,12,9,7,30,59,802,349,59,802,349,13,68.79,0.10200000000000001,1,2.2,100.30000000000001,79.41,12,740,N/A
2017,12,9,8,30,70,922,590,70,922,590,13,55.730000000000004,0.10200000000000001,1.4000000000000001,2.186,111.2,71.60000000000001,14,740,N/A
2017,12,9,9,30,77,981,788,77,981,788,13,43.61,0.10200000000000001,1.7000000000000002,2.181,114.7,66.69,15,740,N/A
2017,12,9,10,30,81,1012,925,81,1012,925,13,33.54,0.10200000000000001,1.8,2.19,116.60000000000001,63.22,16,740,N/A
2017,12,9,11,30,281,20,299,85,1020,987,14,27.86,0.10200000000000001,1.8,2.213,118.30000000000001,64.5,17,740,N/A
2017,12,9,12,30,128,7,134,88,1012,971,14,29.27,0.10200000000000001,1.7000000000000002,2.244,120.30000000000001,65.34,17,740,N/A
2017,12,9,13,30,57,0,57,82,997,879,14,36.96,0.10200000000000001,1.6,2.277,122.5,65.67,16,740,N/A
2017,12,9,14,30,344,102,413,79,952,717,14,47.99,0.10200000000000001,1.4000000000000001,2.308,126,70.59,15,740,N/A
2017,12,9,15,30,229,96,277,71,872,500,14,60.550000000000004,0.10200000000000001,1.2000000000000002,2.34,128.9,75.97,14,740,N/A
2017,12,9,16,30,56,696,250,56,696,250,15,73.82000000000001,0.10200000000000001,0.9,2.372,130.1,82.63,13,740,N/A
2017,12,9,17,30,27,0,27,18,205,27,15,87.45,0.10200000000000001,0.6000000000000001,2.386,127.80000000000001,96.47,12,740,N/A
2017,12,9,18,30,0,0,0,0,0,0,15,101.24000000000001,0.10200000000000001,0.5,2.3810000000000002,122.10000000000001,95.72,11,740,N/A
2017,12,9,19,30,0,0,0,0,0,0,15,115.03,0.10200000000000001,0.5,2.364,111.60000000000001,100,11,740,N/A
2017,12,9,20,30,0,0,0,0,0,0,14,128.65,0.10200000000000001,0.5,2.342,103.60000000000001,98.07000000000001,10,740,N/A
2017,12,9,21,30,0,0,0,0,0,0,14,141.78,0.10200000000000001,0.4,2.321,91.5,95.47,10,740,N/A
2017,12,9,22,30,0,0,0,0,0,0,13,153.55,0.10200000000000001,0.4,2.302,77.7,99.2,10,740,N/A
2017,12,9,23,30,0,0,0,0,0,0,13,161.12,0.10200000000000001,0.30000000000000004,2.287,61.800000000000004,96.76,10,740,N/A
2017,12,10,0,30,0,0,0,0,0,0,13,159.17000000000002,0.10200000000000001,0.30000000000000004,2.2760000000000002,35.4,94.42,10,740,N/A
2017,12,10,1,30,0,0,0,0,0,0,12,149.5,0.10200000000000001,0.5,2.2640000000000002,3.2,92.37,9,740,N/A
2017,12,10,2,30,0,0,0,0,0,0,12,137.06,0.10200000000000001,0.6000000000000001,2.261,344.20000000000005,90.73,9,740,N/A
2017,12,10,3,30,0,0,0,0,0,0,12,123.69,0.10200000000000001,0.7000000000000001,2.269,335.1,89.17,9,740,N/A
2017,12,10,4,30,0,0,0,0,0,0,12,109.99000000000001,0.10200000000000001,0.6000000000000001,2.282,332.1,87.87,9,740,N/A
2017,12,10,5,30,0,0,0,0,0,0,11,96.18,0.10200000000000001,0.5,2.293,339.20000000000005,87.08,9,740,N/A
2017,12,10,6,30,32,518,100,32,518,100,12,82.44,0.10200000000000001,0.5,2.298,351.5,85.18,10,740,N/A
2017,12,10,7,30,55,812,347,55,812,347,14,68.92,0.10200000000000001,0.6000000000000001,2.3000000000000003,356.3,88.66,12,740,N/A
2017,12,10,8,30,66,928,587,66,928,587,14,55.86,0.10200000000000001,0.7000000000000001,2.303,40.2,80.85000000000001,14,740,N/A
2017,12,10,9,30,72,986,785,72,986,785,14,43.75,0.10200000000000001,0.7000000000000001,2.319,67.5,75.56,15,740,N/A
2017,12,10,10,30,91,991,916,91,991,916,14,33.67,0.10200000000000001,0.6000000000000001,2.355,97.80000000000001,71.51,16,740,N/A
2017,12,10,11,30,482,89,561,95,1001,979,14,27.97,0.10200000000000001,0.6000000000000001,2.396,143.8,67.96000000000001,16,740,N/A
2017,12,10,12,30,271,19,288,94,997,964,15,29.32,0.10200000000000001,0.6000000000000001,2.435,164.20000000000002,68.64,16,740,N/A
2017,12,10,13,30,31,0,31,107,948,865,15,36.95,0.10200000000000001,0.6000000000000001,2.472,185.10000000000002,73.53,16,740,N/A
2017,12,10,14,30,322,61,363,100,901,704,15,47.95,0.10200000000000001,0.6000000000000001,2.507,199.3,78.58,15,740,N/A
2017,12,10,15,30,152,7,156,86,820,490,15,60.480000000000004,0.10200000000000001,0.5,2.5500000000000003,206.20000000000002,79.44,14,740,N/A
2017,12,10,16,30,78,0,78,63,649,245,15,73.74,0.10200000000000001,0.4,2.599,211.5,86.37,13,740,N/A
2017,12,10,17,30,8,0,8,18,192,27,16,87.36,0.10200000000000001,0.2,2.6470000000000002,210.10000000000002,94.22,12,740,N/A
2017,12,10,18,30,0,0,0,0,0,0,15,101.14,0.10200000000000001,0.2,2.68,210.9,98.73,12,740,N/A
2017,12,10,19,30,0,0,0,0,0,0,15,114.92,0.10200000000000001,0.2,2.689,195.5,97.85000000000001,12,740,N/A
2017,12,10,20,30,0,0,0,0,0,0,15,128.53,0.10200000000000001,0.2,2.674,179.3,96.45,11,740,N/A
2017,12,10,21,30,0,0,0,0,0,0,15,141.65,0.10200000000000001,0.2,2.645,166.20000000000002,100,11,740,N/A
2017,12,10,22,30,0,0,0,0,0,0,14,153.42000000000002,0.10200000000000001,0.2,2.609,168.5,99.38,11,740,N/A
2017,12,10,23,30,0,0,0,0,0,0,14,161.01,0.10200000000000001,0.2,2.57,168.9,97.65,11,740,N/A
2017,12,11,0,30,0,0,0,0,0,0,14,159.15,0.10200000000000001,0.2,2.531,153.70000000000002,95.86,10,740,N/A
2017,12,11,1,30,0,0,0,0,0,0,14,149.54,0.10200000000000001,0.2,2.505,129.9,94.62,10,740,N/A
2017,12,11,2,30,0,0,0,0,0,0,14,137.13,0.10200000000000001,0.2,2.511,118.9,94.09,10,740,N/A
2017,12,11,3,30,0,0,0,0,0,0,14,123.78,0.10200000000000001,0.2,2.52,107.4,94.23,10,740,N/A
2017,12,11,4,30,0,0,0,0,0,0,14,110.09,0.10200000000000001,0.2,2.5,99,94.14,10,740,N/A
2017,12,11,5,30,0,0,0,0,0,0,13,96.29,0.10200000000000001,0.30000000000000004,2.469,97,93.34,10,740,N/A
2017,12,11,6,30,48,80,58,30,533,99,13,82.56,0.10200000000000001,0.5,2.458,85.5,93.5,10,740,N/A
2017,12,11,7,30,160,123,204,52,821,345,14,69.04,0.10200000000000001,0.9,2.463,69.3,90.29,11,740,N/A
2017,12,11,8,30,277,112,340,63,931,584,14,55.99,0.10200000000000001,1,2.469,49.800000000000004,84.78,12,740,N/A
2017,12,11,9,30,69,988,782,69,988,782,14,43.88,0.10200000000000001,1,2.479,35.4,78.42,13,740,N/A
2017,12,11,10,30,87,994,914,87,994,914,13,33.8,0.10200000000000001,0.9,2.49,17.900000000000002,77.22,14,740,N/A
2017,12,11,11,30,367,27,392,87,1011,979,13,28.07,0.10200000000000001,0.9,2.498,1.7000000000000002,71.51,14,740,N/A
2017,12,11,12,30,498,181,656,83,1013,967,13,29.35,0.10200000000000001,1,2.496,351.6,70.97,15,740,N/A
2017,12,11,13,30,343,31,368,80,996,877,13,36.93,0.10200000000000001,1,2.48,348,70.43,14,740,N/A
2017,12,11,14,30,277,29,297,73,963,718,13,47.89,0.10200000000000001,0.9,2.457,353.8,74.13,14,740,N/A
2017,12,11,15,30,206,419,413,62,897,505,13,60.410000000000004,0.10200000000000001,0.8,2.434,6.6000000000000005,73.55,13,740,N/A
2017,12,11,16,30,47,751,259,47,751,259,13,73.65,0.10200000000000001,0.5,2.4130000000000003,20.400000000000002,79.82000000000001,12,740,N/A
2017,12,11,17,30,30,0,30,16,295,30,14,87.26,0.10200000000000001,0.30000000000000004,2.395,24.3,88.33,11,740,N/A
2017,12,11,18,30,0,0,0,0,0,0,13,101.03,0.10200000000000001,0.30000000000000004,2.384,30.3,90.77,11,740,N/A
2017,12,11,19,30,0,0,0,0,0,0,13,114.81,0.10200000000000001,0.2,2.3810000000000002,35.9,88.88,11,740,N/A
2017,12,11,20,30,0,0,0,0,0,0,12,128.41,0.10200000000000001,0.2,2.382,26.200000000000003,86.75,10,740,N/A
2017,12,11,21,30,0,0,0,0,0,0,12,141.53,0.10200000000000001,0.2,2.383,317.90000000000003,90.49,10,740,N/A
2017,12,11,22,30,0,0,0,0,0,0,12,153.29,0.10200000000000001,0.4,2.3850000000000002,293,88.69,9,740,N/A
2017,12,11,23,30,0,0,0,0,0,0,11,160.9,0.10200000000000001,0.5,2.384,294.2,92.97,9,740,N/A
2017,12,12,0,30,0,0,0,0,0,0,11,159.14000000000001,0.10200000000000001,0.5,2.369,297.90000000000003,92.10000000000001,9,740,N/A
2017,12,12,1,30,0,0,0,0,0,0,11,149.59,0.10200000000000001,0.6000000000000001,2.356,303.90000000000003,90.67,9,740,N/A
2017,12,12,2,30,0,0,0,0,0,0,11,137.20000000000002,0.10200000000000001,0.6000000000000001,2.36,310.8,88.91,9,740,N/A
2017,12,12,3,30,0,0,0,0,0,0,11,123.87,0.10200000000000001,0.6000000000000001,2.37,302.8,88.07000000000001,9,740,N/A
2017,12,12,4,30,0,0,0,0,0,0,10,110.19,0.10200000000000001,0.6000000000000001,2.372,292.7,87.49,9,740,N/A
2017,12,12,5,30,0,0,0,0,0,0,10,96.4,0.10200000000000001,0.5,2.362,292,86.85000000000001,9,740,N/A
2017,12,12,6,30,32,501,96,32,501,96,11,82.67,0.10200000000000001,0.5,2.343,301.3,83.65,9,740,N/A
2017,12,12,7,30,93,0,93,57,800,342,12,69.16,0.10200000000000001,0.4,2.317,319.8,83.39,11,740,N/A
2017,12,12,8,30,275,251,415,69,920,582,13,56.120000000000005,0.10200000000000001,0.2,2.287,356.6,84.4,12,740,N/A
2017,12,12,9,30,389,191,526,77,980,781,13,44.01,0.10200000000000001,0.1,2.2640000000000002,1.3,80.17,13,740,N/A
2017,12,12,10,30,359,31,386,96,985,914,13,33.93,0.10200000000000001,0.30000000000000004,2.2560000000000002,226.70000000000002,77.13,14,740,N/A
2017,12,12,11,30,302,21,321,98,998,979,14,28.16,0.10200000000000001,0.5,2.2720000000000002,251.60000000000002,74.17,15,740,N/A
2017,12,12,12,30,407,39,442,99,994,965,14,29.38,0.10200000000000001,0.6000000000000001,2.309,265.40000000000003,70.61,15,740,N/A
2017,12,12,13,30,75,0,75,104,959,871,14,36.910000000000004,0.10200000000000001,0.5,2.348,271.7,75.59,15,740,N/A
2017,12,12,14,30,323,60,364,99,908,709,14,47.84,0.10200000000000001,0.30000000000000004,2.3810000000000002,270.40000000000003,76.05,14,740,N/A
2017,12,12,15,30,39,0,39,86,826,495,14,60.33,0.10200000000000001,0.1,2.4,268.40000000000003,81.32000000000001,14,740,N/A
2017,12,12,16,30,63,665,251,63,665,251,14,73.56,0.10200000000000001,0,2.407,261.3,87.57000000000001,13,740,N/A
2017,12,12,17,30,19,210,30,19,210,30,15,87.16,0.10200000000000001,0,2.4130000000000003,172.20000000000002,95.3,11,740,N/A
2017,12,12,18,30,0,0,0,0,0,0,14,100.93,0.10200000000000001,0,2.414,265.1,99.11,11,740,N/A
2017,12,12,19,30,0,0,0,0,0,0,14,114.69,0.10200000000000001,0,2.403,288.8,98.35000000000001,11,740,N/A
2017,12,12,20,30,0,0,0,0,0,0,14,128.29,0.10200000000000001,0.1,2.383,261.8,100,10,740,N/A
2017,12,12,21,30,0,0,0,0,0,0,14,141.4,0.10200000000000001,0.1,2.366,251.3,100,10,740,N/A
2017,12,12,22,30,0,0,0,0,0,0,13,153.16,0.10200000000000001,0.2,2.359,253.8,97.9,9,740,N/A
2017,12,12,23,30,0,0,0,0,0,0,13,160.81,0.10200000000000001,0.2,2.354,269.6,100,9,740,N/A
2017,12,13,0,30,0,0,0,0,0,0,12,159.13,0.10200000000000001,0.30000000000000004,2.339,305.5,98.9,9,740,N/A
2017,12,13,1,30,0,0,0,0,0,0,12,149.64000000000001,0.10200000000000001,0.4,2.299,313.1,96.81,9,740,N/A
2017,12,13,2,30,0,0,0,0,0,0,12,137.28,0.10200000000000001,0.5,2.231,313.5,94.14,8,740,N/A
2017,12,13,3,30,0,0,0,0,0,0,11,123.96000000000001,0.10200000000000001,0.5,2.157,308.1,97.61,8,740,N/A
2017,12,13,4,30,0,0,0,0,0,0,11,110.29,0.10200000000000001,0.5,2.093,302.5,94.88,8,740,N/A
2017,12,13,5,30,0,0,0,0,0,0,10,96.51,0.10200000000000001,0.4,2.035,308.1,92.64,8,740,N/A
2017,12,13,6,30,38,422,91,38,422,91,11,82.79,0.10200000000000001,0.30000000000000004,1.985,319.6,84.08,10,740,N/A
2017,12,13,7,30,71,747,336,71,747,336,12,69.28,0.10200000000000001,0.4,1.949,340.6,79.31,12,740,N/A
2017,12,13,8,30,279,170,374,89,878,577,12,56.24,0.10200000000000001,0.6000000000000001,1.924,55.1,76,13,740,N/A
2017,12,13,9,30,383,246,559,96,951,779,13,44.14,0.10200000000000001,0.6000000000000001,1.915,70.2,68.38,15,740,N/A
2017,12,13,10,30,450,99,533,113,967,914,13,34.05,0.10200000000000001,0.4,1.928,76.5,66.08,16,740,N/A
2017,12,13,11,30,439,51,484,113,985,981,13,28.240000000000002,0.10200000000000001,0.2,1.962,85.4,63.59,16,740,N/A
2017,12,13,12,30,494,281,739,108,987,969,14,29.41,0.10200000000000001,0.1,2.008,104.4,65.42,16,740,N/A
2017,12,13,13,30,408,358,695,120,938,871,14,36.88,0.10200000000000001,0.1,2.059,134.1,70.89,16,740,N/A
2017,12,13,14,30,356,153,459,113,888,710,14,47.78,0.10200000000000001,0.1,2.113,115.80000000000001,71.31,15,740,N/A
2017,12,13,15,30,86,0,86,96,805,496,14,60.25,0.10200000000000001,0.2,2.158,111.80000000000001,76.47,14,740,N/A
2017,12,13,16,30,43,0,43,69,641,251,15,73.47,0.10200000000000001,0.2,2.185,100.5,82.71000000000001,13,740,N/A
2017,12,13,17,30,5,0,5,20,206,31,15,87.06,0.10200000000000001,0.2,2.204,117.9,96.71000000000001,12,740,N/A
2017,12,13,18,30,0,0,0,0,0,0,15,100.82000000000001,0.10200000000000001,0.2,2.239,130.3,95.09,11,740,N/A
2017,12,13,19,30,0,0,0,0,0,0,15,114.58,0.10200000000000001,0.4,2.299,134.70000000000002,100,11,740,N/A
2017,12,13,20,30,0,0,0,0,0,0,14,128.17000000000002,0.10200000000000001,0.5,2.375,134.8,99.9,11,740,N/A
2017,12,13,21,30,0,0,0,0,0,0,14,141.27,0.10200000000000001,0.6000000000000001,2.45,136,98.88,11,740,N/A
2017,12,13,22,30,0,0,0,0,0,0,14,153.04,0.10200000000000001,0.6000000000000001,2.504,138.3,97.56,10,740,N/A
2017,12,13,23,30,0,0,0,0,0,0,14,160.72,0.10200000000000001,0.5,2.52,137.70000000000002,96.01,10,740,N/A
2017,12,14,0,30,0,0,0,0,0,0,14,159.13,0.10200000000000001,0.4,2.501,137.4,100,10,740,N/A
2017,12,14,1,30,0,0,0,0,0,0,13,149.69,0.10200000000000001,0.4,2.452,136.4,99.14,10,740,N/A
2017,12,14,2,30,0,0,0,0,0,0,13,137.36,0.10200000000000001,0.4,2.382,130.9,97.59,10,740,N/A
2017,12,14,3,30,0,0,0,0,0,0,13,124.06,0.10200000000000001,0.5,2.291,118.5,95.76,9,740,N/A
2017,12,14,4,30,0,0,0,0,0,0,12,110.39,0.10200000000000001,0.6000000000000001,2.172,104.5,99.46000000000001,9,740,N/A
2017,12,14,5,30,0,0,0,0,0,0,12,96.62,0.10200000000000001,0.7000000000000001,2.033,94.60000000000001,96.11,9,740,N/A
2017,12,14,6,30,29,530,95,29,530,95,12,82.9,0.10200000000000001,1.1,1.8920000000000001,85,90.31,9,740,N/A
2017,12,14,7,30,51,837,346,51,837,346,12,69.4,0.10200000000000001,1.7000000000000002,1.7710000000000001,83.10000000000001,86.03,11,740,N/A
2017,12,14,8,30,239,40,262,62,953,590,12,56.36,0.10200000000000001,2.1,1.676,84.7,75.19,13,740,N/A
2017,12,14,9,30,173,13,182,68,1013,794,12,44.26,0.10200000000000001,2.2,1.596,92.5,65.44,14,740,N/A
2017,12,14,10,30,72,1044,937,72,1044,937,12,34.160000000000004,0.10200000000000001,2.3000000000000003,1.522,101,62.160000000000004,15,740,N/A
2017,12,14,11,30,73,1059,1006,73,1059,1006,12,28.32,0.10200000000000001,2.4000000000000004,1.459,107.2,59.24,16,740,N/A
2017,12,14,12,30,449,278,692,72,1059,996,12,29.42,0.10200000000000001,2.5,1.416,110.7,56.04,17,740,N/A
2017,12,14,13,30,445,148,564,73,1041,906,12,36.85,0.10200000000000001,2.4000000000000004,1.389,112.2,58.84,17,740,N/A
2017,12,14,14,30,68,1005,745,68,1005,745,12,47.71,0.10200000000000001,2.3000000000000003,1.377,112.2,57.63,16,740,N/A
2017,12,14,15,30,60,937,526,60,937,526,12,60.17,0.10200000000000001,2,1.3940000000000001,111,60.79,15,740,N/A
2017,12,14,16,30,47,789,273,47,789,273,12,73.38,0.10200000000000001,1.4000000000000001,1.452,108.4,70.47,14,740,N/A
2017,12,14,17,30,18,331,35,18,331,35,13,86.96000000000001,0.10200000000000001,0.7000000000000001,1.528,103,85.14,12,740,N/A
2017,12,14,18,30,0,0,0,0,0,0,12,100.71000000000001,0.10200000000000001,0.5,1.608,87.30000000000001,91.12,10,740,N/A
2017,12,14,19,30,0,0,0,0,0,0,12,114.46000000000001,0.10200000000000001,0.4,1.688,74.9,94.91,9,740,N/A
2017,12,14,20,30,0,0,0,0,0,0,11,128.05,0.10200000000000001,0.4,1.7650000000000001,70.8,92.4,8,740,N/A
2017,12,14,21,30,0,0,0,0,0,0,11,141.15,0.10200000000000001,0.4,1.83,70.8,94.82000000000001,8,740,N/A
2017,12,14,22,30,0,0,0,0,0,0,10,152.92000000000002,0.10200000000000001,0.4,1.881,68.7,91.36,8,740,N/A
2017,12,14,23,30,0,0,0,0,0,0,10,160.64000000000001,0.10200000000000001,0.5,1.928,68.5,89.46000000000001,8,740,N/A
2017,12,15,0,30,0,0,0,0,0,0,10,159.13,0.10200000000000001,0.6000000000000001,1.985,72.7,89.79,8,740,N/A
2017,12,15,1,30,0,0,0,0,0,0,10,149.75,0.10200000000000001,0.6000000000000001,2.054,83.80000000000001,92.17,8,740,N/A
2017,12,15,2,30,0,0,0,0,0,0,11,137.45000000000002,0.10200000000000001,0.6000000000000001,2.1270000000000002,90.5,94.67,8,740,N/A
2017,12,15,3,30,0,0,0,0,0,0,11,124.16,0.10200000000000001,0.6000000000000001,2.192,93.60000000000001,96.51,8,740,N/A
2017,12,15,4,30,0,0,0,0,0,0,11,110.5,0.10200000000000001,0.6000000000000001,2.24,96.30000000000001,90.8,8,740,N/A
2017,12,15,5,30,0,0,0,0,0,0,11,96.74000000000001,0.10200000000000001,0.6000000000000001,2.267,96.7,90.17,8,740,N/A
2017,12,15,6,30,33,460,89,33,460,89,11,83.02,0.10200000000000001,1,2.2720000000000002,97.4,87.43,10,740,N/A
2017,12,15,7,30,58,789,334,58,789,334,12,69.52,0.10200000000000001,1.8,2.262,98.5,80.3,12,740,N/A
2017,12,15,8,30,176,11,182,70,916,575,12,56.49,0.10200000000000001,2.2,2.248,93.2,76.14,13,740,N/A
2017,12,15,9,30,312,35,338,77,977,776,13,44.38,0.10200000000000001,2.3000000000000003,2.24,95.60000000000001,68.44,14,740,N/A
2017,12,15,10,30,425,358,721,89,997,913,13,34.27,0.10200000000000001,2.4000000000000004,2.243,100.5,65.95,15,740,N/A
2017,12,15,11,30,89,1012,980,89,1012,980,13,28.39,0.10200000000000001,2.5,2.2640000000000002,105.80000000000001,63.370000000000005,16,740,N/A
2017,12,15,12,30,89,1010,968,89,1010,968,14,29.43,0.10200000000000001,2.6,2.307,109.60000000000001,64.71000000000001,17,740,N/A
2017,12,15,13,30,430,307,676,91,981,877,14,36.81,0.10200000000000001,2.7,2.364,112,65.38,16,740,N/A
2017,12,15,14,30,330,264,509,85,940,718,14,47.64,0.10200000000000001,2.7,2.418,113.60000000000001,69.99,15,740,N/A
2017,12,15,15,30,74,863,505,74,863,505,14,60.08,0.10200000000000001,2.4000000000000004,2.458,113,74.68,14,740,N/A
2017,12,15,16,30,57,701,259,57,701,259,14,73.28,0.10200000000000001,1.9000000000000001,2.477,111.30000000000001,80.41,13,740,N/A
2017,12,15,17,30,20,246,33,20,246,33,14,86.86,0.10200000000000001,1.2000000000000002,2.475,108.80000000000001,93.41,12,740,N/A
2017,12,15,18,30,0,0,0,0,0,0,14,100.60000000000001,0.10200000000000001,0.8,2.468,106,91.36,11,740,N/A
2017,12,15,19,30,0,0,0,0,0,0,14,114.35000000000001,0.10200000000000001,0.7000000000000001,2.462,103.30000000000001,95.5,11,740,N/A
2017,12,15,20,30,0,0,0,0,0,0,14,127.93,0.10200000000000001,0.6000000000000001,2.455,98.30000000000001,93.85000000000001,10,740,N/A
2017,12,15,21,30,0,0,0,0,0,0,13,141.03,0.10200000000000001,0.6000000000000001,2.437,95.4,98.99000000000001,10,740,N/A
2017,12,15,22,30,0,0,0,0,0,0,13,152.8,0.10200000000000001,0.6000000000000001,2.399,91.7,97.17,10,740,N/A
2017,12,15,23,30,0,0,0,0,0,0,13,160.56,0.10200000000000001,0.6000000000000001,2.339,89.2,94.82000000000001,9,740,N/A
2017,12,16,0,30,0,0,0,0,0,0,12,159.14000000000001,0.10200000000000001,0.6000000000000001,2.259,88.7,98.8,9,740,N/A
2017,12,16,1,30,0,0,0,0,0,0,12,149.82,0.10200000000000001,0.6000000000000001,2.169,87,97.01,9,740,N/A
2017,12,16,2,30,0,0,0,0,0,0,12,137.54,0.10200000000000001,0.6000000000000001,2.077,85,95.37,8,740,N/A
2017,12,16,3,30,0,0,0,0,0,0,11,124.26,0.10200000000000001,0.6000000000000001,1.99,79.9,100,8,740,N/A
2017,12,16,4,30,0,0,0,0,0,0,11,110.61,0.10200000000000001,0.6000000000000001,1.9160000000000001,76.7,98.38,8,740,N/A
2017,12,16,5,30,0,0,0,0,0,0,11,96.85000000000001,0.10200000000000001,0.7000000000000001,1.851,74.3,96.87,8,740,N/A
2017,12,16,6,30,30,513,91,30,513,91,12,83.14,0.10200000000000001,1.2000000000000002,1.798,80.5,88.66,10,740,N/A
2017,12,16,7,30,53,826,341,53,826,341,12,69.64,0.10200000000000001,1.8,1.7710000000000001,90.4,77.25,12,740,N/A
2017,12,16,8,30,65,943,584,65,943,584,13,56.61,0.10200000000000001,2,1.7750000000000001,93.30000000000001,73.5,14,740,N/A
2017,12,16,9,30,382,138,481,73,999,786,13,44.5,0.10200000000000001,2,1.801,97.7,70.2,15,740,N/A
2017,12,16,10,30,421,63,473,105,982,916,13,34.37,0.10200000000000001,2,1.839,102.7,68.04,16,740,N/A
2017,12,16,11,30,158,12,169,105,1000,984,14,28.46,0.10200000000000001,1.9000000000000001,1.8840000000000001,107.4,65.71000000000001,17,740,N/A
2017,12,16,12,30,448,61,502,101,1001,974,14,29.44,0.10200000000000001,1.8,1.929,110.9,62.83,17,740,N/A
2017,12,16,13,30,399,57,446,100,977,883,14,36.76,0.10200000000000001,1.7000000000000002,1.963,113.60000000000001,67.3,17,740,N/A
2017,12,16,14,30,338,330,562,90,943,726,14,47.57,0.10200000000000001,1.5,1.972,115.30000000000001,67.23,16,740,N/A
2017,12,16,15,30,21,0,21,76,873,513,14,59.99,0.10200000000000001,1.2000000000000002,1.96,115.2,71.56,16,740,N/A
2017,12,16,16,30,59,714,265,59,714,265,14,73.18,0.10200000000000001,1,1.944,110.30000000000001,76.61,15,740,N/A
2017,12,16,17,30,21,247,35,21,247,35,15,86.75,0.10200000000000001,0.7000000000000001,1.934,108.80000000000001,89.63,13,740,N/A
2017,12,16,18,30,0,0,0,0,0,0,15,100.49000000000001,0.10200000000000001,0.6000000000000001,1.941,110.7,93.95,12,740,N/A
2017,12,16,19,30,0,0,0,0,0,0,14,114.23,0.10200000000000001,0.6000000000000001,1.959,110.80000000000001,93.06,11,740,N/A
2017,12,16,20,30,0,0,0,0,0,0,14,127.82000000000001,0.10200000000000001,0.6000000000000001,1.973,111.10000000000001,98.59,11,740,N/A
2017,12,16,21,30,0,0,0,0,0,0,14,140.91,0.10200000000000001,0.6000000000000001,1.963,109.5,97.93,11,740,N/A
2017,12,16,22,30,0,0,0,0,0,0,14,152.69,0.10200000000000001,0.5,1.92,108.2,96.56,10,740,N/A
2017,12,16,23,30,0,0,0,0,0,0,14,160.49,0.10200000000000001,0.5,1.849,109.2,100,10,740,N/A
2017,12,17,0,30,0,0,0,0,0,0,13,159.16,0.10200000000000001,0.5,1.752,108.5,99.05,10,740,N/A
2017,12,17,1,30,0,0,0,0,0,0,13,149.89000000000001,0.10200000000000001,0.5,1.6340000000000001,102.10000000000001,96.97,9,740,N/A
2017,12,17,2,30,0,0,0,0,0,0,13,137.63,0.10200000000000001,0.5,1.504,90.7,100,9,740,N/A
2017,12,17,3,30,0,0,0,0,0,0,12,124.36,0.10200000000000001,0.5,1.3760000000000001,79.30000000000001,96.96000000000001,8,740,N/A
2017,12,17,4,30,0,0,0,0,0,0,11,110.72,0.10200000000000001,0.5,1.2690000000000001,70.60000000000001,99.51,8,740,N/A
2017,12,17,5,30,0,0,0,0,0,0,11,96.96000000000001,0.10200000000000001,0.5,1.187,66,95.64,8,740,N/A
2017,12,17,6,30,29,550,93,29,550,93,11,83.25,0.10200000000000001,0.9,1.1280000000000001,69.7,84.61,9,740,N/A
2017,12,17,7,30,50,863,349,50,863,349,11,69.76,0.10200000000000001,1.5,1.097,77,76.45,12,740,N/A
2017,12,17,8,30,60,978,597,60,978,597,10,56.72,0.10200000000000001,1.9000000000000001,1.095,84.30000000000001,63.18,14,740,N/A
2017,12,17,9,30,66,1033,802,66,1033,802,10,44.61,0.10200000000000001,2,1.112,89.7,54.76,15,740,N/A
2017,12,17,10,30,72,1058,945,72,1058,945,11,34.47,0.10200000000000001,2.1,1.1420000000000001,96.2,52.800000000000004,16,740,N/A
2017,12,17,11,30,73,1069,1013,73,1069,1013,11,28.52,0.10200000000000001,2.2,1.188,102.30000000000001,54.76,17,740,N/A
2017,12,17,12,30,74,1065,1001,74,1065,1001,12,29.43,0.10200000000000001,2.3000000000000003,1.242,106,53.29,17,740,N/A
2017,12,17,13,30,75,1041,910,75,1041,910,12,36.71,0.10200000000000001,2.3000000000000003,1.294,108.5,54.65,17,740,N/A
2017,12,17,14,30,72,1001,749,72,1001,749,12,47.49,0.10200000000000001,2.3000000000000003,1.332,109.5,58.92,17,740,N/A
2017,12,17,15,30,65,928,531,65,928,531,12,59.9,0.10200000000000001,2.1,1.351,109.4,63.620000000000005,16,740,N/A
2017,12,17,16,30,51,777,278,51,777,278,13,73.08,0.10200000000000001,1.6,1.349,107.7,74.32000000000001,14,740,N/A
2017,12,17,17,30,20,320,39,20,320,39,14,86.64,0.10200000000000001,1,1.329,104.4,88.16,12,740,N/A
2017,12,17,18,30,0,0,0,0,0,0,13,100.37,0.10200000000000001,0.7000000000000001,1.301,102.2,90.08,11,740,N/A
2017,12,17,19,30,0,0,0,0,0,0,13,114.12,0.10200000000000001,0.6000000000000001,1.266,97.10000000000001,94.7,10,740,N/A
2017,12,17,20,30,0,0,0,0,0,0,12,127.7,0.10200000000000001,0.6000000000000001,1.22,92.4,98.93,9,740,N/A
2017,12,17,21,30,0,0,0,0,0,0,12,140.8,0.10200000000000001,0.6000000000000001,1.161,87.7,95.89,8,740,N/A
2017,12,17,22,30,0,0,0,0,0,0,11,152.59,0.10200000000000001,0.6000000000000001,1.097,80.10000000000001,98.55,7,740,N/A
2017,12,17,23,30,0,0,0,0,0,0,11,160.43,0.10200000000000001,0.6000000000000001,1.037,73.8,100,7,740,N/A
2017,12,18,0,30,0,0,0,0,0,0,9,159.18,0.10200000000000001,0.6000000000000001,0.99,66.8,100,6,740,N/A
2017,12,18,1,30,0,0,0,0,0,0,9,149.96,0.10200000000000001,0.7000000000000001,0.9560000000000001,62.300000000000004,99.03,5,740,N/A
2017,12,18,2,30,0,0,0,0,0,0,9,137.73,0.10200000000000001,0.7000000000000001,0.934,63.1,100,5,740,N/A
2017,12,18,3,30,0,0,0,0,0,0,8,124.47,0.10200000000000001,0.7000000000000001,0.927,67,94.93,5,740,N/A
2017,12,18,4,30,0,0,0,0,0,0,7,110.83,0.10200000000000001,0.7000000000000001,0.933,68.8,90.92,4,740,N/A
2017,12,18,5,30,0,0,0,0,0,0,7,97.07000000000001,0.10200000000000001,0.7000000000000001,0.9460000000000001,68.7,88.24,5,740,N/A
2017,12,18,6,30,25,599,95,25,599,95,7,83.37,0.10200000000000001,1,0.963,72.8,76.28,8,740,N/A
2017,12,18,7,30,43,894,351,43,894,351,8,69.88,0.10200000000000001,1.6,0.99,73.9,66.33,11,740,N/A
2017,12,18,8,30,52,998,598,52,998,598,8,56.84,0.10200000000000001,1.9000000000000001,1.034,81.4,55.24,14,740,N/A
2017,12,18,9,30,58,1047,802,58,1047,802,9,44.72,0.10200000000000001,2.1,1.096,93.10000000000001,54.78,15,740,N/A
2017,12,18,10,30,63,1069,944,63,1069,944,10,34.56,0.10200000000000001,2.2,1.164,102,54.49,16,740,N/A
2017,12,18,11,30,66,1077,1012,66,1077,1012,11,28.57,0.10200000000000001,2.3000000000000003,1.226,106.2,53.76,17,740,N/A
2017,12,18,12,30,66,1073,1001,66,1073,1001,11,29.42,0.10200000000000001,2.2,1.2790000000000001,106.80000000000001,52.43,17,740,N/A
2017,12,18,13,30,65,1056,913,65,1056,913,12,36.65,0.10200000000000001,2,1.319,105.4,53.660000000000004,17,740,N/A
2017,12,18,14,30,61,1022,753,61,1022,753,12,47.410000000000004,0.10200000000000001,1.8,1.344,102.5,57.63,17,740,N/A
2017,12,18,15,30,55,958,537,55,958,537,12,59.800000000000004,0.10200000000000001,1.5,1.357,99.9,61.64,16,740,N/A
2017,12,18,16,30,44,822,285,44,822,285,12,72.98,0.10200000000000001,1,1.354,97.2,71.82000000000001,14,740,N/A
2017,12,18,17,30,18,397,42,18,397,42,13,86.53,0.10200000000000001,0.6000000000000001,1.335,93.9,86.98,12,740,N/A
2017,12,18,18,30,0,0,0,0,0,0,12,100.26,0.10200000000000001,0.5,1.303,73.8,87.7,10,740,N/A
2017,12,18,19,30,0,0,0,0,0,0,12,114,0.101,0.5,1.2690000000000001,60.6,91.18,9,740,N/A
2017,12,18,20,30,0,0,0,0,0,0,12,127.58,0.101,0.4,1.241,62,94.96000000000001,9,740,N/A
2017,12,18,21,30,0,0,0,0,0,0,11,140.68,0.101,0.4,1.22,56.1,91.88,8,740,N/A
2017,12,18,22,30,0,0,0,0,0,0,11,152.49,0.101,0.30000000000000004,1.198,54.5,94.83,8,740,N/A
2017,12,18,23,30,0,0,0,0,0,0,10,160.37,0.101,0.30000000000000004,1.167,55.400000000000006,91.53,7,740,N/A
2017,12,19,0,30,0,0,0,0,0,0,10,159.21,0.101,0.30000000000000004,1.129,40.400000000000006,94.56,7,740,N/A
2017,12,19,1,30,0,0,0,0,0,0,9,150.04,0.101,0.4,1.092,25.8,91.25,6,740,N/A
2017,12,19,2,30,0,0,0,0,0,0,9,137.82,0.101,0.4,1.06,22.6,93.84,6,740,N/A
2017,12,19,3,30,0,0,0,0,0,0,8,124.57000000000001,0.101,0.5,1.041,28.400000000000002,89.99,6,740,N/A
2017,12,19,4,30,0,0,0,0,0,0,7,110.94,0.101,0.6000000000000001,1.035,36.6,85.74,5,740,N/A
2017,12,19,5,30,0,0,0,0,0,0,7,97.19,0.101,0.5,1.029,41.900000000000006,81.82000000000001,5,740,N/A
2017,12,19,6,30,28,549,90,28,549,90,7,83.48,0.101,0.7000000000000001,1.024,45.900000000000006,75.10000000000001,8,740,N/A
2017,12,19,7,30,50,864,345,50,864,345,9,69.99,0.101,1.3,1.032,85.5,67.73,11,740,N/A
2017,12,19,8,30,61,976,594,61,976,594,9,56.95,0.101,1.8,1.058,91.10000000000001,56.59,13,740,N/A
2017,12,19,9,30,68,1031,799,68,1031,799,9,44.82,0.101,2,1.087,94,55.660000000000004,15,740,N/A
2017,12,19,10,30,75,1054,943,75,1054,943,10,34.64,0.101,2.1,1.116,97.7,54.65,16,740,N/A
2017,12,19,11,30,76,1066,1012,76,1066,1012,11,28.61,0.101,2.2,1.156,100.10000000000001,53.07,17,740,N/A
2017,12,19,12,30,403,37,436,76,1063,1002,11,29.400000000000002,0.101,2.3000000000000003,1.207,100.5,51.2,17,740,N/A
2017,12,19,13,30,439,112,529,77,1041,913,11,36.59,0.101,2.3000000000000003,1.2610000000000001,100.5,55.51,17,740,N/A
2017,12,19,14,30,320,53,357,72,1003,752,12,47.32,0.101,2.2,1.31,100.60000000000001,56.42,16,740,N/A
2017,12,19,15,30,220,48,244,64,933,535,12,59.7,0.101,2,1.35,100.80000000000001,61.01,15,740,N/A
2017,12,19,16,30,52,781,282,52,781,282,12,72.87,0.101,1.4000000000000001,1.3820000000000001,101.7,71.75,14,740,N/A
2017,12,19,17,30,22,323,42,22,323,42,13,86.42,0.101,0.8,1.41,103.80000000000001,86.61,12,740,N/A
2017,12,19,18,30,0,0,0,0,0,0,12,100.15,0.101,0.7000000000000001,1.436,103.2,93.66,10,740,N/A
2017,12,19,19,30,0,0,0,0,0,0,12,113.89,0.101,0.7000000000000001,1.464,95.80000000000001,92.05,9,740,N/A
2017,12,19,20,30,0,0,0,0,0,0,12,127.47,0.101,0.6000000000000001,1.492,93.30000000000001,97.06,9,740,N/A
2017,12,19,21,30,0,0,0,0,0,0,12,140.57,0.101,0.6000000000000001,1.5150000000000001,92.2,94.99,8,740,N/A
2017,12,19,22,30,0,0,0,0,0,0,11,152.39000000000001,0.101,0.6000000000000001,1.5290000000000001,86.5,98.78,8,740,N/A
2017,12,19,23,30,0,0,0,0,0,0,11,160.32,0.101,0.6000000000000001,1.534,81.30000000000001,96.16,7,740,N/A
2017,12,20,0,30,0,0,0,0,0,0,10,159.25,0.101,0.5,1.526,73.4,99.68,7,740,N/A
2017,12,20,1,30,0,0,0,0,0,0,10,150.13,0.101,0.5,1.506,65,96.77,6,740,N/A
2017,12,20,2,30,0,0,0,0,0,0,9,137.92000000000002,0.101,0.5,1.474,61.2,100,6,740,N/A
2017,12,20,3,30,0,0,0,0,0,0,9,124.68,0.101,0.5,1.436,58.300000000000004,97.39,6,740,N/A
2017,12,20,4,30,0,0,0,0,0,0,9,111.05,0.101,0.5,1.399,53.5,93.55,6,740,N/A
2017,12,20,5,30,0,0,0,0,0,0,8,97.3,0.101,0.6000000000000001,1.363,56.800000000000004,89.38,6,740,N/A
2017,12,20,6,30,28,531,87,28,531,87,8,83.60000000000001,0.101,0.9,1.334,64.60000000000001,81.12,8,740,N/A
2017,12,20,7,30,50,851,339,50,851,339,9,70.10000000000001,0.101,1.6,1.315,86.4,69.97,11,740,N/A
2017,12,20,8,30,61,967,587,61,967,587,9,57.06,0.101,1.9000000000000001,1.308,88.9,58.08,13,740,N/A
2017,12,20,9,30,369,99,439,67,1024,792,10,44.93,0.101,2,1.312,94.2,56.95,15,740,N/A
2017,12,20,10,30,440,87,512,72,1051,936,10,34.730000000000004,0.101,2,1.325,99.7,56.14,16,740,N/A
2017,12,20,11,30,75,1062,1007,75,1062,1007,11,28.64,0.101,1.9000000000000001,1.349,104.30000000000001,54.85,17,740,N/A
2017,12,20,12,30,453,366,773,76,1058,998,12,29.38,0.101,1.8,1.385,107.80000000000001,53.18,17,740,N/A
2017,12,20,13,30,350,32,376,87,1018,906,12,36.52,0.101,1.6,1.428,109.9,54.38,17,740,N/A
2017,12,20,14,30,362,167,476,84,974,746,12,47.230000000000004,0.101,1.4000000000000001,1.473,111.30000000000001,58.64,17,740,N/A
2017,12,20,15,30,246,194,344,75,897,529,12,59.6,0.101,1.2000000000000002,1.52,112.30000000000001,63.03,16,740,N/A
2017,12,20,16,30,129,172,180,60,731,277,13,72.76,0.101,0.9,1.57,112.10000000000001,69.2,14,740,N/A
2017,12,20,17,30,23,51,26,24,257,41,14,86.31,0.101,0.6000000000000001,1.609,112.60000000000001,83.32000000000001,12,740,N/A
2017,12,20,18,30,0,0,0,0,0,0,13,100.04,0.101,0.5,1.635,111.60000000000001,92.10000000000001,11,740,N/A
2017,12,20,19,30,0,0,0,0,0,0,13,113.78,0.101,0.5,1.649,101.10000000000001,91.36,10,740,N/A
2017,12,20,20,30,0,0,0,0,0,0,13,127.36,0.101,0.5,1.6500000000000001,101.80000000000001,96.52,10,740,N/A
2017,12,20,21,30,0,0,0,0,0,0,13,140.47,0.101,0.5,1.6380000000000001,100.9,95.41,9,740,N/A
2017,12,20,22,30,0,0,0,0,0,0,13,152.3,0.101,0.5,1.617,95.9,100,9,740,N/A
2017,12,20,23,30,0,0,0,0,0,0,12,160.28,0.101,0.6000000000000001,1.601,93,98.32000000000001,9,740,N/A
2017,12,21,0,30,0,0,0,0,0,0,12,159.29,0.101,0.6000000000000001,1.594,87.5,96.64,8,740,N/A
2017,12,21,1,30,0,0,0,0,0,0,11,150.22,0.101,0.6000000000000001,1.599,80,100,8,740,N/A
2017,12,21,2,30,0,0,0,0,0,0,11,138.03,0.101,0.6000000000000001,1.618,75.7,99.57000000000001,8,740,N/A
2017,12,21,3,30,0,0,0,0,0,0,11,124.79,0.101,0.6000000000000001,1.641,70.60000000000001,97.95,7,740,N/A
2017,12,21,4,30,0,0,0,0,0,0,11,111.16,0.101,0.6000000000000001,1.6440000000000001,62.6,100,7,740,N/A
2017,12,21,5,30,0,0,0,0,0,0,11,97.42,0.101,0.6000000000000001,1.624,58.300000000000004,100,7,740,N/A
2017,12,21,6,30,33,427,80,33,427,80,11,83.71000000000001,0.101,1.1,1.607,67.4,88.17,8,740,N/A
2017,12,21,7,30,59,795,328,59,795,328,11,70.22,0.101,1.8,1.607,84,74.01,11,740,N/A
2017,12,21,8,30,69,934,575,69,934,575,11,57.17,0.101,2.2,1.614,90.30000000000001,68.79,13,740,N/A
2017,12,21,9,30,74,1001,782,74,1001,782,11,45.02,0.101,2.3000000000000003,1.624,97,62.050000000000004,15,740,N/A
2017,12,21,10,30,90,1012,922,90,1012,922,12,34.800000000000004,0.101,2.3000000000000003,1.649,102.5,60.51,16,740,N/A
2017,12,21,11,30,408,52,454,91,1028,993,12,28.67,0.101,2.2,1.706,105.80000000000001,59.36,17,740,N/A
2017,12,21,12,30,482,100,569,90,1024,983,13,29.35,0.101,1.8,1.798,107.4,58.06,17,740,N/A
2017,12,21,13,30,278,20,294,103,976,889,13,36.44,0.101,1.4000000000000001,1.8940000000000001,107.7,63.050000000000004,17,740,N/A
2017,12,21,14,30,194,13,203,97,931,731,13,47.13,0.101,1.1,1.971,109.4,63.89,16,740,N/A
2017,12,21,15,30,232,68,266,84,855,518,14,59.49,0.101,1,2.028,110.7,68.86,15,740,N/A
2017,12,21,16,30,67,681,270,67,681,270,14,72.65,0.101,0.9,2.068,107.10000000000001,79.78,14,740,N/A
2017,12,21,17,30,26,220,40,26,220,40,15,86.2,0.101,0.6000000000000001,2.099,102.80000000000001,88.24,12,740,N/A
2017,12,21,18,30,0,0,0,0,0,0,14,99.92,0.101,0.4,2.1270000000000002,95.30000000000001,93.64,11,740,N/A
2017,12,21,19,30,0,0,0,0,0,0,14,113.66,0.101,0.4,2.149,97.30000000000001,99.12,11,740,N/A
2017,12,21,20,30,0,0,0,0,0,0,14,127.25,0.101,0.5,2.1550000000000002,102.60000000000001,98.26,11,740,N/A
2017,12,21,21,30,0,0,0,0,0,0,14,140.36,0.101,0.6000000000000001,2.145,103,97.27,10,740,N/A
2017,12,21,22,30,0,0,0,0,0,0,14,152.21,0.101,0.7000000000000001,2.12,101.2,100,10,740,N/A
2017,12,21,23,30,0,0,0,0,0,0,13,160.24,0.101,0.7000000000000001,2.082,98.5,99.96000000000001,10,740,N/A
2017,12,22,0,30,0,0,0,0,0,0,13,159.34,0.101,0.7000000000000001,2.041,93.7,97.99000000000001,10,740,N/A
2017,12,22,1,30,0,0,0,0,0,0,13,150.31,0.101,0.7000000000000001,2.011,87,96.46000000000001,9,740,N/A
2017,12,22,2,30,0,0,0,0,0,0,13,138.14000000000001,0.101,0.6000000000000001,1.993,78.7,95.3,9,740,N/A
2017,12,22,3,30,0,0,0,0,0,0,13,124.9,0.101,0.6000000000000001,1.973,71.9,100,9,740,N/A
2017,12,22,4,30,0,0,0,0,0,0,12,111.28,0.101,0.6000000000000001,1.944,70.7,98.95,9,740,N/A
2017,12,22,5,30,0,0,0,0,0,0,12,97.53,0.101,0.6000000000000001,1.905,72.7,96.12,9,740,N/A
2017,12,22,6,30,29,474,80,29,474,80,12,83.82000000000001,0.101,1.1,1.863,77.60000000000001,91.99,10,740,N/A
2017,12,22,7,30,54,809,327,54,809,327,13,70.32000000000001,0.101,1.8,1.825,83.4,83.75,12,740,N/A
2017,12,22,8,30,270,155,354,66,935,572,13,57.27,0.101,2.2,1.795,88.60000000000001,74.24,13,740,N/A
2017,12,22,9,30,370,281,568,74,996,777,13,45.11,0.101,2.3000000000000003,1.776,94.7,69.17,14,740,N/A
2017,12,22,10,30,456,250,661,92,1006,917,13,34.87,0.101,2.3000000000000003,1.7730000000000001,100.10000000000001,65.58,15,740,N/A
2017,12,22,11,30,93,1022,990,93,1022,990,13,28.69,0.101,2.2,1.786,104,62.86,16,740,N/A
2017,12,22,12,30,93,1020,983,93,1020,983,13,29.310000000000002,0.101,2.1,1.807,107.7,63.910000000000004,17,740,N/A
2017,12,22,13,30,101,983,893,101,983,893,14,36.36,0.101,2,1.833,110.9,64.49,17,740,N/A
2017,12,22,14,30,94,943,736,94,943,736,14,47.03,0.101,1.8,1.865,113.2,64.91,16,740,N/A
2017,12,22,15,30,83,863,523,83,863,523,14,59.39,0.101,1.5,1.8960000000000001,115.5,69.59,15,740,N/A
2017,12,22,16,30,67,691,274,67,691,274,14,72.54,0.101,1.1,1.92,113.80000000000001,75.4,14,740,N/A
2017,12,22,17,30,26,230,42,26,230,42,15,86.08,0.101,0.7000000000000001,1.94,107.9,89,12,740,N/A
2017,12,22,18,30,0,0,0,0,0,0,15,99.81,0.101,0.4,1.963,101.10000000000001,93.97,12,740,N/A
2017,12,22,19,30,0,0,0,0,0,0,14,113.55,0.101,0.4,1.992,101.10000000000001,93.21000000000001,11,740,N/A
2017,12,22,20,30,0,0,0,0,0,0,14,127.14,0.101,0.5,2.024,105.60000000000001,98.43,11,740,N/A
2017,12,22,21,30,0,0,0,0,0,0,14,140.26,0.101,0.5,2.069,111,97.47,11,740,N/A
2017,12,22,22,30,0,0,0,0,0,0,14,152.12,0.101,0.5,2.136,116,96.83,10,740,N/A
2017,12,22,23,30,0,0,0,0,0,0,14,160.21,0.101,0.5,2.221,119.2,95.88,10,740,N/A
2017,12,23,0,30,0,0,0,0,0,0,14,159.4,0.101,0.5,2.311,123.4,95.01,10,740,N/A
2017,12,23,1,30,0,0,0,0,0,0,14,150.41,0.101,0.5,2.395,123.9,100,10,740,N/A
2017,12,23,2,30,0,0,0,0,0,0,14,138.25,0.101,0.5,2.457,119.9,100,10,740,N/A
2017,12,23,3,30,0,0,0,0,0,0,13,125.02,0.101,0.5,2.48,114.2,98.89,10,740,N/A
2017,12,23,4,30,0,0,0,0,0,0,13,111.39,0.101,0.6000000000000001,2.462,105.2,97.09,9,740,N/A
2017,12,23,5,30,0,0,0,0,0,0,13,97.64,0.101,0.6000000000000001,2.4210000000000003,93.60000000000001,94.73,9,740,N/A
2017,12,23,6,30,26,486,77,26,486,77,13,83.93,0.101,0.9,2.365,76.10000000000001,94.94,10,740,N/A
2017,12,23,7,30,48,819,322,48,819,322,13,70.43,0.101,1.3,2.2960000000000003,72.8,89.8,11,740,N/A
2017,12,23,8,30,58,941,566,58,941,566,13,57.370000000000005,0.101,1.6,2.218,75.5,78.96000000000001,13,740,N/A
2017,12,23,9,30,65,1001,771,65,1001,771,13,45.2,0.101,1.7000000000000002,2.146,84.30000000000001,68.98,14,740,N/A
2017,12,23,10,30,420,65,474,92,996,909,13,34.93,0.101,1.8,2.091,91.7,65.56,15,740,N/A
2017,12,23,11,30,502,201,679,93,1014,983,13,28.71,0.101,1.9000000000000001,2.058,95.9,62.63,16,740,N/A
2017,12,23,12,30,484,103,574,91,1015,978,13,29.26,0.101,1.8,2.044,97.60000000000001,63.74,17,740,N/A
2017,12,23,13,30,147,10,155,96,987,891,14,36.27,0.101,1.7000000000000002,2.043,98.10000000000001,64.5,16,740,N/A
2017,12,23,14,30,359,118,440,89,949,737,14,46.93,0.101,1.7000000000000002,2.048,98.4,69.05,16,740,N/A
2017,12,23,15,30,47,0,47,78,876,526,14,59.28,0.101,1.6,2.051,97.2,73.93,15,740,N/A
2017,12,23,16,30,25,0,25,62,717,278,14,72.42,0.101,1.4000000000000001,2.043,96.80000000000001,79.88,14,740,N/A
2017,12,23,17,30,25,279,45,25,279,45,15,85.97,0.101,1,2.02,97.80000000000001,88.47,12,740,N/A
2017,12,23,18,30,0,0,0,0,0,0,14,99.69,0.101,0.8,2.001,96.9,92.47,11,740,N/A
2017,12,23,19,30,0,0,0,0,0,0,14,113.44,0.101,0.7000000000000001,2.016,98.9,97.55,11,740,N/A
2017,12,23,20,30,0,0,0,0,0,0,14,127.03,0.101,0.7000000000000001,2.035,103.9,96.82000000000001,11,740,N/A
2017,12,23,21,30,0,0,0,0,0,0,14,140.16,0.101,0.7000000000000001,2.032,104.60000000000001,96.11,10,740,N/A
2017,12,23,22,30,0,0,0,0,0,0,14,152.05,0.101,0.8,2.024,102.80000000000001,95.22,10,740,N/A
2017,12,23,23,30,0,0,0,0,0,0,14,160.19,0.101,0.7000000000000001,2.032,103.4,100,10,740,N/A
2017,12,24,0,30,0,0,0,0,0,0,14,159.46,0.101,0.7000000000000001,2.041,103.2,100,10,740,N/A
2017,12,24,1,30,0,0,0,0,0,0,13,150.51,0.101,0.7000000000000001,2.035,101.2,99.72,10,740,N/A
2017,12,24,2,30,0,0,0,0,0,0,13,138.36,0.101,0.7000000000000001,2.021,97.80000000000001,98.48,10,740,N/A
2017,12,24,3,30,0,0,0,0,0,0,13,125.13000000000001,0.101,0.7000000000000001,2.007,96.30000000000001,97.13,9,740,N/A
2017,12,24,4,30,0,0,0,0,0,0,13,111.51,0.101,0.7000000000000001,1.979,92.5,100,9,740,N/A
2017,12,24,5,30,0,0,0,0,0,0,12,97.76,0.101,0.8,1.928,84.30000000000001,99.9,9,740,N/A
2017,12,24,6,30,28,470,77,28,470,77,12,84.05,0.101,1.4000000000000001,1.853,77.30000000000001,93.35000000000001,10,740,N/A
2017,12,24,7,30,52,815,324,52,815,324,12,70.54,0.101,2,1.7750000000000001,78.4,81.95,12,740,N/A
2017,12,24,8,30,64,942,571,64,942,571,12,57.47,0.101,2.1,1.724,85.5,71.65,13,740,N/A
2017,12,24,9,30,377,217,530,71,1003,777,12,45.29,0.101,2,1.711,92.60000000000001,67.75,15,740,N/A
2017,12,24,10,30,458,231,647,107,981,911,13,34.99,0.101,1.9000000000000001,1.734,99.10000000000001,65.63,16,740,N/A
2017,12,24,11,30,503,170,652,108,998,984,13,28.72,0.101,1.8,1.78,104,63.49,17,740,N/A
2017,12,24,12,30,473,84,546,106,998,978,13,29.21,0.101,1.7000000000000002,1.837,106.9,64.11,17,740,N/A
2017,12,24,13,30,452,165,585,99,985,894,14,36.18,0.101,1.7000000000000002,1.893,107.30000000000001,64.45,17,740,N/A
2017,12,24,14,30,350,200,487,90,949,740,14,46.82,0.101,1.8,1.941,105.60000000000001,68.45,16,740,N/A
2017,12,24,15,30,22,0,22,78,879,529,13,59.160000000000004,0.101,1.8,1.971,104.2,72.68,15,740,N/A
2017,12,24,16,30,11,0,11,61,728,282,14,72.31,0.101,1.6,1.984,104.5,78.23,14,740,N/A
2017,12,24,17,30,1,0,1,25,294,47,14,85.85000000000001,0.101,1.1,2.016,107.60000000000001,92.01,12,740,N/A
2017,12,24,18,30,0,0,0,0,0,0,14,99.58,0.101,0.7000000000000001,2.08,105.4,96.98,11,740,N/A
2017,12,24,19,30,0,0,0,0,0,0,14,113.33,0.101,0.5,2.138,94.9,96.99000000000001,11,740,N/A
2017,12,24,20,30,0,0,0,0,0,0,14,126.92,0.101,0.5,2.16,90,95.60000000000001,10,740,N/A
2017,12,24,21,30,0,0,0,0,0,0,13,140.06,0.101,0.5,2.156,94,99.92,10,740,N/A
2017,12,24,22,30,0,0,0,0,0,0,13,151.97,0.101,0.5,2.142,99.9,97.71000000000001,10,740,N/A
2017,12,24,23,30,0,0,0,0,0,0,13,160.18,0.101,0.5,2.1270000000000002,104.60000000000001,95.74000000000001,9,740,N/A
2017,12,25,0,30,0,0,0,0,0,0,13,159.53,0.101,0.5,2.123,104.30000000000001,94.41,9,740,N/A
2017,12,25,1,30,0,0,0,0,0,0,12,150.61,0.101,0.5,2.13,106.30000000000001,93.39,9,740,N/A
2017,12,25,2,30,0,0,0,0,0,0,12,138.47,0.101,0.5,2.1270000000000002,105.4,98.65,9,740,N/A
2017,12,25,3,30,0,0,0,0,0,0,12,125.25,0.101,0.5,2.1,98.60000000000001,97.13,9,740,N/A
2017,12,25,4,30,0,0,0,0,0,0,12,111.62,0.101,0.5,2.059,92.10000000000001,95.24,8,740,N/A
2017,12,25,5,30,0,0,0,0,0,0,11,97.87,0.101,0.8,2.021,90.60000000000001,93.02,8,740,N/A
2017,12,25,6,30,29,439,74,29,439,74,12,84.15,0.101,1.4000000000000001,2.001,90.60000000000001,89.32000000000001,10,740,N/A
2017,12,25,7,30,115,453,266,56,788,318,12,70.64,0.101,1.9000000000000001,2.005,91,87.02,11,740,N/A
2017,12,25,8,30,241,58,272,70,916,561,12,57.56,0.101,2,2.021,89,76.82000000000001,13,740,N/A
2017,12,25,9,30,328,60,371,78,980,766,12,45.37,0.101,1.9000000000000001,2.052,92.10000000000001,72.36,14,740,N/A
2017,12,25,10,30,102,978,903,102,978,903,13,35.04,0.101,1.9000000000000001,2.107,99,69.4,15,740,N/A
2017,12,25,11,30,250,18,266,107,989,975,13,28.72,0.101,1.9000000000000001,2.185,107.80000000000001,66.4,16,740,N/A
2017,12,25,12,30,142,9,151,106,987,968,13,29.14,0.101,1.9000000000000001,2.279,114.2,71.42,15,740,N/A
2017,12,25,13,30,47,0,47,109,955,881,13,36.09,0.101,1.7000000000000002,2.361,118.9,76.49,14,740,N/A
2017,12,25,14,30,260,506,608,102,912,728,13,46.71,0.101,1.6,2.415,118.30000000000001,81.42,13,740,N/A
2017,12,25,15,30,241,76,281,88,836,519,13,59.050000000000004,0.101,1.5,2.449,115.5,82.18,12,740,N/A
2017,12,25,16,30,129,66,149,68,678,275,14,72.19,0.101,1.3,2.471,117.2,88.87,11,740,N/A
2017,12,25,17,30,25,1,25,27,268,46,14,85.74,0.101,1,2.477,122.7,96.47,11,740,N/A
2017,12,25,18,30,0,0,0,0,0,0,14,99.47,0.101,0.9,2.466,124.80000000000001,96.63,11,740,N/A
2017,12,25,19,30,0,0,0,0,0,0,14,113.22,0.101,0.9,2.449,121,95.35000000000001,10,740,N/A
2017,12,25,20,30,0,0,0,0,0,0,13,126.82000000000001,0.101,0.8,2.447,111.60000000000001,99.97,10,740,N/A
2017,12,25,21,30,0,0,0,0,0,0,13,139.97,0.101,0.7000000000000001,2.459,101.5,98.08,10,740,N/A
2017,12,25,22,30,0,0,0,0,0,0,13,151.9,0.101,0.5,2.464,93.7,96.68,10,740,N/A
2017,12,25,23,30,0,0,0,0,0,0,13,160.17000000000002,0.101,0.4,2.452,89.10000000000001,95.3,10,740,N/A
2017,12,26,0,30,0,0,0,0,0,0,13,159.61,0.101,0.4,2.426,80.10000000000001,94.10000000000001,9,740,N/A
2017,12,26,1,30,0,0,0,0,0,0,12,150.72,0.101,0.4,2.402,73.8,92.82000000000001,9,740,N/A
2017,12,26,2,30,0,0,0,0,0,0,12,138.59,0.101,0.4,2.3930000000000002,73.8,97.31,9,740,N/A
2017,12,26,3,30,0,0,0,0,0,0,12,125.37,0.101,0.5,2.394,73,95.54,9,740,N/A
2017,12,26,4,30,0,0,0,0,0,0,12,111.74000000000001,0.101,0.5,2.392,65.2,94.03,9,740,N/A
2017,12,26,5,30,0,0,0,0,0,0,11,97.98,0.101,0.5,2.3810000000000002,63.7,93.29,9,740,N/A
2017,12,26,6,30,30,398,69,30,398,69,12,84.26,0.101,0.9,2.363,71.4,95.13,9,740,N/A
2017,12,26,7,30,59,761,310,59,761,310,12,70.74,0.101,1.4000000000000001,2.34,84.9,91.85000000000001,10,740,N/A
2017,12,26,8,30,151,6,155,73,896,553,12,57.660000000000004,0.101,1.7000000000000002,2.318,80.9,81.56,12,740,N/A
2017,12,26,9,30,369,111,447,82,963,758,12,45.44,0.101,1.8,2.306,79.2,72.04,13,740,N/A
2017,12,26,10,30,206,15,219,119,943,891,13,35.09,0.101,1.8,2.313,82.2,68.98,14,740,N/A
2017,12,26,11,30,140,9,148,123,959,964,13,28.71,0.101,1.5,2.343,88.9,66.44,15,740,N/A
2017,12,26,12,30,136,12,147,123,957,959,13,29.080000000000002,0.101,1.2000000000000002,2.388,97.2,67.37,15,740,N/A
2017,12,26,13,30,290,21,307,130,918,873,13,35.980000000000004,0.101,0.9,2.427,105.4,72.26,15,740,N/A
2017,12,26,14,30,129,6,133,122,870,720,14,46.6,0.101,0.8,2.451,115,77.94,14,740,N/A
2017,12,26,15,30,19,0,19,104,791,513,14,58.93,0.101,0.7000000000000001,2.463,120.60000000000001,84.18,13,740,N/A
2017,12,26,16,30,10,0,10,79,624,271,14,72.07000000000001,0.101,0.6000000000000001,2.466,121,91.67,12,740,N/A
2017,12,26,17,30,1,0,1,29,224,46,15,85.62,0.101,0.4,2.467,119,93.92,11,740,N/A
2017,12,26,18,30,0,0,0,0,0,0,14,99.35000000000001,0.101,0.30000000000000004,2.475,118.30000000000001,98.85000000000001,11,740,N/A
2017,12,26,19,30,0,0,0,0,0,0,14,113.11,0.101,0.30000000000000004,2.499,118.7,97.39,11,740,N/A
2017,12,26,20,30,0,0,0,0,0,0,14,126.72,0.101,0.30000000000000004,2.528,127,96.07000000000001,10,740,N/A
2017,12,26,21,30,0,0,0,0,0,0,14,139.88,0.101,0.30000000000000004,2.544,137.70000000000002,94.89,10,740,N/A
2017,12,26,22,30,0,0,0,0,0,0,13,151.84,0.101,0.4,2.543,132,99.64,10,740,N/A
2017,12,26,23,30,0,0,0,0,0,0,13,160.17000000000002,0.101,0.4,2.528,123.30000000000001,97.79,10,740,N/A
2017,12,27,0,30,0,0,0,0,0,0,13,159.69,0.101,0.4,2.501,124.30000000000001,96.33,9,740,N/A
2017,12,27,1,30,0,0,0,0,0,0,13,150.84,0.101,0.4,2.469,127.5,95.22,9,740,N/A
2017,12,27,2,30,0,0,0,0,0,0,13,138.71,0.101,0.4,2.439,128.8,100,9,740,N/A
2017,12,27,3,30,0,0,0,0,0,0,12,125.48,0.101,0.4,2.411,132.20000000000002,98.9,9,740,N/A
2017,12,27,4,30,0,0,0,0,0,0,12,111.85000000000001,0.101,0.4,2.382,132.9,97.79,9,740,N/A
2017,12,27,5,30,0,0,0,0,0,0,12,98.09,0.101,0.5,2.352,133.20000000000002,96.36,9,740,N/A
2017,12,27,6,30,18,0,18,29,397,68,12,84.37,0.101,0.9,2.322,130.4,91.60000000000001,9,740,N/A
2017,12,27,7,30,83,0,83,59,762,309,13,70.84,0.101,1.3,2.29,119.9,88.56,10,740,N/A
2017,12,27,8,30,97,0,97,74,896,552,13,57.74,0.101,1.6,2.258,103.7,84.43,12,740,N/A
2017,12,27,9,30,294,30,316,83,963,758,12,45.51,0.101,1.7000000000000002,2.234,95.5,72.49,13,740,N/A
2017,12,27,10,30,95,987,903,95,987,903,12,35.13,0.101,1.6,2.22,97.10000000000001,67.95,14,740,N/A
2017,12,27,11,30,97,1004,978,97,1004,978,13,28.7,0.101,1.5,2.218,102,68.5,15,740,N/A
2017,12,27,12,30,96,1004,975,96,1004,975,13,29,0.101,1.4000000000000001,2.227,107.4,65.44,16,740,N/A
2017,12,27,13,30,92,990,894,92,990,894,13,35.88,0.101,1.4000000000000001,2.244,114.10000000000001,65.88,15,740,N/A
2017,12,27,14,30,86,950,741,86,950,741,13,46.480000000000004,0.101,1.4000000000000001,2.267,120.7,70.85000000000001,15,740,N/A
2017,12,27,15,30,77,877,531,77,877,531,13,58.81,0.101,1.4000000000000001,2.287,125.4,76.28,14,740,N/A
2017,12,27,16,30,61,725,286,61,725,286,14,71.95,0.101,1.2000000000000002,2.299,127.4,83.31,13,740,N/A
2017,12,27,17,30,26,330,51,26,330,51,14,85.5,0.101,0.8,2.312,123.7,92.09,11,740,N/A
2017,12,27,18,30,0,0,0,0,0,0,14,99.24000000000001,0.101,0.6000000000000001,2.338,120.80000000000001,97.31,11,740,N/A
2017,12,27,19,30,0,0,0,0,0,0,14,113,0.101,0.6000000000000001,2.371,121.30000000000001,96.24000000000001,11,740,N/A
2017,12,27,20,30,0,0,0,0,0,0,14,126.62,0.101,0.7000000000000001,2.411,121.80000000000001,95.58,10,740,N/A
2017,12,27,21,30,0,0,0,0,0,0,14,139.79,0.101,0.8,2.452,121.5,94.85000000000001,10,740,N/A
2017,12,27,22,30,0,0,0,0,0,0,14,151.78,0.101,1,2.479,122.5,94.35000000000001,10,740,N/A
2017,12,27,23,30,0,0,0,0,0,0,14,160.17000000000002,0.101,1.1,2.482,119.2,94.13,10,740,N/A
2017,12,28,0,30,0,0,0,0,0,0,13,159.78,0.101,1.1,2.462,111.7,93.3,10,740,N/A
2017,12,28,1,30,0,0,0,0,0,0,13,150.96,0.101,1.1,2.423,104.4,98.36,10,740,N/A
2017,12,28,2,30,0,0,0,0,0,0,13,138.83,0.101,1.1,2.382,98,96.09,9,740,N/A
2017,12,28,3,30,0,0,0,0,0,0,12,125.60000000000001,0.101,0.9,2.333,88.2,99.38,9,740,N/A
2017,12,28,4,30,0,0,0,0,0,0,12,111.97,0.101,0.7000000000000001,2.262,81.80000000000001,96.96000000000001,9,740,N/A
2017,12,28,5,30,0,0,0,0,0,0,12,98.2,0.101,0.7000000000000001,2.181,80.5,94.83,9,740,N/A
2017,12,28,6,30,26,442,69,26,442,69,12,84.47,0.101,1.1,2.109,80.60000000000001,89.91,9,740,N/A
2017,12,28,7,30,52,800,313,52,800,313,12,70.94,0.101,1.6,2.045,82.10000000000001,80.75,11,740,N/A
2017,12,28,8,30,263,222,381,64,931,560,12,57.83,0.101,1.8,1.984,85.80000000000001,72.11,13,740,N/A
2017,12,28,9,30,352,347,594,71,996,768,12,45.58,0.101,1.9000000000000001,1.957,90.5,65.45,14,740,N/A
2017,12,28,10,30,447,108,536,93,997,909,12,35.160000000000004,0.101,1.8,1.98,96.7,62.34,15,740,N/A
2017,12,28,11,30,415,58,466,97,1010,983,12,28.67,0.101,1.7000000000000002,2.033,102.60000000000001,60.1,16,740,N/A
2017,12,28,12,30,412,58,464,100,1002,977,13,28.92,0.101,1.5,2.098,108.30000000000001,61.11,16,740,N/A
2017,12,28,13,30,266,19,282,120,943,885,13,35.76,0.101,1.2000000000000002,2.168,112.9,65.68,15,740,N/A
2017,12,28,14,30,114,894,731,114,894,731,13,46.35,0.101,0.9,2.237,115,70.77,14,740,N/A
2017,12,28,15,30,102,804,521,102,804,521,13,58.68,0.101,0.7000000000000001,2.2920000000000003,116.4,76.52,13,740,N/A
2017,12,28,16,30,82,619,276,82,619,276,14,71.83,0.101,0.5,2.332,125.80000000000001,83.94,12,740,N/A
2017,12,28,17,30,32,201,48,32,201,48,14,85.39,0.101,0.30000000000000004,2.368,144.5,92.67,12,740,N/A
2017,12,28,18,30,0,0,0,0,0,0,14,99.13,0.101,0.30000000000000004,2.4170000000000003,167.3,92.84,11,740,N/A
2017,12,28,19,30,0,0,0,0,0,0,14,112.89,0.101,0.4,2.485,158.5,98.58,11,740,N/A
2017,12,28,20,30,0,0,0,0,0,0,14,126.52,0.101,0.4,2.556,155.10000000000002,98.22,11,740,N/A
2017,12,28,21,30,0,0,0,0,0,0,14,139.71,0.101,0.30000000000000004,2.606,156.20000000000002,97.89,10,740,N/A
2017,12,28,22,30,0,0,0,0,0,0,14,151.72,0.101,0.30000000000000004,2.614,161.3,96.43,10,740,N/A
2017,12,28,23,30,0,0,0,0,0,0,14,160.18,0.101,0.30000000000000004,2.586,163.9,100,10,740,N/A
2017,12,29,0,30,0,0,0,0,0,0,13,159.87,0.101,0.2,2.5380000000000003,162.9,99.48,10,740,N/A
2017,12,29,1,30,0,0,0,0,0,0,13,151.08,0.101,0.2,2.487,156.9,98.13,10,740,N/A
2017,12,29,2,30,0,0,0,0,0,0,13,138.96,0.101,0.2,2.447,154.8,96.95,9,740,N/A
2017,12,29,3,30,0,0,0,0,0,0,13,125.72,0.101,0.2,2.4210000000000003,159.60000000000002,96.04,9,740,N/A
2017,12,29,4,30,0,0,0,0,0,0,13,112.08,0.101,0.2,2.4050000000000002,169.60000000000002,94.83,9,740,N/A
2017,12,29,5,30,0,0,0,0,0,0,13,98.31,0.101,0.30000000000000004,2.39,173.9,94.05,9,740,N/A
2017,12,29,6,30,24,0,24,26,430,66,13,84.58,0.101,0.5,2.379,166.3,95.25,10,740,N/A
2017,12,29,7,30,112,4,114,51,790,308,13,71.03,0.101,1,2.373,138.6,92.95,11,740,N/A
2017,12,29,8,30,259,251,393,64,918,552,13,57.910000000000004,0.101,1.3,2.368,119.5,87.41,12,740,N/A
2017,12,29,9,30,71,981,758,71,981,758,13,45.64,0.101,1.5,2.36,112.30000000000001,79.88,13,740,N/A
2017,12,29,10,30,278,19,294,76,1014,905,13,35.19,0.101,1.5,2.364,114.7,73.86,14,740,N/A
2017,12,29,11,30,440,88,518,79,1026,980,13,28.650000000000002,0.101,1.4000000000000001,2.4,117.9,69.31,14,740,N/A
2017,12,29,12,30,139,9,147,83,1019,976,13,28.830000000000002,0.101,1.2000000000000002,2.455,123.30000000000001,70.03,15,740,N/A
2017,12,29,13,30,455,217,631,88,990,893,13,35.64,0.101,0.9,2.5,129.5,75.42,14,740,N/A
2017,12,29,14,30,310,451,622,86,945,740,13,46.230000000000004,0.101,0.5,2.527,135.6,76.33,13,740,N/A
2017,12,29,15,30,74,0,74,76,875,533,14,58.56,0.101,0.2,2.537,139.9,82.83,12,740,N/A
2017,12,29,16,30,40,0,40,62,719,288,14,71.71000000000001,0.101,0.1,2.528,65,90.28,11,740,N/A
2017,12,29,17,30,7,0,7,27,322,54,14,85.27,0.101,0.1,2.496,15.200000000000001,98.18,11,740,N/A
2017,12,29,18,30,0,0,0,0,0,0,14,99.01,0.101,0.2,2.452,69.3,97.12,11,740,N/A
2017,12,29,19,30,0,0,0,0,0,0,14,112.79,0.101,0.30000000000000004,2.419,71,95.65,10,740,N/A
2017,12,29,20,30,0,0,0,0,0,0,14,126.42,0.101,0.30000000000000004,2.395,63.5,94.4,10,740,N/A
2017,12,29,21,30,0,0,0,0,0,0,13,139.63,0.101,0.30000000000000004,2.363,56.5,93.41,10,740,N/A
2017,12,29,22,30,0,0,0,0,0,0,13,151.67000000000002,0.101,0.2,2.33,46.1,98.45,10,740,N/A
2017,12,29,23,30,0,0,0,0,0,0,13,160.20000000000002,0.101,0.1,2.312,42.300000000000004,97.01,10,740,N/A
2017,12,30,0,30,0,0,0,0,0,0,13,159.98,0.101,0,2.32,57.1,95.79,10,740,N/A
2017,12,30,1,30,0,0,0,0,0,0,13,151.21,0.101,0.1,2.344,219.4,94.74,9,740,N/A
2017,12,30,2,30,0,0,0,0,0,0,13,139.08,0.101,0.2,2.373,221,100,9,740,N/A
2017,12,30,3,30,0,0,0,0,0,0,12,125.85000000000001,0.101,0.2,2.391,216.5,99.24000000000001,9,740,N/A
2017,12,30,4,30,0,0,0,0,0,0,12,112.2,0.101,0.2,2.3970000000000002,172.4,97.99000000000001,9,740,N/A
2017,12,30,5,30,0,0,0,0,0,0,12,98.42,0.101,0.2,2.395,137.9,97.08,9,740,N/A
2017,12,30,6,30,33,114,44,25,441,66,12,84.68,0.101,0.5,2.384,121.2,92.73,9,740,N/A
2017,12,30,7,30,140,197,204,50,796,308,13,71.13,0.101,0.8,2.356,109.5,90.02,10,740,N/A
2017,12,30,8,30,246,328,420,62,924,552,13,57.99,0.101,1.1,2.32,101.9,86.11,12,740,N/A
2017,12,30,9,30,372,230,533,70,988,760,13,45.7,0.101,1.2000000000000002,2.297,99.7,76.42,14,740,N/A
2017,12,30,10,30,446,107,534,89,996,903,13,35.21,0.101,1.2000000000000002,2.2840000000000003,102.2,71.19,15,740,N/A
2017,12,30,11,30,280,20,298,93,1009,979,13,28.61,0.101,1.2000000000000002,2.281,107.80000000000001,66.74,15,740,N/A
2017,12,30,12,30,273,19,290,94,1007,977,13,28.740000000000002,0.101,1.1,2.303,112.9,67.72,15,740,N/A
2017,12,30,13,30,202,15,215,121,937,884,14,35.52,0.101,1,2.344,117.60000000000001,73.10000000000001,15,740,N/A
2017,12,30,14,30,177,11,186,114,892,733,14,46.1,0.101,1,2.3930000000000002,122.60000000000001,78.41,14,740,N/A
2017,12,30,15,30,260,155,341,99,814,525,14,58.43,0.101,0.9,2.441,128.6,84.04,13,740,N/A
2017,12,30,16,30,139,139,183,77,648,282,14,71.59,0.101,0.7000000000000001,2.48,135.8,90.86,12,740,N/A
2017,12,30,17,30,30,42,34,31,254,53,14,85.15,0.101,0.4,2.507,153.3,98.55,11,740,N/A
2017,12,30,18,30,0,0,0,0,0,0,14,98.9,0.101,0.30000000000000004,2.5220000000000002,182.4,98.57000000000001,11,740,N/A
2017,12,30,19,30,0,0,0,0,0,0,14,112.68,0.101,0.30000000000000004,2.5260000000000002,178.5,97.9,11,740,N/A
2017,12,30,20,30,0,0,0,0,0,0,14,126.33,0.101,0.30000000000000004,2.525,175.4,96.99000000000001,10,740,N/A
2017,12,30,21,30,0,0,0,0,0,0,14,139.55,0.101,0.4,2.5220000000000002,166.70000000000002,100,10,740,N/A
2017,12,30,22,30,0,0,0,0,0,0,14,151.63,0.101,0.30000000000000004,2.5100000000000002,160.4,100,10,740,N/A
2017,12,30,23,30,0,0,0,0,0,0,13,160.22,0.101,0.2,2.483,163,98.3,10,740,N/A
2017,12,31,0,30,0,0,0,0,0,0,13,160.08,0.101,0.1,2.449,172.60000000000002,96.98,9,740,N/A
2017,12,31,1,30,0,0,0,0,0,0,13,151.34,0.101,0.1,2.416,206.10000000000002,95.54,9,740,N/A
2017,12,31,2,30,0,0,0,0,0,0,13,139.21,0.101,0.1,2.383,167.8,100,9,740,N/A
2017,12,31,3,30,0,0,0,0,0,0,12,125.97,0.101,0.1,2.34,94,99.13,9,740,N/A
2017,12,31,4,30,0,0,0,0,0,0,12,112.31,0.101,0.2,2.279,92.30000000000001,97.27,9,740,N/A
2017,12,31,5,30,0,0,0,0,0,0,12,98.53,0.101,0.30000000000000004,2.214,108.5,95.5,9,740,N/A
2017,12,31,6,30,24,451,65,24,451,65,12,84.78,0.101,0.6000000000000001,2.1630000000000003,108.5,91.10000000000001,10,740,N/A
2017,12,31,7,30,49,807,309,49,807,309,13,71.22,0.101,1.2000000000000002,2.141,113,84.52,11,740,N/A
2017,12,31,8,30,262,140,336,63,927,553,13,58.06,0.101,1.6,2.152,103.4,80.66,12,740,N/A
2017,12,31,9,30,366,270,555,73,983,759,13,45.75,0.101,1.7000000000000002,2.188,95.10000000000001,75.35000000000001,13,740,N/A
2017,12,31,10,30,86,1002,905,86,1002,905,13,35.230000000000004,0.101,1.7000000000000002,2.231,86.60000000000001,69.99,14,740,N/A
2017,12,31,11,30,56,0,56,89,1015,981,13,28.57,0.101,1.4000000000000001,2.2680000000000002,83.10000000000001,69.53,15,740,N/A
2017,12,31,12,30,463,69,523,89,1014,980,13,28.64,0.101,1.2000000000000002,2.302,82.60000000000001,69.74,15,740,N/A
2017,12,31,13,30,173,13,184,96,981,896,13,35.39,0.101,0.9,2.341,86.60000000000001,70.52,15,740,N/A
2017,12,31,14,30,89,944,746,89,944,746,13,45.97,0.101,0.7000000000000001,2.388,98.5,75.71000000000001,14,740,N/A
2017,12,31,15,30,25,0,25,77,877,538,13,58.300000000000004,0.101,0.5,2.437,119.9,81.62,13,740,N/A
2017,12,31,16,30,14,0,14,61,732,294,14,71.46000000000001,0.101,0.4,2.485,153.20000000000002,88.88,12,740,N/A
2017,12,31,17,30,2,0,2,27,353,58,14,85.03,0.101,0.4,2.532,180.60000000000002,97.76,11,740,N/A
2017,12,31,18,30,0,0,0,0,0,0,14,98.79,0.101,0.4,2.555,171.20000000000002,96.61,11,740,N/A
2017,12,31,19,30,0,0,0,0,0,0,14,112.56,0.1,0.4,2.451,84.30000000000001,96.52,11,740,N/A
2017,12,31,20,30,0,0,0,0,0,0,14,126.21000000000001,0.1,0.4,2.422,73.10000000000001,100,10,740,N/A
2017,12,31,21,30,0,0,0,0,0,0,13,139.46,0.1,0.4,2.384,67.60000000000001,97.04,10,740,N/A
2017,12,31,22,30,0,0,0,0,0,0,13,151.58,0.1,0.5,2.336,73.3,93.81,9,740,N/A
2017,12,31,23,30,0,0,0,0,0,0,12,160.26,0.1,0.6000000000000001,2.2800000000000002,82.60000000000001,97.57000000000001,9,740,N/A
